3000 600 300 30 -214.519 538.387 1093.52 2586.06 116.284 313.236 1460 12.925
3000 600 300 30 -210.559 630.894 1117.06 2853.72 74.3056 313.106 1464 13.036
3000 600 300 30 614.886 267.524 1015.16 2499.19 1203.5 314.007 1503 13.195
3000 600 300 30 242.112 -397.444 1071.56 2304.39 468.366 313.256 1488 13.199
3000 600 300 30 328.834 -500.614 1080.47 2576.79 28.6012 313.273 1467 13.605
3000 600 300 30 -507.349 820.466 956.505 3115.9 76.6526 313.221 1559 13.661
3000 600 300 30 496.788 -600.251 959.635 2579.88 688.527 313.432 1571 13.833
3000 600 300 30 491.863 665.811 929.455 2615.54 177.328 313.125 1586 14.022
3000 600 300 30 474.725 343.415 881.255 1890.86 502.714 313.524 1621 14.542
3000 600 300 30 576.012 507.749 591.593 1586.39 518.171 313.793 1950 17.218
3000 600 300 30 1001.62 76.201 511.452 2145.36 595.67 313.418 2081 18.047
3000 600 300 30 809.647 35.7634 899.966 2476.46 340.114 313.17 1604 14.674
3000 600 300 30 420.57 -515.456 899.07 2112.03 774.184 314.235 1594 14.455
3000 600 300 30 -531.508 267.018 1006.83 2308.91 40.1466 313.26 1531 14.637
3000 600 300 30 89.609 -499.437 948.772 1954.56 952.554 314.37 1550 14.099
3000 600 300 30 464.613 592.671 863.474 2216.39 419.729 313.202 1632 14.836
3000 600 300 30 -146.227 -564.923 1058.84 2467.89 924.771 313.671 1503 14.399
3000 600 300 30 -719.564 294.2 698.106 1843.2 375.633 313.57 1793 16.322
3000 600 300 30 -309.919 1.97663 933.034 1632.02 1966.8 316.098 1558 14.31
3000 600 300 30 533.629 370.949 1058.15 2603.58 122.624 313.195 3825 32.812
3000 600 300 30 54.6481 -739.342 619.775 1576.52 236.627 313.306 1881 16.997
3000 600 300 30 -173.072 286.573 1189.3 2577.36 236.724 313.374 1409 13.224
3000 600 300 30 -558.058 -366.593 1046.36 2601.3 195.097 313.126 1492 13.847
3000 600 300 30 644.803 -799.781 881.851 3094.98 509.346 313.291 1617 15.358
3000 600 300 30 -233.767 -220.777 988.481 1824.3 168.322 313.239 1522 14.707
3000 600 300 30 716.244 -16.0627 1050.51 2729.86 593.793 313.327 1502 13.906
3000 600 300 30 225.277 67.6522 1431.34 3552.5 175.255 313.218 1319 12.334
3000 600 300 30 -304.844 -168.145 1269.04 2923.74 313.84 313.164 1373 12.822
3000 600 300 30 -5.99272 1048.78 592.052 2449.03 188.769 313.129 1940 17.575
3000 600 300 30 -615.699 506.502 752.207 2028.53 788.236 313.798 1725 15.771
3000 600 300 30 -80.3762 -955.029 269.152 1673.18 1110.23 314.019 2737 24.06
3000 600 300 30 70.862 -571.17 1041.29 2389.99 545.249 313.823 1496 13.982
3000 600 300 30 65.5376 630.285 565.718 1218.34 398.36 313.233 1998 18.179
3000 600 300 30 644.028 -191.923 1013.29 2496.09 351.238 313.212 1518 14.065
3000 600 300 30 255.679 427.653 552.883 935.272 602.782 313.517 2003 18.124
3000 600 300 30 -581.752 -718.14 734.017 2351.85 37.1534 313.268 1765 16.632
3000 600 300 30 900.643 326.39 706.434 2392.03 617.589 313.337 1799 16.414
3000 600 300 30 -642.213 272.553 591.356 1412.23 1199.87 314.397 1938 18.186
3000 600 300 30 488.929 -526.938 1101.36 2920.46 333.815 313.523 1454 13.497
3000 600 300 30 -1037.19 -2.61322 474.562 2196.57 1219.33 314.143 2126 19.241
3000 600 300 30 -619.986 584.384 641.449 1920.3 546.066 330.045 1858 16.976
3000 600 300 30 -231.155 292.431 1289.85 3043.61 363.304 313.583 1382 12.964
3000 600 300 30 621.788 126.193 749.12 1627.16 1930.62 318.125 6945 59.809
3000 600 300 30 -152.976 331.808 724.807 1112.4 675.753 313.418 1756 16.289
3000 600 300 30 558.315 -745.942 647.208 2173.02 72.3879 313.185 1845 17.007
3000 600 300 30 378.503 -874.659 605.553 2152.7 419.347 313.237 1929 17.54
3000 600 300 30 -271.776 413.756 672.839 1178.12 2059.42 316.607 1782 16.722
3000 600 300 30 -568.016 -203.483 1093.11 2632.11 38.8813 313.125 1450 13.629
3000 600 300 30 451.103 -507.35 852.301 2004.67 558.315 313.694 1650 15.202
3000 600 300 30 353.638 -306.186 283.495 505.137 2634.93 318.735 2702 24.258
3000 600 300 30 388.206 -280.592 500.734 810.723 538.566 313.503 2089 18.862
3000 600 300 30 -357.517 375.569 753.507 1412.59 738.576 313.431 1728 15.93
3000 600 300 30 -339.71 -193.908 824.831 1407.03 2146.24 317.099 1668 15.37
3000 600 300 30 -368.974 -606.581 1010.9 2576.51 484.645 313.721 1537 14.313
3000 600 300 30 747.222 -340.829 739.42 2061.96 1160.17 315.27 1778 16.555
3000 600 300 30 -230.002 -682.394 1138.29 3063.22 572.269 313.516 1450 13.814
3000 600 300 30 -300.127 812.503 595.491 1865.43 63.9161 313.098 1926 17.498
3000 600 300 30 120.059 -930.515 982.41 3115.79 1.84411 313.192 1551 14.481
3000 600 300 30 750.524 -27.3008 673.273 1717.66 32.4315 313.12 1827 17.351
3000 600 300 30 -487.165 20.1017 1107.89 2473.79 1087.44 314.542 1469 13.573
3000 600 300 30 1044.79 157.711 1019.57 3640.16 155.933 313.114 1520 14.15
3000 600 300 30 -35.6536 743.103 909.871 2332.26 164.091 313.113 1614 15.042
3000 600 300 30 -94.5732 -7.35762 1296.45 2853.05 528.075 313.781 1367 13.046
3000 600 300 30 735.031 -31.5291 1087.33 2910.05 378.289 313.228 1475 13.679
3000 600 300 30 328.112 0.209127 1122.81 2310.33 471.016 249.859 1457 13.799
3000 600 300 30 -937.478 -393.06 1043.92 3584.69 121.172 313.141 1505 14.071
3000 600 300 30 -174.087 -247.074 1140.49 2350.36 697.651 313.386 1444 13.524
3000 600 300 30 -491.699 396.956 1264.04 3371.97 57.6156 313.106 1393 13.517
3000 600 300 30 -467.487 -595.672 1293.73 3794.02 217.259 313.164 1393 13.245
3000 600 300 30 -81.3295 375.173 1214.08 2737.51 471.192 313.744 1410 13.201
3000 600 300 30 596.117 155.28 855.858 1877.44 523.532 313.258 1632 15.191
3000 600 300 30 234.12 -156.931 1155.02 2386.57 549.934 313.812 1452 13.703
3000 600 300 30 125.958 267.153 1016.84 1893.04 130.164 313.284 1523 14.191
3000 600 300 30 469.121 -600.268 554.896 1499.82 1424.11 314.809 1995 18.723
3000 600 300 30 185.947 631.086 1266.32 3438.31 60.6377 313.233 1375 12.939
3000 600 300 30 686.847 -54.7751 1064.75 2715.72 699.988 313.417 1504 14.246
3000 600 300 30 85.3224 -275.699 1037.72 1958.82 453.316 313.247 1516 14.21
3000 600 300 30 459.947 -779.428 380.805 1627.75 25.1369 313.141 4401 38.41
3000 600 300 30 -294.517 934.326 752.983 2577.67 55.182 313.188 1757 16.382
3000 600 300 30 519.877 198.585 1106.49 2590.07 521.892 313.337 1464 13.905
3000 600 300 30 93.1083 -145.855 1109.25 2128.02 761.627 313.627 1442 13.81
3000 600 300 30 -107.47 919.682 775.936 2464.13 105.525 313.103 1727 15.955
3000 600 300 30 -803.191 -288.917 935.572 2708.01 280.115 313.15 1577 14.761
3000 600 300 30 340.376 288.724 1269.43 3057.15 567.2 313.443 1379 12.936
3000 600 300 30 -95.3579 453.848 1215.94 2859.45 559.072 313.881 1396 13.383
3000 600 300 30 831.263 67.5993 816.242 2299.3 330.607 313.233 1677 15.965
3000 600 300 30 445.251 -353.782 598.826 1151.5 1209.22 315.214 6989 60.97
3000 600 300 30 -336.452 163.805 971.115 1828.71 1022.53 314.091 1541 14.502
3000 600 300 30 -73.9497 746.796 569.733 1498.91 1360.43 409.064 11723 100.608
3000 600 300 30 315.4 -223.46 346.578 455.072 379.265 313.567 8204 70.87
3000 600 300 30 -499.641 548.738 698.54 1753.77 160.66 313.215 1802 16.516
3000 600 300 30 -462.729 -223.934 1223.79 2974.85 729.07 314.115 1411 13.582
3000 600 300 30 -320.234 -426.369 1001.02 2171.94 368.932 313.186 1520 14.593
3000 600 300 30 189.312 -65.2653 947.816 1584.49 618.239 313.737 1540 14.508
3000 600 300 30 -585.029 -288.736 1173.89 3045.27 270.309 327.207 1430 13.515
3000 600 300 30 -226.801 -160.551 792.635 1191.15 290.198 313.166 4121 36.417
3000 600 300 30 623.576 316.705 1240.36 3423.49 296.356 313.27 1413 13.274
3000 600 300 30 196.283 251.443 639.654 862.619 2724.02 319.729 1851 17.091
3000 600 300 30 -100.728 609.354 917.692 2065.96 139.729 313.104 1591 14.729
3000 600 300 30 29.304 931.169 549.256 1974.79 835.506 314.419 4314 38.106
3000 600 300 30 511.159 960.757 427.823 2308.68 32.7777 313.325 7450 64.927
3000 600 300 30 -547.212 -148.01 1126.02 2683.32 91.6023 313.283 1483 13.943
3000 600 300 30 774.388 -609.125 677.27 2413.41 155.323 313.236 1835 17.162
3000 600 300 30 121.175 -90.4982 1116.21 2142.25 437.923 313.204 1463 13.799
3000 600 300 30 836.756 -450.862 658.78 2258.12 308.121 313.173 1840 17.135
3000 600 300 30 748.515 140.495 939.63 2470 794.202 313.591 1576 14.738
3000 600 300 30 388.748 577.189 864.533 2079.59 350.531 313.207 1641 15.231
3000 600 300 30 306.317 562.036 590.097 1279.69 3172.36 321.573 1894 17.438
3000 600 300 30 924.885 -188.315 1173.6 3829.68 2.53509 313.166 1427 13.502
3000 600 300 30 630.114 432.477 616.73 1628.36 647.764 313.558 1904 17.458
3000 600 300 30 -231.433 -221.497 1269.67 2895.07 146.458 313.288 1395 13.271
3000 600 300 30 423.499 -595.242 161.734 945.206 1901.19 317.543 3365 30.801
3000 600 300 30 -903.246 -280.054 966.92 3088.46 50.1974 313.108 1577 14.777
3000 600 300 30 -42.6234 -444.345 1207.5 2798.23 944.572 314.385 1412 13.349
3000 600 300 30 467.157 -480.903 1301.49 3618.91 248.607 313.44 1352 12.837
3000 600 300 30 462.935 -413.029 289.411 791.29 323.641 313.535 2702 24.571
3000 600 300 30 199.947 -335.762 1238.78 2848.82 530.827 313.56 1384 13.203
3000 600 300 30 563.437 468.613 409.553 1189.98 1882.18 315.83 2293 20.713
3000 600 300 30 17.9376 633.469 1193.33 3082.42 31.7135 313.237 1433 13.923
3000 600 300 30 250.422 559.35 1094.66 2657.32 255.306 313.322 1441 13.684
3000 600 300 30 435.718 180.461 577.684 938.981 1752.89 317.333 1976 18.183
3000 600 300 30 839.55 737.945 1074.6 4059.22 3.82321 313.307 1468 13.773
3000 600 300 30 -442.908 277.484 973.324 2060.74 46.3613 313.18 1551 14.489
3000 600 300 30 -326.048 1030.73 448.224 2312.48 114.952 313.249 4048 35.684
3000 600 300 30 775.805 832.591 778.697 3210.42 185.508 313.118 1719 16.186
3000 600 300 30 -176.524 -79.2889 702.082 895.474 345.832 313.351 1782 16.579
3000 600 300 30 -610.357 -653.261 1103.79 3406.58 80.9231 313.191 1459 13.673
3000 600 300 30 -298.472 -63.0665 1015.44 1898.07 13.7934 220.481 1508 14.201
3000 600 300 30 -137.094 889.598 720.327 2243.98 351.215 313.566 1780 17.003
3000 600 300 30 -463.773 564.382 892.562 2246.05 186.948 313.393 1596 14.875
3000 600 300 30 282.633 -316.789 1213.45 2790.42 506.908 313.417 1393 13.281
3000 600 300 30 -835.489 124.36 732.635 2110.95 631.895 313.744 1767 16.415
3000 600 300 30 -481.285 586.315 863.271 2229.77 483.308 313.456 1640 15.448
3000 600 300 30 242.229 229.47 724.146 1073.35 168.506 313.214 1772 16.755
3000 600 300 30 233.366 -316.427 720.437 1137.33 589.324 285.348 1772 16.465
3000 600 300 30 572.692 -669.234 737.741 2228.89 8.95544 313.174 1764 14.65
3000 600 300 30 -495.755 -568.759 970.626 2551.81 241.883 313.208 1560 14.575
3000 600 300 30 -219.483 104.089 1003.57 1800.13 649.822 313.347 1519 7.824
3000 600 300 30 126.212 234.673 972.829 1717.78 92.6007 313.34 1539 13.048
3000 600 300 30 -478.534 -757.015 837.786 2539.28 110.467 288.829 1668 14.595
3000 600 300 30 -630.843 24.5412 915.223 2087.21 5.231 313.231 1566 14.553
3000 600 300 30 -688.614 51.1538 999.232 2490.86 493.389 313.273 1545 14.341
3000 600 300 30 -297.309 -337.701 938.74 1829.67 561.703 313.307 1574 8.585
3000 600 300 30 190.875 33.7017 763.371 1047.32 1644.18 316.185 1732 9.344
3000 600 300 30 -447.718 825.14 379.039 1730.58 212.073 313.397 2404 21.64
3000 600 300 30 311.726 254.652 1226.76 2814.49 509.555 313.284 1406 13.149
3000 600 300 30 121.066 -388.579 1023.14 2047.13 87.3936 313.152 1536 7.707
3000 600 300 30 173.521 -415.837 835.131 1520.36 1710.49 315.411 1641 15.154
3000 600 300 30 33.6402 475.405 1191.55 2780.71 839.729 530.547 1419 7.182
3000 600 300 30 -285.445 -631.31 1178.27 3154.54 587.809 313.454 1414 13.141
3000 600 300 30 -425.349 -587.185 1184.4 3256.1 52.968 313.248 1418 13.256
3000 600 300 30 499.588 79.6267 1109.97 2512.28 91.3989 313.118 1477 12.758
3000 600 300 30 -404.411 182.738 937.505 1816.48 61.8395 313.151 1572 14.642
3000 600 300 30 5.6981 308.801 227.478 248.427 938.679 313.875 24249 193.827
3000 600 300 30 -784.612 282.068 645.014 1876.19 1685.47 316.885 9282 44.007
3000 600 300 30 920.536 -382.436 629.399 2346.52 261.775 313.369 1909 13.016
3000 600 300 30 505.776 443.138 1307.11 3648.18 18.5131 313.178 1370 6.863
3000 600 300 30 247.049 -411.774 1049.37 2248.58 524.059 313.281 1503 7.519
3000 600 300 30 -99.2372 66.8763 301.214 177.368 1858.51 316.141 16402 102.592
3000 600 300 30 203.652 -969.559 713.983 2517.9 53.6824 313.125 1797 16.229
3000 600 300 30 -383.263 -314.978 1122.29 2542.11 126.637 313.115 1472 7.186
3000 600 300 30 677.983 497.525 576.083 1754.36 1077.98 314.813 1947 9.502
3000 600 300 30 279.824 -177.32 1056.01 2068.13 597.743 313.335 1504 7.367
3000 600 300 30 181.281 -211.848 606.903 753.153 1269.55 315.504 20854 128.04
3000 600 300 30 -115.726 398.274 983.826 1924.66 358.944 313.193 1547 14.161
3000 600 300 30 343.184 495.214 804.421 1705.47 676.316 314.118 1680 8.266
3000 600 300 30 537.683 280.215 145.89 656.632 166.633 313.394 11078 57.013
3000 600 300 30 713.901 -81.3538 1078.76 2836.52 1137.82 314.064 1489 7.869
3000 600 300 30 -843.417 -161.379 595.013 1842.79 583.302 313.918 1949 9.975
3000 600 300 30 -161.484 -73.4311 1081.56 2028.17 377.525 313.204 1474 7.345
3000 600 300 30 -409.908 673.154 1047.08 2899.89 442.245 313.238 1489 7.68
3000 600 300 30 26.384 339.338 1238.03 2783.43 744.451 313.703 1385 6.818
3000 600 300 30 -74.0382 540.857 777.622 1524.13 735.061 313.773 1691 8.127
3000 600 300 30 -317.139 -368.748 661.886 1139.08 43.0324 313.306 1823 8.477
3000 600 300 30 -188.237 -310.198 626.768 885.559 1290.65 314.498 4490 20.544
3000 600 300 30 -656.757 -124.803 76.7205 764.497 435.909 317.165 4314 19.792
3000 600 300 30 603.333 143.546 859.561 1896.86 520.703 362.307 1617 7.202
3000 600 300 30 72.8962 -411.333 1293.32 3118.78 52.8087 313.243 1362 6.009
3000 600 300 30 380.396 344.701 986.636 2088.51 1012.94 313.808 1557 6.709
3000 600 300 30 231.358 364.534 458.649 669.909 1378.04 904.139 5261 21.138
3000 600 300 30 -31.8523 111.109 423.99 326.077 172.618 313.136 54825 393.11
3000 600 300 30 -62.9837 -194.887 592.453 663.456 2543.02 318.951 1936 8.039
3000 600 300 30 651.761 -446.79 1022.19 2818.45 963.558 313.948 1527 6.322
3000 600 300 30 -628.96 725.669 499.267 1977.89 135.471 313.09 2103 8.413
3000 600 300 30 -717.493 302.537 1061.74 2927.04 78.4418 313.341 1496 6.217
3000 600 300 30 -456.216 313.289 837.193 1700.52 1185.42 314.641 1625 6.74
3000 600 300 30 656.347 -391.984 1091.76 2999.26 43.2168 313.091 1471 6.132
3000 600 300 30 -283.181 831.611 885.899 2628.15 765.828 313.477 1617 6.686
3000 600 300 30 364.923 -554.201 404.738 1020 303.379 313.529 50916 265.601
3000 600 300 30 -120.128 315.624 368.491 421.822 2860.48 322.834 2410 9.748
3000 600 300 30 412.571 536.612 978.927 2391.57 526.347 313.552 1550 6.548
3000 600 300 30 286.694 403.619 1171.12 2729.53 304.316 313.177 1444 5.992
3000 600 300 30 129.791 848.851 708.521 2092.6 362.232 313.207 1771 7.323
3000 600 300 30 -245.879 -459.175 793.118 1520.13 949.278 313.719 1685 6.854
3000 600 300 30 -207.495 2.1946 1202.6 2514.53 407.731 313.392 1413 5.721
3000 600 300 30 661.879 -426.318 1239.73 3641.51 99.3999 313.217 3072 11.837
3000 600 300 30 869.092 435.313 691.967 2403.68 172.828 315.253 1822 7.248
3000 600 300 30 -129.833 -248.137 518.835 586.921 238.418 313.449 2064 8.128
3000 600 300 30 -541.341 -394.537 436.313 1079.02 253.624 313.401 2233 8.726
3000 600 300 30 174.965 497.102 574.278 1025.74 385.545 313.559 14777 54.835
