7000 600 300 15 393.597 -279.115 1994.18 7107.46 744.691 313.249 904 8.364
7000 600 300 15 213.786 -12.6275 1942.87 6450.76 907.144 314.458 914 8.788
7000 600 300 15 -119.596 207.906 1945.07 6484.86 693.98 313.581 915 9.146
7000 600 300 15 -679.925 142.966 2068.77 8041.1 368.359 312.607 896 9.308
7000 600 300 15 845.915 -208.38 1827.59 6920.89 560.238 313.236 947 9.353
7000 600 300 15 -158.003 -184.936 1607.8 4464.46 210.202 313.158 988 9.619
7000 600 300 15 -16.8229 695.729 1369.25 3983.22 1830.17 316.432 1072 9.687
7000 600 300 15 -867.721 208.701 1681.94 6121.16 140.753 312.447 974 9.86
7000 600 300 15 -233.268 430.95 1472.97 4068.69 774.35 314.946 1032 10.215
7000 600 300 15 -411.973 -255.848 1464.55 4018.57 1763.05 314.153 1030 10.238
7000 600 300 15 -608.799 953.704 1448.82 5705.57 506.184 310.498 1037 10.271
7000 600 300 15 -394.358 731.212 1133.94 3336.3 359.359 313.269 1195 11.87
7000 600 300 15 652.382 404.33 1196.33 3411.08 527.792 313.553 1136 10.626
7000 600 300 15 178.148 453.742 1857.26 6225.22 462.875 313.672 934 10.266
7000 600 300 15 26.4116 285.081 1632.29 4636.94 326.434 314.316 985 9.441
7000 600 300 15 -197.352 -298.904 2141.39 7958.86 295.113 313.452 872 9.784
7000 600 300 15 76.4567 -154.115 1248.24 2680.69 431.999 249.764 1120 11.036
7000 600 300 15 603.173 255.171 1331.19 3716.16 120.686 313.939 1075 10.733
7000 600 300 15 -48.7496 -169.421 1827.95 5694.11 157.541 312.927 924 10.441
7000 600 300 15 469.773 693 1259.72 3862.78 1889.04 315.343 1118 11.941
7000 600 300 15 -44.5021 -52.0246 1937.41 6345.44 444.639 313.777 909 9.403
7000 600 300 15 407.693 723.174 952.635 2695.89 448.022 313.488 1297 13.158
7000 600 300 15 -333.905 -528.351 1089.77 2664.73 283.9 313.374 1228 13.196
7000 600 300 15 629.097 -102.553 1794.66 6123.97 571.063 314.592 941 9.247
7000 600 300 15 296.842 -537.074 1589.57 4901.93 508.955 313.273 1017 10.071
7000 600 300 15 -299.41 85.5186 1617.39 4580.47 500.247 315.248 988 10.515
7000 600 300 15 -212.726 279.629 1185.63 2581.86 429.407 313.252 1151 11.072
7000 600 300 15 -151.597 500.235 1544.92 4491.13 371.195 314.276 1011 10.257
7000 600 300 15 232.895 1012.61 386.037 2074.44 3397.73 322.792 2105 20.879
7000 600 300 15 -803.916 -123.454 1444.88 4641.79 285.984 313.493 1052 10.532
7000 600 300 15 -76.9379 -90.5206 1682.72 4804.63 462.074 313.847 972 10.037
7000 600 300 15 67.1097 477.722 1463.74 4010.41 295.907 313.512 1027 10.465
7000 600 300 15 76.8242 -560.756 1368.63 3703.51 299.165 313.435 1078 11.393
7000 600 300 15 -117.004 82.7383 1375.27 3228.08 583.583 314.372 1069 11.013
7000 600 300 15 -587.835 -242.363 1400.34 3993.5 212.957 313.246 1058 11.139
7000 600 300 15 -577.1 -206.586 1644.39 5199.86 626.911 313.493 982 10.17
7000 600 300 15 286.616 -792.096 1930.65 7491.43 161.745 313.229 927 9.408
7000 600 300 15 112.845 -155.127 1524.31 3985.16 745.997 313.294 1024 10.978
7000 600 300 15 365.766 305.01 1619.86 4813.27 173.211 312.977 994 10.191
7000 600 300 15 1295.19 -85.5273 1333.6 5847.5 1033.11 314.294 1087 11.406
7000 600 300 15 693.897 347.041 1547.12 5057.62 682.375 314.474 1025 10.672
7000 600 300 15 822.114 -335.054 1663.44 6002.59 835.763 316.924 970 10.24
7000 600 300 15 433.75 -847.607 984.038 3165.61 269.658 299.258 1269 13.415
7000 600 300 15 251.037 872.349 1218.82 3899.43 402.498 313.661 1138 11.707
7000 600 300 15 82.224 -883.772 1291.96 4148.38 401.47 313.513 1115 11.371
7000 600 300 15 758.957 56.3075 1687.37 5785.16 768.166 314.107 969 9.994
7000 600 300 15 742.182 -595.792 1699.64 6406.77 905.229 313.463 968 9.896
7000 600 300 15 472.337 470.038 1802.39 6234.68 170.804 313.256 947 9.578
7000 600 300 15 -221.977 39.6196 1383.57 3317.9 1107.79 757.381 1070 10.854
7000 600 300 15 1008.23 -310.45 1564.58 6012.1 337.899 312.239 1007 10.157
7000 600 300 15 135.357 43.8482 1824.29 5653.23 931.478 313.445 948 9.604
7000 600 300 15 127.858 311.877 1795.83 5636.92 210.861 313.259 945 9.671
7000 600 300 15 -622.944 142.935 1225.54 3225.6 454.717 312.453 1124 11.299
7000 600 300 15 907.525 -400.801 1567.7 5811.38 229.261 313.627 1010 10.256
7000 600 300 15 -179.736 -427.803 1819.48 5953.05 1147.04 316.629 928 9.316
7000 600 300 15 -464.453 -758.329 1691.99 6168.79 216.748 313.045 971 9.834
7000 600 300 15 624.621 -382.803 1709.17 5838.43 1571.1 314.727 964 9.727
7000 600 300 15 584.009 681.563 1667.61 6055.5 1.38232 312.925 979 10.012
7000 600 300 15 -137.669 517.238 1181.66 2841.27 322.103 313.8 1133 11.519
7000 600 300 15 -245.463 -301.797 1590.95 4529.08 671.934 313.858 1004 10.024
7000 600 300 15 -19.7538 -281.259 1634.46 4644.71 352.829 314.663 976 10.154
7000 600 300 15 289.595 164.409 1929.33 6471.99 206.5 313.155 918 9.403
7000 600 300 15 -132.654 632.962 1345.06 3760.81 356.828 312.54 1075 10.938
7000 600 300 15 -18.7242 90.5953 1750.07 5185.58 1431.22 314.741 961 10.022
7000 600 300 15 572.896 423.556 1643.11 5415.4 358.725 313.87 967 10.068
7000 600 300 15 -897.569 -62.6652 1542.45 5383.82 423.104 313.215 1018 10.807
7000 600 300 15 209.095 -1066.1 1361.05 5120.53 710.034 313.583 1079 10.958
7000 600 300 15 668.097 -715.783 1673.37 6346.5 407.169 314.172 977 9.83
7000 600 300 15 450.289 -914.209 1127.79 3900.98 424.937 312.503 1180 12.154
7000 600 300 15 557.193 628.19 1646.54 5767.89 500.719 312.846 985 10.402
7000 600 300 15 -476.759 813.864 1266.81 4211.72 458.48 313.076 1118 11.836
7000 600 300 15 -215.049 591.126 1863.62 6532.06 237.994 312.006 927 9.827
7000 600 300 15 -309.4 296.005 1558.77 4411.99 238.875 312.805 1004 10.178
7000 600 300 15 64.723 -637.494 1642.57 5248.61 470.833 286.488 972 9.872
7000 600 300 15 679.349 -130.49 1832.57 6478.17 491.741 315.812 928 9.531
7000 600 300 15 694.533 -127.696 1693.94 5686.73 618.37 313.812 986 10.124
7000 600 300 15 -189.293 -251.358 1643.66 4728.61 1023.55 313.853 983 9.95
7000 600 300 15 -178.909 84.8978 1022.58 1831.73 2848.35 318.727 1231 12.649
7000 600 300 15 -552.201 -235.821 1575.35 4798.91 117.65 314.441 978 10.228
7000 600 300 15 4.71973 -894.5 1510.43 5202.92 81.3511 312.75 1025 10.961
7000 600 300 15 297.184 804.716 1811.36 6782.16 981.253 313.863 951 9.887
7000 600 300 15 209.597 602.309 854.064 1918.25 3811.72 326.864 1367 13.742
7000 600 300 15 708.605 -214.875 1507.68 4763.63 267.594 312.251 1004 10.635
7000 600 300 15 362.41 538.207 1634.59 5222.08 236.815 301.532 990 10.445
7000 600 300 15 152.603 -180.784 1450.19 3645.3 678.984 314.862 1043 10.665
7000 600 300 15 442.7 -860.48 1682.88 6362.74 450.087 315.103 956 9.986
7000 600 300 15 234.003 -375.831 1586.19 4578.99 605.486 314.671 997 10.527
7000 600 300 15 -792.624 -430.059 1747.73 6530.33 76.8801 313.12 956 10.391
7000 600 300 15 489.333 655.874 1602.07 5464.08 418.883 314.039 1001 10.793
7000 600 300 15 -658.136 830.904 1624.37 6352 245.511 313.046 988 10.808
7000 600 300 15 127.005 182.947 1733.32 5156.37 476.019 315.223 963 10.414
7000 600 300 15 295.16 391.71 1648.79 4996.08 456.36 314.143 970 10.347
7000 600 300 15 767.862 655.309 1550.86 5781.48 360.829 314.023 1013 11.024
7000 600 300 15 -899.385 99.437 1347.91 4450.02 377.813 312.971 1090 12.311
7000 600 300 15 499.162 576.417 1511.04 4836.69 1329.01 315.221 1025 10.876
7000 600 300 15 -395.239 104.317 1824.59 5903.06 713.691 314.412 939 9.728
7000 600 300 15 -693.165 -159.592 1928.62 7134.42 563.975 314.083 916 9.703
7000 600 300 15 -948.487 30.789 958.901 3073.01 2421.56 318.271 1284 12.6
7000 600 300 15 434.295 -376.591 1775.94 5883.09 367.649 312.247 930 9.901
7000 600 300 15 -377.646 -217.456 1161.02 2596.55 978.353 314.774 1169 12.221
7000 600 300 15 429.213 -227.108 1805.79 5903.83 454.153 313.577 932 10.119
7000 600 300 15 1175.92 258.901 659.169 3181.52 759.776 313.306 1603 15.999
7000 600 300 15 332.601 -616.404 1686.9 5632.9 683.254 313.337 960 10.522
7000 600 300 15 259.224 354.402 1400.96 3639.35 1827.17 315.85 1064 11.328
7000 600 300 15 229.477 -351.865 1742.76 5425.98 584.16 313.2 949 9.819
7000 600 300 15 -375.265 708.633 1597.57 5394.8 544.456 313.273 995 10.76
7000 600 300 15 -716.438 488.693 1097.56 3303.79 142.367 313.366 1197 12.221
7000 600 300 15 -255.567 -318.01 1350.58 3360.77 696.995 313.954 1062 11.391
7000 600 300 15 735.712 -1.10973 1660.16 5567.35 348.697 313.482 967 10.107
7000 600 300 15 215.371 -691.016 1662.2 5549.43 609.857 315.216 978 10.403
7000 600 300 15 47.3834 496.873 1586.31 4669.29 948.902 314.266 986 10.375
7000 600 300 15 527.441 -508.301 881.294 2217.29 513.644 313.39 1361 13.742
7000 600 300 15 323.43 -868.679 1823.78 7066.65 722.767 313.544 936 10.467
7000 600 300 15 599.946 -367.761 1352.81 3925.99 888.997 313.058 1065 10.477
7000 600 300 15 -441.434 760.553 1506.1 5135.52 1205.27 315.211 1014 10.841
7000 600 300 15 36.546 -644.614 1553.12 4776.59 1999.32 316.583 1007 10.573
7000 600 300 15 437.242 437.694 1631.59 5140.92 57.187 312.111 982 10.059
7000 600 300 15 -841.554 -100.051 1627.11 5682.67 1439.12 315.843 986 10.309
7000 600 300 15 541.125 -947.855 964.972 3583.5 492.673 313.484 1281 12.607
7000 600 300 15 -146.565 -60.744 1902.25 6152.1 653.781 314.672 914 9.656
7000 600 300 15 -100.505 1045.01 1226.58 4401.08 465.927 313.428 1139 11.698
7000 600 300 15 -396.255 260.064 1840.36 6097.82 140.308 313.251 941 10.281
7000 600 300 15 208.858 231.489 1674.93 4900.79 635.899 314.22 974 10.14
7000 600 300 15 -596.313 -683.311 1733.85 6464.49 833.653 314.185 952 10.249
7000 600 300 15 262.264 -360.172 1484.44 4055.68 917.602 315.914 1033 10.793
7000 600 300 15 856.767 616.198 1552.16 5948.15 307.207 312.317 1019 10.99
7000 600 300 15 54.6218 403.755 1572.43 4454.9 872.905 313.5 1004 10.911
7000 600 300 15 -45.4912 478.711 1424.56 3816.84 350.705 297.005 1046 11.241
7000 600 300 15 -162.959 -412.522 1504.68 4154.79 640.685 345.396 1028 11.002
7000 600 300 15 -719.002 560.688 1413.28 4775.98 1277.89 315.138 1048 11.209
7000 600 300 15 241.811 -846.112 1318.62 4243.19 2471.91 320.857 1109 11.678
7000 600 300 15 -480.826 -735.878 1404.98 4637.51 692.325 314.413 1055 11.818
7000 600 300 15 -325.148 127.467 1739.09 5312.4 665.778 313.481 974 10.712
7000 600 300 15 718.282 -83.5527 1564.17 5013.76 1083.09 313.314 1004 11.168
7000 600 300 15 891.364 -207.758 1506.56 5246.6 497.484 312.628 1020 11.321
7000 600 300 15 761.602 381.689 1427.22 4664.54 143.479 313.252 1049 11.596
7000 600 300 15 -22.3261 -652.333 1710.91 5661.65 573.062 313.468 969 11.259
7000 600 300 15 1235.82 -169.062 1321.21 5574.19 286.866 312.865 1096 11.531
7000 600 300 15 192.43 42.6115 1616.45 4477.24 1151.54 313.937 977 10.725
7000 600 300 15 -732.114 882.962 1238.99 4813.14 442.606 313.021 1119 12.432
7000 600 300 15 -709.238 587.008 1590.63 5702.93 426.089 313.714 999 11.266
7000 600 300 15 -34.1421 -657.458 1467.98 4370.26 606.433 314.834 1048 11.083
7000 600 300 15 -127.069 101.574 1478.99 3737.91 1703.83 315.12 1031 11.476
7000 600 300 15 -701.408 -651.97 1592.9 5832.36 471.014 313.639 1000 10.984
7000 600 300 15 62.5748 -1054.99 1511.58 5743.62 1264.15 315.49 1041 10.602
7000 600 300 15 -205.578 437.43 1765.6 5657.74 804.722 313.732 949 10.934
7000 600 300 15 -118.879 271.906 1466.74 3781.01 743.867 313.63 1032 10.783
7000 600 300 15 -632.821 441.065 1581.75 5228.88 63.7073 295.623 993 10.241
7000 600 300 15 793.448 -341.873 1470.85 4912.98 468.725 313.204 1050 10.49
7000 600 300 15 -501.776 472.686 1470.26 4452.11 1406.06 315.738 1039 11.645
7000 600 300 15 -220.935 -735.896 1425.1 4425.77 1829.51 315.967 1050 10.651
7000 600 300 15 729.242 -514.931 1185.65 3719.07 2968.87 323.044 1168 11.642
7000 600 300 15 270.91 1063.18 1549.11 6084.15 244.016 313.253 1009 10.57
7000 600 300 15 -37.1007 687.906 1463.04 4415.32 1488.6 314.987 1033 11.042
7000 600 300 15 -201.075 -1226.4 1007.07 4320.08 423.223 313.199 1264 13.061
7000 600 300 15 -524.69 535.64 1567.96 5100.2 923.569 313.973 1023 10.593
7000 600 300 15 8.28824 157.636 1450.78 3595.75 36.0377 312.518 1017 10.444
7000 600 300 15 -758.625 713.508 1334.64 4838.73 276.323 313.395 1097 11.49
7000 600 300 15 -32.6365 -18.9902 1703.51 4902.08 2178.71 318.874 968 9.855
7000 600 300 15 552.625 333.6 1879.63 6668.69 527.063 313.395 933 9.604
7000 600 300 15 -6.86212 212.912 1433.9 3548.08 405.212 313.26 1050 10.657
7000 600 300 15 134.814 232.643 1857.15 5945.39 691.17 313.783 938 9.752
7000 600 300 15 -326.911 -377.229 1690.55 5246.1 507.644 313.262 976 10.152
7000 600 300 15 -623.011 132.681 1751.78 5866.31 6.54789 313.429 956 9.754
7000 600 300 15 -683.566 537.852 1307.38 4163.24 400.896 314.586 1072 11
7000 600 300 15 -106.109 208.192 1671.82 4811.23 526.708 312.623 966 10.402
7000 600 300 15 -374.096 158.025 1248.43 2909.96 642.783 312.56 1119 11.276
7000 600 300 15 326.474 726.69 1770.04 6361.39 837.782 313.527 950 10.482
7000 600 300 15 811.451 302.878 1783.39 6636.57 153.356 312.851 933 10.204
7000 600 300 15 -534.213 -743.607 1589.6 5681.77 969.227 313.052 1002 10.372
7000 600 300 15 663.439 -837.57 1439.74 5427.41 731.816 313.275 1047 11.263
7000 600 300 15 425.288 767.879 1439.31 4798.65 245.367 313.573 1054 11.664
7000 600 300 15 -629.104 424.527 1626.63 5439.91 571.956 313.705 987 8.839
7000 600 300 15 56.73 -46.409 1990.46 6698.41 945.563 313.578 909 9.916
7000 600 300 15 -357.156 -626.083 1777.46 6211.5 487.85 312.265 953 10.647
7000 600 300 15 638.857 419.123 1597.92 5296.8 347.449 313.912 981 10.508
7000 600 300 15 656.31 -789.7 1429.26 5229.25 389.658 299.115 1057 10.976
7000 600 300 15 291.134 -529.161 1488.99 4359.21 197.161 312.786 1026 10.764
7000 600 300 15 -720.145 -51.3042 1609.97 5256.42 501.544 313.372 994 10.36
7000 600 300 15 -476.27 -495.801 1364.72 3942.61 2449.03 318.386 1086 11.157
7000 600 300 15 -233.799 563.597 1210.02 3100.67 788.572 314.008 1147 12.056
7000 600 300 15 716.545 152.566 1537.83 4899.14 215.796 312.491 1015 10.665
7000 600 300 15 -904.261 -193.13 1369.53 4610.36 1600.08 315.408 1077 11.192
7000 600 300 15 150.368 88.8657 1771.07 5347.53 1137.13 311.565 934 10.721
7000 600 300 15 1.35538 223.98 1510.14 3935.13 1463.87 316.228 1010 10.859
7000 600 300 15 106.647 102.637 1357.45 3148.16 368.199 313.392 1086 11.416
7000 600 300 15 -220.028 -643.732 1605.95 5135.95 588.822 338.433 991 10.593
7000 600 300 15 543.471 -388.581 1728.93 5800.62 524.484 313.914 955 8.66
7000 600 300 15 460.656 -99.2132 1467.31 4010.03 708.199 313.843 1036 9.515
7000 600 300 15 -237.165 151.282 1740.57 5248.78 428.018 313.363 973 9.595
7000 600 300 15 357.976 689.246 1675.32 5757.31 117.461 313.177 991 8.2
7000 600 300 15 -538.584 425.014 1393.5 4073.36 133.693 313.139 1057 7.29
7000 600 300 15 206.468 -673.74 1728.38 5882.15 250.069 313.304 953 7.324
7000 600 300 15 589.918 -64.2321 1308.42 3485.03 2045.36 317.274 1100 8.136
7000 600 300 15 1169.77 -174.856 595.928 2961.56 3921.83 327.855 4345 22.839
7000 600 300 15 979.096 487.366 1627.02 6489.15 135.73 313.224 995 4.396
7000 600 300 15 181.882 125.617 538.241 571.633 4056.79 328.483 16458 85.758
7000 600 300 15 -339.899 28.2131 1744.83 5336.65 1822.23 315.791 960 4.127
7000 600 300 15 -480.27 551.309 1699.37 5778.5 195.798 312.931 979 4.164
7000 600 300 15 489.367 29.9501 1983.72 7049.97 699.939 314.011 915 3.924
