10.9567 18.543 34.018 10.6826 18.6571 32.982 587.746 929.682 -2024.94 -215.577 56.4142 -1908.61 
22.833 21.7251 33.1141 22.2213 21.287 33.8859 -118.439 -549.587 -2369.65 727.25 -310.788 -1563.89 
21.7529 12.2772 34.034 21.7004 12.4123 32.966 -751.748 665.132 -1886.7 -272.017 -414.531 -2046.85 
30.0867 4.56874 32.9687 29.9175 4.50516 34.0313 -1006.21 142.122 -2066.27 129.985 443.641 -1867.28 
26.621 27.5113 34.0333 26.7743 27.4908 32.9667 862.377 137.964 -1914.76 25.9309 -705.242 -2018.78 
23.6573 3.06759 32.9897 23.7752 2.74179 34.0103 -322.065 -872.479 -2155.93 -521.401 240.449 -1777.62 
1.87591 26.0869 33.0576 1.70038 25.4972 33.9424 -273.054 477.443 -2046.77 903.274 367.377 -1886.78 
3.93565 32.0844 33.0312 3.46725 32.3356 33.9688 -568.684 806.347 -2259.09 280.432 207.462 -1674.46 
21.7029 26.1183 33.1243 22.1121 25.4629 33.8757 -978.161 272.778 -1668.45 53.2728 232.671 -2265.1 
26.1344 12.6977 34.0284 26.3338 12.6258 32.9716 -533.697 868.356 -2023.33 -357.317 -305.338 -1910.22 
28.1085 29.7723 32.968 28.0508 29.6108 34.032 62.9471 78.2914 -1923.55 -1116.9 -69.8226 -2010 
2.90974 12.3871 34.0366 2.87574 12.2944 32.9634 -558.172 -77.4679 -1912.65 -0.90782 970.959 -2020.9 
8.03076 29.2771 34.015 8.27761 29.4763 32.985 494.602 -555.383 -2087.11 557.941 610.604 -1846.44 
32.7166 24.4714 33.0117 33.1089 24.2395 33.9883 -856.607 548.393 -1727.75 -167.439 -298.939 -2205.8 
27.31 20.1418 32.9724 27.106 20.0605 34.0276 248.724 -72.4977 -1988.55 8.78795 1094.55 -1945 
21.5766 7.11591 34.0369 21.5293 7.19477 32.9631 146.88 -483.757 -2004.35 -993.481 -144.067 -1929.2 
9.32165 1.68541 34.0384 9.36589 1.67182 32.9616 -15.8541 181.55 -1951.25 -984.885 -512.333 -1982.3 
17.8911 22.2141 34.0183 18.079 22.442 32.9817 362.636 1016.04 -1805.26 -222.133 28.5426 -2128.29 
25.989 8.56866 33.0179 26.4672 8.62689 33.9821 44.409 -63.1532 -2224.59 -943.636 -486.653 -1708.96 
2.2454 1.68927 33.8553 2.80703 1.10509 33.1447 -452.739 780.032 -2414.98 86.8517 208.413 -1518.57 
5.53785 26.1229 34.0388 5.52876 26.1082 32.9612 -936.08 -421.83 -1961.48 255.489 -382.964 -1972.06 
3.43069 18.9893 34.0341 3.37381 19.1203 32.9659 87.1004 -44.0282 -2045.4 -273.81 1081.35 -1888.15 
30.3764 18.8133 32.9808 30.4519 19.092 34.0192 -212.778 331.137 -2121.6 -786.182 -667.255 -1811.95 
19.4809 15.221 34.037 19.4497 15.1374 32.963 947.562 584.426 -2008.99 13.4888 -151.67 -1924.55 
27.4694 22.8158 32.9633 27.3836 22.8631 34.0367 185.517 -1106.15 -1931.84 -44.0488 61.6992 -2001.7 
26.6108 30.2458 33.9997 26.9917 30.112 33.0003 930.803 32.5913 -1823.82 -40.5615 -596.831 -2109.72 
20.4884 9.62015 33.0344 20.4315 9.08049 33.9656 -465.993 -506.987 -2261.32 -587.885 522.37 -1672.23 
5.24073 5.92738 32.9686 5.41524 5.88954 34.0314 -22.5609 -338.688 -2060.29 -1029.32 271.984 -1873.26 
13.446 28.3602 33.1543 13.476 27.534 33.8457 270.599 95.6302 -2423.44 180.993 856.715 -1510.11 
25.7559 19.6355 34.0358 25.8623 19.5898 32.9642 -766.614 809.858 -2027.6 121.102 23.3352 -1905.95 
8.8706 26.4346 32.9722 9.08613 26.4645 34.0278 -760.141 -267.459 -1861.31 332.328 -695.803 -2072.24 
11.7145 33.9319 34.0376 11.7856 33.9073 32.9624 8.91234 -216.975 -1925.48 -1059.1 306.47 -2008.07 
5.19342 14.2531 33.9974 5.23015 13.8399 33.0026 143.593 107.071 -2190.3 505.997 -937.089 -1743.25 
7.16966 1.21912 34.027 6.94598 1.24524 32.973 -847.494 -81.4698 -1885.38 13.9531 726.533 -2048.17 
27.0389 6.71934 34.0325 26.9146 6.61025 32.9675 -828.739 -746.588 -1875.31 71.0795 13.8889 -2058.23 
15.2249 33.1357 33.8782 15.2434 33.9033 33.1218 -278.932 12.5626 -2390.73 -327.78 849.294 -1542.82 
25.7527 25.5579 32.9672 25.6014 25.5026 34.0328 1089.28 -245.771 -1894.46 -48.3559 80.3141 -2039.08 
24.212 7.12119 34.0099 24.3974 6.82579 32.9901 306.761 -1026.58 -1774.5 -209.17 -22.8851 -2159.05 
10.4605 1.57817 34.0055 10.1789 1.33312 32.9945 -81.4714 -231.509 -1798.98 1060.3 -159.376 -2134.56 
15.4763 28.1491 33.8851 14.9757 28.7129 33.1149 158.288 15.7052 -1550.47 670.545 -666.806 -2383.08 
13.8242 21.043 34.0348 13.8029 21.1732 32.9652 788.945 -658.376 -2035.85 229.002 385.098 -1897.7 
7.65328 13.2808 33.9673 7.6037 12.7463 33.0327 261.584 53.9138 -2263.13 240.989 -980.368 -1670.42 
30.3845 24.3855 32.9611 30.3943 24.3862 34.0389 567.346 119.622 -1969.36 66.0151 -962.089 -1964.18 
27.8293 16.5707 32.9747 27.7843 16.807 34.0253 1063.9 237.688 -1940.4 -127.158 245.44 -1993.15 
18.6697 2.33966 34.0304 18.5676 2.50013 32.9696 305.321 -52.9512 -1930.59 -422.479 -994.508 -2002.96 
3.64154 7.89586 34.0188 3.69292 7.60888 32.9812 328.187 304.734 -2127.77 595.956 -811.545 -1805.78 
20.7263 17.8585 33.993 20.7945 18.2885 33.007 -176.401 -974.167 -2189.47 429.508 -48.9819 -1744.08 
17.594 24.7054 33.0367 17.0466 24.6482 33.9633 -296.169 233.436 -2249.19 603.504 774.751 -1684.36 
3.35081 10.2457 33.9248 2.70333 10.3895 33.0752 -750.292 542.553 -1599.94 166.245 334.821 -2333.61 
3.9879 16.4695 34.022 4.15488 16.2598 32.978 -156.393 -135.494 -2098.89 907.792 -603.624 -1834.65 
19.9045 31.4193 32.9748 20.0425 31.618 34.0252 -144.352 -222.735 -1900.58 1034.55 -341.573 -2032.97 
2.32095 32.7969 33.7925 1.70526 32.1333 33.2075 637.764 -447.397 -1582.21 416.167 436.232 -2351.34 
1.70405 17.444 32.9692 1.53494 17.365 34.0308 -34.3746 969.301 -1976.38 567.169 -59.8907 -1957.16 
21.1775 14.3306 34.023 21.0537 14.1024 32.977 -129.787 -393.434 -1873.27 1024.94 -162.989 -2060.28 
22.5077 15.7261 32.9772 22.6025 15.4828 34.0228 -340.509 -867.722 -2108.34 -530.811 274.68 -1825.21 
5.80517 30.54 34.0177 5.72085 30.2531 32.9823 -220.915 213.132 -2131.95 -606.982 -865.423 -1801.6 
8.96406 23.1875 33.999 9.31874 22.9881 33.001 475.091 -915.203 -1826.04 329.299 234.136 -2107.51 
9.5115 19.8061 33.9872 9.23167 20.1719 33.0128 -393.779 804.642 -1726.64 539.553 239.219 -2206.9 
9.54805 26.2366 32.9644 9.64466 26.1675 34.0356 -367.819 80.9663 -1959.78 424.799 971.483 -1973.77 
15.3588 14.7636 34.0186 15.2924 15.0492 32.9814 216.212 -873.218 -2104.44 609.46 218.113 -1829.1 
20.621 3.58315 32.9819 20.3323 3.51422 34.0181 -45.9977 -370.554 -2130.14 1036 8.9026 -1803.41 
5.69031 17.9287 33.9092 6.10082 17.36 33.0908 1011.91 -49.7779 -1829.32 -79.8096 -442.238 -2104.23 
27.0839 31.5972 32.9659 27.222 31.6369 34.0341 75.4029 -169.111 -1903.46 780.925 783.602 -2030.09 
19.6596 7.47437 33.933 19.4294 6.87559 33.067 222.732 980.698 -2313.97 115.788 17.451 -1619.58 
26.8402 5.90555 32.9689 26.7399 6.0578 34.0311 179.137 -1011.12 -1895.35 424.202 146.897 -2038.19 
6.90269 32.9112 33.17 6.93724 32.0599 33.83 -952.1 -86.8912 -2265.76 -50.0627 413.338 -1667.79 
28.8812 1.87938 33.9934 28.5832 1.56463 33.0066 -234.267 -212.14 -1868.23 863.534 -633.39 -2065.31 
31.1587 17.0641 32.9675 31.3212 17.0942 34.0325 760.305 -46.4328 -2046.48 -143.103 -807.943 -1887.06 
7.69272 24.9307 33.0687 7.31155 24.409 33.9313 507.194 -83.7868 -1609.45 -43.8926 -862.917 -2324.1 
31.1497 6.0622 34.0337 31.0964 6.20089 32.9663 620.82 -456.185 -2047.63 403.413 704.868 -1885.92 
2.03531 3.29306 32.9641 1.94231 3.35843 34.0359 -687.143 515.472 -2018.11 500.66 521.891 -1915.44 
11.1862 16.9109 33.9664 10.7171 16.6441 33.0336 -959.869 165.259 -1832.09 -29.1776 -529.515 -2101.46 
32.2126 2.3385 33.0267 32.5478 2.72969 33.9733 -46.6271 1057.97 -2131.34 298.901 -34.6145 -1802.21 
17.121 5.94052 34.0335 17.0653 6.08161 32.9665 15.3435 -984.884 -2023.94 531.402 83.7929 -1909.61 
25.6283 7.5382 32.9643 25.7369 7.49186 34.0357 910.434 466.786 -1985.9 143.333 -445.109 -1947.65 
21.6768 25.2267 34.0186 21.4141 25.0963 32.9814 464.518 383.768 -2036.15 503.922 -799.725 -1897.4 
3.78179 27.2344 33.9992 3.37887 27.2838 33.0008 516.783 333.094 -2185.95 -521.926 720.885 -1747.59 
33.7048 16.5278 33.2104 32.8114 16.3607 33.7896 102.385 399.607 -1477.03 -560.613 549.563 -2456.52 
17.993 33.2869 32.9839 17.7744 33.5072 34.0161 -1007.73 442.773 -2128.21 36.0298 -34.4891 -1805.34 
15.2984 31.1081 32.9939 15.4448 31.4479 34.0061 586.276 -943.739 -1849.13 -54.8643 33.5203 -2084.42 
29.1839 24.1121 33.047 29.7624 24.0341 33.953 -581.24 522.652 -1645.84 423.482 519.466 -2287.7 
5.17683 15.1566 33.1688 5.39842 15.9774 33.8312 159.814 866.569 -2435.49 -124.093 186.817 -1498.05 
4.31379 26.1674 34.0363 4.23112 26.1002 32.9637 1069.34 -289.514 -2007.97 -112.009 -151.402 -1925.58 
31.4059 20.9224 33.943 30.7997 21.0184 33.057 612.819 733.785 -1976.37 399.109 -438.998 -1957.18 
28.0417 6.0036 33.0697 28.5296 6.43126 33.9303 -638.904 -734.247 -1631.95 -253.788 173.891 -2301.6 
8.34656 10.0412 33.0315 8.76083 10.376 33.9685 -190.39 -823.969 -1672.26 596.14 -148.791 -2261.29 
26.7865 24.4001 33.9735 26.9121 23.9009 33.0265 -4.25089 5.21355 -2232.31 651.207 -837.286 -1701.24 
23.0616 13.4106 34.0219 22.984 13.6677 32.9781 -654.337 -572.366 -1934.71 532.159 -474.519 -1998.84 
20.5011 22.8813 32.9626 20.5781 22.9051 34.0374 77.5028 -30.9933 -1981.34 -626.961 930.433 -1952.21 
25.8846 10.7636 34.0161 25.6523 10.9694 32.9839 -169.894 806.625 -1923.98 -722.763 -246.214 -2009.57 
22.8409 25.7976 32.9674 23.0038 25.8221 34.0326 118.032 379.883 -2057.76 -1035.39 139.111 -1875.79 
21.0544 6.8242 32.9783 21.295 6.94741 34.0217 -68.7949 114.271 -1831.5 1092.1 138.185 -2102.05 
21.6837 7.35802 34.0356 21.575 7.31177 32.9644 -154.25 832.303 -1938.44 738.958 44.6305 -1995.11 
16.5807 29.3859 34.0295 16.4039 29.4804 32.9705 -42.8595 -132.123 -2069.93 -799.001 766.29 -1863.62 
21.9755 25.8987 33.8848 22.3109 25.2228 33.1152 39.2193 854.708 -2384.12 420.696 93.6455 -1549.43 
12.1681 4.46814 34.0371 12.0867 4.43286 32.9629 -42.9453 -764.246 -1980.9 -811.342 146.922 -1952.65 
26.7827 8.78954 32.9791 26.5347 8.66789 34.0209 -1.53155 592.822 -1816.38 -927.596 -95.2087 -2117.17 
7.33124 6.72945 33.729 7.48359 5.76575 33.271 -200.286 14.0575 -2431.99 -728.864 -511.628 -1501.55 
14.2997 24.2852 32.9651 14.4107 24.356 34.0349 -200.731 337.759 -1904.3 984.597 366.834 -2029.24 
3.13 15.7742 34.034 2.98524 15.7623 32.966 -933.907 -307.71 -1888.52 235.193 -481.4 -2045.03 
15.2004 23.4263 33.9529 15.1325 24.0063 33.0471 -331.236 323.265 -1667.69 -670.625 -650.635 -2265.85 
24.5768 16.1381 34.0202 24.7581 16.3531 32.9798 494.948 -322.902 -2080.99 420.701 844.902 -1852.56 
14.4762 3.55808 33.0218 14.0594 3.28742 33.9782 233.802 62.9336 -1779.36 103.843 -1061.38 -2154.18 
26.4512 29.1565 33.0848 26.6779 28.5079 33.9152 383.101 726.825 -1590.67 522.52 -187.616 -2342.88 
1.57139 8.45704 33.9424 1.89234 7.93176 33.0576 -628.892 52.6261 -1861.71 181.352 901.63 -2071.84 
9.56677 34.1854 32.9684 9.42395 34.0814 34.0316 -479.298 1013.94 -1952.91 80.774 -38.2009 -1980.64 
9.85266 4.14519 33.0539 10.4545 4.2045 33.9461 -139.465 333.265 -2251.42 -913.804 -372.253 -1682.12 
22.8319 14.5123 33.9635 23.3593 14.3571 33.0365 21.9749 18.4625 -2264.18 914.189 -502.709 -1669.37 
12.1093 1.53191 34.0319 12.2139 1.67028 32.9681 1050.59 -279.928 -1952.33 3.36394 289.24 -1981.21 
31.6537 10.7952 32.9708 31.8446 10.8647 34.0292 301.752 -383.931 -2075.98 -863.768 -507.716 -1857.57 
4.23657 25.4755 32.9775 4.47327 25.5927 34.0225 281.054 -431.832 -1853.36 752.254 639.607 -2080.18 
19.481 20.4397 32.974 19.4625 20.2057 34.026 673.294 596.817 -1838.9 378.562 -529.765 -2094.65 
6.56654 10.9122 33.8346 5.76527 11.1803 33.1654 223.468 102.434 -1530.27 743.935 -520.799 -2403.28 
5.84801 32.0215 32.9612 5.84767 32.0418 34.0388 337.216 -313.546 -1955.81 566.295 856.284 -1977.74 
25.6701 10.2595 32.9638 25.7127 10.1609 34.0362 269.581 716.158 -1964.05 -801.979 193.484 -1969.49 
6.92435 9.41927 33.1287 6.4713 10.0555 33.8713 -838.221 -526.775 -2211.32 232.135 -335.522 -1722.22 
19.2543 24.5899 32.9983 19.0054 24.2852 34.0017 -232.485 134.295 -2180.88 624.395 844.123 -1752.67 
20.3093 8.81622 33.9151 20.7011 9.38082 33.0849 -495.703 -821.718 -2331.91 -264.812 91.9831 -1601.64 
8.34562 5.29165 33.8487 7.8809 5.96939 33.1513 672.385 -561.703 -2420.94 275.471 100.763 -1512.61 
12.6671 22.4847 32.9713 12.7376 22.681 34.0287 -329.579 -876.031 -1866.44 -539.866 280.245 -2067.1 
14.0689 15.9582 34.0364 14.1225 16.0473 32.9636 -453.797 309.439 -2011.86 660.375 724.109 -1921.69 
14.0689 15.9582 34.0364 14.1225 16.0473 32.9636 -453.797 309.439 -2011.86 660.375 724.109 -1921.69 
21.7866 24.5868 33.9519 21.4971 25.0978 33.0481 161.547 922.05 -1648.89 430.472 -50.0353 -2284.65 
2.49903 7.87344 32.9641 2.38599 7.87257 34.0359 35.4257 -88.9503 -1910.57 -1034.26 425.439 -2022.97 
34.0227 30.4861 33.0518 33.6114 30.9209 33.9482 -823.215 258.259 -2297.11 -199.373 -513.622 -1636.44 
27.8805 25.0299 33.0503 27.2924 25.1116 33.9497 637.895 -544.446 -1638.83 -355.013 -470.874 -2294.71 
18.5598 30.4241 33.9828 18.0994 30.5549 33.0172 -297.301 745.915 -1706.61 652.105 246.562 -2226.93 
3.05713 24.9353 34.0296 3.09615 25.1311 32.9704 -447.266 898.686 -1859.3 -401.002 -273.116 -2074.24 
1.21052 24.6716 34.0093 1.46258 24.4255 32.9907 9.32178 1023.51 -2041.51 -450.495 -66.2963 -1892.03 
3.70927 14.0385 32.9838 3.56456 14.3124 34.0162 -775.276 -299.635 -1872.23 -190.409 721.95 -2061.32 
16.8915 25.2936 33.0942 16.3788 24.8035 33.9058 -295.14 590.288 -1588.92 -698.567 -238.944 -2344.62 
21.2714 25.669 33.8471 20.5837 25.2141 33.1529 -77.2753 -413.921 -1543.09 761.033 -388.184 -2390.46 
6.90427 22.3513 32.9651 6.99184 22.4482 34.0349 70.6258 -106.692 -2011.85 -1115.73 -29.9005 -1921.7 
31.6112 12.7509 33.9761 31.4151 13.2162 33.0239 -638.237 843.142 -1694.98 13.0241 5.38889 -2238.57 
11.1421 25.7574 32.9708 10.94 25.7357 34.0292 1110.75 57.5642 -1854.66 -59.6311 20.22 -2078.89 
20.2661 29.8858 34.0297 20.128 29.744 32.9703 642.892 294.196 -2065.66 270.082 -820.862 -1867.88 
4.36194 11.8988 34.0389 4.36514 11.8988 32.9611 -99.724 -15.7066 -1968.24 886.519 -685.614 -1965.31 
12.259 12.2714 33.0352 12.7938 12.3787 33.9648 -603.78 -610.299 -1665.16 407.831 -425.317 -2268.39 
16.9123 24.8322 34.0349 17.02 24.9071 32.9651 158.439 -372.142 -2035.93 876.975 569.154 -1897.62 
5.39483 28.0498 32.99 5.10024 27.8638 34.01 516.198 188.514 -1823.18 230.162 -932.72 -2110.37 
5.84031 26.0452 32.9803 5.5953 26.1912 34.0197 -489.416 -298.556 -1895.75 -389.062 880.941 -2037.79 
16.3677 14.352 33.0041 16.7153 14.1129 33.9959 -1076.12 -202.688 -1815.98 23.7089 144.992 -2117.57 
33.6645 20.6768 33.8762 33.1347 21.2379 33.1238 230.526 408.912 -1539.91 801.796 -196.289 -2393.63 
23.3816 22.9676 33.8401 24.0456 23.4758 33.1599 284.855 120.755 -1661.07 433.618 -891.918 -2272.48 
10.5595 18.9363 34.0385 10.5237 18.9554 32.9615 -861.66 -188.321 -1944.4 233.311 -657.89 -1989.14 
20.0572 20.6522 33.296 19.861 19.6741 33.704 202.711 -773.152 -2438.14 -329.068 -273.237 -1495.4 
1.91903 12.9346 32.9719 2.04473 13.1084 34.0281 -1107.04 -144.806 -1888.84 71.1476 -49.6933 -2044.71 
9.27181 25.6018 34.0298 9.46228 25.5527 32.9702 -192.11 266.793 -2067.05 969.586 444.844 -1866.5 
26.0526 30.2758 33.0769 25.4295 30.0366 33.9231 -583.586 424.611 -2332.29 341.547 601.212 -1601.26 
27.816 18.7498 33.1141 27.1376 19.0748 33.8859 377.321 -741.689 -1551.4 -362.173 -312.193 -2382.15 
2.69687 13.4214 33.9964 2.73839 13.8388 33.0036 -964.606 -506.454 -2127.12 -32.0685 163.617 -1806.43 
19.0994 25.6902 33.8258 19.3004 26.5248 33.1742 48.8601 -900.182 -2415.21 -172.661 -146.513 -1518.34 
18.4846 27.0685 33.8432 17.7463 26.6871 33.1568 182.725 -416.765 -1509.41 799.69 34.9835 -2424.14 
2.78497 14.4219 33.1193 3.16627 13.7612 33.8807 788.648 642.899 -2097.81 -323.661 302.978 -1835.74 
14.859 17.2074 33.061 15.2783 16.7436 33.939 413.078 100.547 -2309.97 -125.134 913.349 -1623.57 
12.6579 20.0434 33.8863 13.2581 20.4956 33.1137 -505.264 -784.293 -2381.12 118.178 -196.045 -1552.42 
12.6739 12.8227 33.8297 12.3211 13.5988 33.1703 -260.471 716.542 -1571.94 -600.977 -109.249 -2361.61 
2.1623 17.3328 33.0112 1.75288 17.1369 33.9888 147.396 -154.686 -2171.85 647.396 846.93 -1761.7 
13.4275 14.7618 32.9613 13.4205 14.7915 34.0387 239.499 955.029 -1976.66 -541.805 54.6775 -1956.89 
31.8967 29.959 33.8998 32.2927 29.3546 33.1002 438.427 98.9716 -1567.39 -8.12626 863.181 -2366.16 
29.6517 3.55632 33.9519 29.8914 4.0925 33.0481 533.757 21.8589 -2154.69 -118.07 946.697 -1778.85 
5.44222 1.36415 34.0389 5.43944 1.36419 32.9611 675.977 696.973 -1968.23 -459.873 334.626 -1965.31 
19.4098 25.8481 34.007 19.3302 26.2046 32.993 596.158 -67.7636 -2160.8 36.4401 910.804 -1772.75 
9.96102 14.2431 34.0035 9.86589 13.8711 32.9965 -363.46 -627.581 -1780.61 -677.237 460.711 -2152.94 
34.1622 7.81947 33.9392 34.1002 8.44088 33.0608 21.5008 -24.1392 -1667.91 -489.884 -920.061 -2265.63 
8.60657 32.2375 32.9618 8.5876 32.2874 34.0382 -762.232 43.4939 -1956.97 148.131 813.114 -1976.58 
5.10377 10.1098 32.9716 5.01874 10.3036 34.0284 397.768 -732.482 -1881.41 -691.845 -279.652 -2052.14 
2.58951 6.90601 33.9619 2.61427 6.35126 33.0381 47.1009 334.128 -2067.85 -1062.63 -51.9985 -1865.7 
25.6883 6.09301 33.7724 25.1248 5.35325 33.2276 -564.11 440.641 -1507.32 188.447 544.13 -2426.23 
8.49247 6.06284 32.9613 8.52239 6.06404 34.0387 756.051 780.644 -1981.13 -252.327 145.185 -1952.42 
32.2639 28.3951 34.0036 32.4224 28.0456 32.9964 -731.522 342.921 -2179.08 -270.074 -671.1 -1754.47 
8.58627 1.13563 33.016 8.4184 1.57882 33.984 213.513 -896.267 -1752.55 546.005 165.494 -2181 
30.2075 8.42735 34.0389 30.2079 8.42638 32.9611 -678.366 865.324 -1967.3 223.414 85.4204 -1966.25 
17.1305 27.3139 32.9845 17.4289 27.2167 34.0155 -937.245 -342.298 -1885.89 -105.424 496.372 -2047.65 
27.6231 6.7866 34.0345 27.5197 6.878 32.9655 -277.198 -341.318 -2034.07 -685.328 770.784 -1899.47 
20.6811 1.71248 34.0322 20.848 1.68062 32.9678 827.79 -725.326 -1879.06 -171.826 -99.6644 -2054.49 
26.8157 32.5068 34.0386 26.8475 32.4928 32.9614 799.213 173.646 -1947.58 -255.082 729.027 -1985.97 
28.0673 16.5518 34.0227 27.8113 16.4956 32.9773 54.2186 -405.74 -1833.48 992.264 280.161 -2100.07 
16.3377 32.2965 34.0307 16.2054 32.1639 32.9693 -340.634 -128.888 -1958.26 568.335 -900.213 -1975.29 
24.7369 29.5804 32.9866 24.8678 29.8809 34.0134 -761.232 -701.147 -1832.65 309.804 -251.276 -2100.9 
17.894 21.8784 33.9191 18.4143 21.4442 33.0809 -411.716 -446.066 -1643.55 -638.96 529.595 -2290 
29.482 20.0357 34.0187 29.677 20.2531 32.9813 782.696 467.269 -1861.09 -389.862 510.779 -2072.45 
25.7719 23.842 32.9764 25.7422 23.5891 34.0236 317.951 -701.258 -2104.64 691.165 396.986 -1828.91 
24.176 1.23547 33.1378 24.938 0.998164 33.8622 -814.673 -129.621 -1526.2 -73.2194 -438.308 -2407.35 
19.5855 26.5205 34.0388 19.5714 26.5191 32.9612 -1095.43 64.5966 -1959.49 56.5364 -242.368 -1974.06 
10.3084 27.7855 33.7191 9.32548 27.7268 33.2809 -99.7803 -838.888 -1500.26 277.92 -199.939 -2433.29 
21.055 10.1168 33.8882 20.5833 10.6968 33.1118 -820.294 96.3575 -1556.61 -165.557 -469.178 -2376.94 
3.34193 6.29171 32.977 3.57093 6.16869 34.023 -97.3759 -1112.52 -2033.46 -70.2504 71.9403 -1900.09 
28.3163 30.2634 33.8593 27.5181 30.3543 33.1407 -548.817 -154.159 -1574.92 84.1201 -791.86 -2358.62 
19.7179 31.5941 34.0244 19.7775 31.8351 32.9756 35.022 -64.412 -2104.02 285.843 1068.38 -1829.53 
19.8916 11.7348 33.9964 19.7896 11.3278 33.0036 -45.0876 -362.908 -1876.91 -1007.9 316.912 -2056.63 
19.2713 26.2676 33.898 18.5944 26.5319 33.102 -17.7478 -67.3342 -1967.43 414.467 1043.81 -1966.11 
31.0702 15.4805 33.9091 31.7486 15.6588 33.0909 -289.623 898.495 -1760.06 -499.585 -199.891 -2173.49 
4.96853 33.1067 33.9822 5.2107 32.6907 33.0178 -30.3549 -4.77192 -2231.65 400.759 -981.989 -1701.89 
32.9168 32.9998 33.1425 32.352 32.4242 33.8575 -1.7121 -149.896 -2306.23 971.938 -261.878 -1627.32 
3.67789 17.5712 33.0782 3.05095 17.8097 33.9218 3.0765 395.576 -2336.86 902.953 142.948 -1596.69 
17.5772 23.1197 32.9617 17.6259 23.1316 34.0383 1051.85 52.0873 -1990.82 -92.2753 383.926 -1942.73 
25.5175 14.8649 33.885 26.2644 14.9684 33.115 512.633 466.612 -1557.17 -346.883 574.264 -2376.38 
16.511 27.1609 33.6727 16.05 26.25 33.3273 -131.258 -306.524 -1654.68 -922.459 330.544 -2278.86 
29.9311 24.1397 33.1568 30.3424 24.8617 33.8432 -213.358 74.5493 -2419.48 -762.161 -473.623 -1514.06 
24.944 5.06866 34.036 25.0341 5.134 32.964 763.303 -322.288 -1975.55 207.626 732.404 -1958 
