2.84987 3.9128 33.2532 3.529 4.58862 33.7468 292.824 975.647 -1241.48 -342.226 1903.49 -1638.08 
20.9356 3.60353 33.1606 20.3132 4.1635 33.8394 -870.169 -940.649 -984.006 -1560.57 -603.166 -1895.55 
9.07015 27.8981 32.9859 8.86613 27.6475 34.0141 635.872 629.453 -1596.38 1710.67 1039.56 -1283.18 
24.7278 23.4892 34.0337 24.6704 23.6265 32.9663 -327.405 -1119.02 -1473.5 -1517.44 -1091.95 -1406.06 
28.9817 9.92889 33.016 29.4149 9.73707 33.984 851.127 926.466 -1678.57 157.71 1770.59 -1200.98 
16.9805 10.4976 34.0263 17.2109 10.5233 32.9737 178.221 848.377 -1433.86 -7.03597 2026.09 -1445.69 
25.249 16.9253 33.9532 25.8012 17.1127 33.0468 1707.86 843.799 -1151.07 1028.81 52.0013 -1728.48 
18.7884 1.84474 34.0189 18.5063 1.77496 32.9811 1677.6 -256.122 -1577.6 869.08 -1087.85 -1301.96 
14.9915 33.3761 33.2755 15.4476 34.2432 33.7245 722.954 -802.067 -1049.32 1621.29 -870.173 -1830.23 
32.793 6.12187 32.9692 32.6351 6.22015 34.0308 535.702 -675.602 -1542.1 1460.42 -1399.82 -1337.46 
5.45719 25.7391 33.0997 4.73798 25.681 33.9003 1082.05 852.019 -1153.2 381.401 1627.93 -1726.36 
2.44835 17.911 32.9653 2.31566 17.9292 34.0347 1596.96 -1070.9 -1398.33 1075.22 -2.07816 -1481.23 
22.3382 23.5236 33.2043 23.2377 23.5762 33.7957 -358.552 -1157.25 -1931.68 -992.02 -1385.94 -947.874 
17.7803 31.7658 32.9707 17.6436 31.6163 34.0293 2002.93 -287.754 -1391.31 867.937 64.187 -1488.24 
26.6551 9.58011 33.8566 26.5503 10.3814 33.1434 -1298.45 732.074 -1007.73 -1502.45 -63.6577 -1871.82 
33.592 18.6029 32.9629 33.5296 18.5408 34.0371 -856.907 104.286 -1399.08 -2022.51 -132.8 -1480.48 
23.0526 11.2435 32.965 22.9228 11.2492 34.035 1689.75 986.464 -1368.68 511.796 869.614 -1510.88 
22.0611 1.15191 34.0354 22.1586 1.22707 32.9646 -1302.93 -1292 -1485.43 -1214.18 -106.567 -1394.13 
26.5039 2.70725 34.0171 26.6917 2.94514 32.9829 -1119.07 867.966 -1605.62 -280.944 1648.34 -1273.94 
9.56209 15.6332 34.0275 9.76996 15.5605 32.9725 -718.58 -1184.69 -1324.11 -1641.08 -465.713 -1555.45 
9.36218 6.2299 34.0309 9.18921 6.1651 32.9691 853.018 -147.211 -1340.69 2021.71 -19.4101 -1538.87 
27.5713 32.7445 32.9897 27.2775 32.9284 34.0103 796.961 320.56 -1568.94 1909.18 663.634 -1310.62 
3.6116 15.3385 33.6936 3.94333 16.288 33.3064 -1216.11 -362.825 -885.201 -1446.05 -734.797 -1994.36 
19.3589 9.33714 33.9963 19.0747 9.02793 33.0037 -1066.46 1664.16 -1575.87 -790.452 536.688 -1303.68 
13.155 6.73141 32.9909 12.8324 6.58692 34.0091 -1506.15 178.262 -1592.03 -1011.45 1219.42 -1287.53 
16.084 16.098 32.9655 16.0563 15.9635 34.0345 -728.204 -501.577 -1367.43 -1310.91 -1531.61 -1512.13 
19.4003 0.941745 33.9772 19.3507 1.43987 33.0228 836.586 -1638.58 -1710.14 990.392 -587.182 -1169.42 
31.432 6.31648 33.9495 31.4985 5.72585 33.0505 919.95 71.1031 -1258.35 1846.59 727.709 -1621.21 
8.58448 2.77949 33.9578 9.15172 2.81725 33.0422 -166.55 1251.04 -1747.78 807.528 1556.27 -1131.77 
22.9871 11.9924 33.3267 23.475 12.8888 33.6733 -990.587 -845.383 -1088.65 -1696.51 -189.669 -1790.91 
31.1487 17.1056 32.9624 31.0856 17.1443 34.0376 768.567 -460.276 -1475.21 1333.44 -1507.83 -1404.34 
15.3173 21.4425 33.914 15.9346 21.1341 33.086 200.41 -1164.19 -1817.2 1089.91 -1410.09 -1062.36 
18.8657 25.3737 34.0349 18.9892 25.4161 32.9651 1930.04 -382.462 -1368.14 770.114 -618.04 -1511.42 
15.511 32.1946 33.068 15.4787 31.5511 33.932 -1638.63 -537.661 -1779.65 -1235.12 354.865 -1099.91 
13.0303 10.9591 33.5756 13.1749 12.0163 33.4244 1022.76 618.194 -1976.06 1536.74 701.201 -903.498 
19.8778 20.2067 33.9543 20.4088 19.9744 33.0457 -155.267 -868.656 -1615.11 -51.6775 -2003.45 -1264.45 
26.4548 34.2103 33.0427 27.0186 34.1242 33.9573 1658.59 848.699 -1753.53 645.276 878.743 -1126.03 
8.71284 21.46 32.9702 8.81762 21.2924 34.0298 -907.721 -1760.24 -1524.86 -756.12 -589.971 -1354.7 
28.5042 17.7446 33.9994 28.6528 17.368 33.0006 -208.411 -1603.06 -1247.88 -1127.56 -947.826 -1631.67 
24.863 17.8305 34.036 24.8921 17.9375 32.964 1462.31 -1411.95 -1465.05 542.478 -655.099 -1414.51 
21.5453 2.24334 32.963 21.616 2.18729 34.037 -1298.13 -77.2189 -1473.77 -1390.02 1109.54 -1405.78 
13.4773 6.79665 32.989 13.1577 6.91972 34.011 -1137.5 -253.753 -1502.48 -1192.61 -1438.11 -1377.08 
6.76136 27.3304 32.9976 7.14138 27.4182 34.0024 602.129 -894.992 -1226.38 1712.69 -817.744 -1653.17 
19.4092 13.6791 34.0245 19.2101 13.8258 32.9755 1828.01 -488.946 -1573.94 1049.21 372.987 -1305.61 
21.618 16.6879 32.9748 21.8418 16.7794 34.0252 1748.22 352.352 -1513.63 778.109 1029.5 -1365.92 
4.90673 18.7195 32.9615 4.9433 18.7351 34.0385 1274.88 -796.686 -1426.43 1571.05 357.884 -1453.13 
11.1357 27.2909 34.0317 11.1402 27.115 32.9683 -1138.51 1680.67 -1522.82 -491.706 692.986 -1356.74 
13.3013 2.87545 33.9906 13.7472 2.87896 33.0094 876.117 183.922 -1674.53 1906.24 557.919 -1205.03 
10.8805 20.0095 34.0312 10.7068 20.0605 32.9688 1721.81 1054.2 -1492.55 842.299 256.215 -1387.01 
13.5836 23.8642 32.9726 13.5469 24.0825 34.0274 -1006.19 -465.267 -1561.17 -967.088 -1631.88 -1318.39 
18.3868 8.078 34.0109 18.6529 8.29461 32.9891 1559.89 -532.981 -1250.03 693.912 -1259.28 -1629.53 
7.84737 18.001 34.009 8.08601 17.7393 32.991 -939.78 1694.9 -1595.82 -868.033 546.455 -1283.74 
30.2762 26.1126 33.997 30.2382 26.5275 33.003 -1568.52 1189.21 -1354.66 -428.212 885.615 -1524.9 
27.3277 25.8481 33.8638 26.5864 26.136 33.1362 604.637 -794.868 -1039.03 1110.36 -1518.28 -1840.52 
18.2061 29.6526 33.8017 18.2985 28.7643 33.1983 1570.84 39.9345 -1906.56 1248.09 -627.702 -972.992 
10.8717 12.342 32.9975 11.1269 12.0483 34.0025 -459.858 1950.31 -1246.76 -204.156 851.645 -1632.79 
28.7195 9.72668 32.9811 28.4463 9.82538 34.0189 -401.125 779.285 -1372.79 -483.126 1961.14 -1506.77 
1.5825 12.2829 32.9613 1.57499 12.2522 34.0387 -1695.19 -1101.71 -1454.48 -830.385 -281.52 -1425.08 
7.57083 10.0534 32.9641 7.49209 9.97172 34.0359 1212.38 -660.23 -1498.06 1658.68 439.176 -1381.5 
8.41242 20.5073 33.0504 7.9552 20.8867 33.9496 -953.924 -1027.41 -1768.16 -160.41 -1627.79 -1111.39 
15.4427 25.7094 33.8955 15.5259 26.4368 33.1045 -1091.9 1488.4 -1049.13 -875.573 614.191 -1830.42 
29.395 26.3821 33.118 29.3406 27.1403 33.882 -363.096 -1774.7 -1022.61 -571.606 -948.938 -1856.94 
32.0193 9.18689 34.0385 32.06 9.18557 32.9615 -572.826 -1510.78 -1424.3 -1364.37 -619.739 -1455.26 
23.7942 28.7189 32.9898 23.4605 28.8135 34.0102 -929.023 -444.396 -1251.8 -1928.2 86.4221 -1627.76 
3.24423 22.3653 33.8297 2.43869 22.6444 33.1703 -729.637 915.261 -1902.18 -1481.99 928.8 -977.381 
28.6752 4.02781 33.8732 29.1188 4.66635 33.1268 -139.491 1917.74 -1152.76 275.258 958.615 -1726.8 
2.44604 28.9617 33.0617 2.25889 29.5601 33.9383 -1051.56 420.613 -1095.92 -1192.11 1384.32 -1783.64 
24.1113 5.26796 33.7587 24.2673 4.3354 33.2413 -1418.39 -508.7 -1945.91 -1030.97 -1005.39 -933.65 
10.1833 20.2755 33.8514 9.36622 20.2731 33.1486 995.859 -425.754 -988.341 1772.31 -367.403 -1891.22 
6.69882 4.83689 34.0042 6.59589 5.20339 32.9958 -1888.2 315.889 -1266.11 -990.463 -387.586 -1613.45 
8.31591 6.91501 33.0411 8.12209 6.38441 33.9589 1224.46 -1299.36 -1322.03 55.8675 -1279.9 -1557.53 
22.0811 2.04967 33.0218 21.7071 2.37703 33.9782 7.20706 -879.358 -1642.27 62.4377 -1999.36 -1237.29 
19.7902 10.4566 33.0502 19.9121 11.0375 33.9498 -849.502 922.768 -1133.47 -238.757 1743.23 -1746.08 
31.7571 18.9478 32.9698 31.8174 19.1311 34.0302 79.6704 -1419.02 -1383.15 1234.08 -1143.39 -1496.41 
5.9432 22.9649 34.0295 6.05749 23.1295 32.9705 1083.2 -1024.85 -1339.06 67.0306 -1615.01 -1540.5 
22.2408 7.47566 34.0361 22.2014 7.57766 32.9639 -1653.82 1183.65 -1389.17 -687.155 493.16 -1490.39 
33.1521 5.76864 33.9472 33.56 6.21073 33.0528 910.367 -303.849 -1311.69 1460.85 -1329.91 -1567.86 
20.6654 18.142 32.9646 20.5554 18.1975 34.0354 -471.316 1275.22 -1397.34 -1550.36 775.306 -1482.21 
2.30648 18.3991 33.1252 2.28725 19.1733 33.8748 -816.951 1674.65 -1856.53 -521.081 875.155 -1023.03 
32.4984 22.6938 33.7187 31.5239 22.8374 33.2813 -1573.89 597.685 -896.033 -1106.96 453.447 -1983.52 
24.0664 27.1455 33.9868 23.9909 26.6892 33.0132 1254.74 -235.828 -1185.84 1569.85 795.786 -1693.72 
14.3773 5.83766 32.9611 14.3808 5.82951 34.0389 783.541 632.76 -1436.74 1933.94 319.69 -1442.82 
12.4794 25.4794 33.6714 13.475 25.2497 33.3286 -747.676 1130.55 -1950.25 -298.846 1552.1 -929.311 
32.7399 14.3493 32.9842 32.6588 14.6504 34.0158 -1491.76 391.426 -1327.93 -807.665 1341.92 -1551.62 
20.9513 13.6801 33.9708 21.1176 13.1827 33.0292 -1097.03 -1479.98 -1163.73 -1063.41 -423.791 -1715.82 
17.2013 6.71077 32.9618 17.1717 6.66566 34.0382 1669.04 131.102 -1410.02 1101.55 -915.736 -1469.54 
6.86606 33.414 32.9926 7.22872 33.4003 34.0074 -1618.35 -864.417 -1240.98 -513.547 -1071.26 -1638.58 
13.7262 17.7937 33.9745 14.0144 17.3721 33.0255 -25.8903 -1935.97 -1167.56 -333.972 -921.013 -1712 
29.5077 17.5577 32.9611 29.506 17.554 34.0389 894.904 641.303 -1439.48 1909.01 14.3692 -1440.08 
3.74197 17.3515 33.8761 3.28625 17.9745 33.1239 -45.8412 -1448.06 -1803.01 -969.483 -1246.56 -1076.55 
31.5565 27.4961 33.1297 30.8634 27.1316 33.8703 -414.789 1202.54 -1024.31 -1267.08 1134.8 -1855.25 
32.8549 28.1934 34.0197 33.0336 27.9708 32.9803 -1253.89 -1463.23 -1492.29 -137.623 -1057.79 -1387.27 
7.7463 14.7498 34.0379 7.68152 14.7523 32.9621 10.8551 1695.63 -1468.52 -969.559 1019.65 -1411.04 
32.0531 2.42851 34.0025 32.1587 2.05396 32.9975 -1162.81 1451.42 -1551.66 -25.711 1171.41 -1327.9 
21.8777 9.31553 33.9791 21.5693 9.70068 33.0209 1568.11 321.403 -1712.67 907.105 1150.05 -1166.88 
32.0305 14.7543 33.8253 31.3001 15.2072 33.1747 -671.732 1073.52 -1203.08 177.676 1763.34 -1676.48 
27.9435 15.8672 32.9616 27.911 15.8999 34.0384 185.786 -1223.7 -1457.37 1377.16 -1194.77 -1422.19 
9.94204 15.3984 33.9251 9.41946 15.8055 33.0749 166.897 1947.95 -1159.81 261.248 899.6 -1719.74 
13.9396 31.1333 33.9206 14.1715 31.766 33.0794 82.7551 -1642.4 -1768.24 894.03 -1066.43 -1111.32 
31.8614 25.6184 33.0578 31.3126 25.8984 33.9422 1464.7 -903.161 -1222.72 1327.36 198.718 -1656.84 
17.2927 9.08897 34.0215 17.4848 9.28071 32.9785 216.112 -1461.19 -1580.05 1279.06 -999.769 -1299.51 
15.5937 6.17109 32.9631 15.5163 6.22053 34.0369 -879.189 -758.154 -1482.76 -373.738 -1834.53 -1396.8 
28.4097 28.4176 34.0378 28.4186 28.3497 32.9622 -1552.23 -1113.19 -1442.29 -362.384 -1037.65 -1437.26 
6.80467 26.0663 34.0243 6.57971 26.1738 32.9757 -121.952 1179.58 -1571.51 -1273.73 1339.14 -1308.05 
33.4685 0.950536 34.0141 33.3852 1.26251 32.9859 -808.434 -1715.47 -1616.37 -926.367 -582.856 -1263.19 
8.87178 26.5649 33.0071 9.26233 26.3717 33.9929 578.199 720.449 -1264.28 1652.26 1100.79 -1615.28 
29.8316 4.23972 34.0276 30.0206 4.35209 32.9724 -1398.76 454.299 -1548.89 -768.035 1442.24 -1330.66 
3.85167 30.0374 32.9754 3.68402 29.8563 34.0246 871.758 1468.7 -1382.81 1338.17 377.396 -1496.74 
29.1292 16.0588 33.1341 28.6509 15.4286 33.8659 -1471.44 1286.99 -1215.82 -905.958 337.757 -1663.74 
8.95654 11.9317 32.9876 8.62433 11.8965 34.0124 1100.77 -1701.74 -1343.51 406.343 -751.922 -1536.05 
29.4602 22.9511 33.9264 29.1279 23.5203 33.0736 -38.2355 -1020.24 -1075.25 444.974 -1830.45 -1804.31 
25.7286 20.1705 32.9633 25.6325 20.1758 34.0367 -671.721 1415.74 -1406.72 -1458.19 522.123 -1472.84 
20.2802 4.21707 32.9703 20.2801 4.41549 34.0297 -1708.62 1089.69 -1509.57 -788.085 344.986 -1369.99 
11.3073 30.242 33.0277 10.7883 30.2388 33.9723 -1576.97 1039.38 -1725.08 -537.51 915.308 -1154.48 
32.7533 8.21276 33.8464 32.1026 7.70461 33.1536 419.966 1837.47 -1835.64 262.117 960.134 -1043.92 
6.51329 30.0143 33.8757 7.20354 30.3615 33.1243 410.033 1433.83 -1037.93 -470.546 1445.09 -1841.62 
1.74762 27.0474 33.1866 0.974928 26.6331 33.8134 474.032 1270.09 -1043.19 -349.955 1606.79 -1836.37 
30.4224 6.64681 34.0082 30.1029 6.80911 32.9918 620.729 1014.02 -1244.36 1699.79 690.992 -1635.19 
27.2293 28.2993 32.9767 27.4864 28.2949 34.0233 340.671 -1101.66 -1556.71 -622.651 -1764.06 -1322.85 
21.771 6.94766 32.9708 21.9651 7.00967 34.0292 -451.29 981.998 -1344.77 293.687 1893.24 -1534.78 
23.9129 33.9708 34.0383 23.9595 33.9499 32.9617 639.094 -569.475 -1468.02 1701.02 -1108.53 -1411.54 
31.1992 4.78535 33.913 30.9896 4.12552 33.087 -1273.98 163.342 -1822.7 -1553.89 -706.474 -1056.85 
4.05143 17.0885 33.9007 3.40671 17.4104 33.0993 1332.08 1041.47 -1830.6 449.786 1220.57 -1048.96 
4.30269 16.1676 34.0328 4.46332 16.1513 32.9672 864.653 158.372 -1528.43 2014.37 -102.746 -1351.13 
18.8159 20.867 33.0022 19.0533 20.5295 33.9978 889.999 887.85 -1220.61 1770.43 213.944 -1658.95 
18.0695 14.3509 34.038 18.0093 14.3665 32.962 -1977.11 474.012 -1405.42 -840.086 122.009 -1474.14 
10.5771 26.0114 32.9745 10.5146 25.7812 34.0255 1433.22 -865.975 -1566.01 1389.86 298.432 -1313.55 
13.9487 12.0008 33.0777 14.1526 12.6386 33.9223 -1163.91 -1523.94 -1111.13 -387.828 -901.747 -1768.42 
29.3148 7.74013 32.9719 29.3053 7.52592 34.0281 1416.26 690.697 -1321.52 1455.37 -477.204 -1558.03 
6.90323 3.41344 32.9621 6.95135 3.45709 34.0379 357.729 -1650.73 -1455.38 -746.595 -1202.45 -1424.17 
31.5233 33.9873 32.9856 31.8244 33.876 34.0144 453.175 756.26 -1488.46 558.077 1939.89 -1391.1 
23.9714 30.8746 33.0086 23.535 30.8016 33.9914 1231.99 -1410.48 -1215.48 170.606 -1104.39 -1664.08 
7.92796 12.5783 33.0059 7.74722 12.9686 33.9941 -290.118 -971.979 -1676.42 277.476 -1907.55 -1203.13 
23.5317 2.81704 34.0389 23.5375 2.81401 32.9611 -1502.41 1349.66 -1443.4 -476.62 742.065 -1436.16 
31.1708 25.9367 34.036 31.1756 25.8251 32.964 144.665 865.892 -1389.91 808.087 1851.48 -1489.64 
18.4113 14.4584 34.0329 18.4283 14.2991 32.9671 50.6915 1987.16 -1519.58 -352.462 876.545 -1359.98 
13.6151 9.10906 33.0928 12.9868 9.43112 33.9072 -999.101 -361.918 -1051.12 -1849.91 -56.3576 -1828.43 
24.9149 31.442 34.0294 24.7822 31.291 32.9706 553.757 694.52 -1341.96 807.668 1842.87 -1537.6 
16.3266 17.5629 33.9971 16.4035 17.9717 33.0029 -1125.79 212.099 -1656.91 -1321.69 1305.03 -1222.65 
31.5981 26.1714 32.9612 31.5853 26.188 34.0388 -771.158 383.762 -1431.48 -1950.82 555.748 -1448.08 
27.6384 25.2366 32.9786 27.7849 25.4658 34.0214 -874.017 1133.63 -1309.27 164.815 1657.23 -1570.29 
12.4142 31.6562 33.8931 11.7715 32.0174 33.1069 1319.74 -923.658 -1636.65 1465.37 192.235 -1242.91 
19.8841 26.5617 32.9611 19.8884 26.5649 34.0389 -763.32 502.388 -1442.25 -1954.38 449.423 -1437.3 
9.11318 30.7413 34.0378 9.05101 30.7122 32.9622 1298.63 -966.593 -1418.58 1480.03 211.013 -1460.98 
6.99726 33.5469 32.9793 7.20388 33.732 34.0207 -743.386 -1792.98 -1286.36 106.617 -1015.29 -1593.2 
29.1362 13.6637 34.0389 29.1296 13.6701 32.9611 1021.82 1122.73 -1444.58 -72.4964 1595.84 -1434.97 
2.11865 14.4344 34.0274 2.04496 14.2252 32.9726 -1517.58 -1332.02 -1326.12 -735.03 -461.739 -1553.44 
16.578 5.8803 34.0082 16.6903 6.22071 32.9918 -1662.05 -479.422 -1377.36 -698.258 -1170.06 -1502.19 
17.9875 2.86277 32.9622 18.0558 2.85326 34.0378 -1057.97 245.881 -1458.71 -1785.95 -697.556 -1420.85 
24.9216 28.0413 33.9847 24.5541 27.7464 33.0153 -263.374 -975.288 -1697.67 -1198.3 -1505.71 -1181.89 
27.3909 34.0975 34.0292 27.5939 34.0774 32.9708 -1312.06 1423.93 -1549.12 -212.162 1019.14 -1330.44 
13.4434 12.2401 34.0312 13.4824 12.0632 32.9688 -761.953 -719.211 -1540 -505.832 -1866.24 -1339.55 
2.62758 15.32 32.9624 2.62449 15.3952 34.0376 -45.7971 1753.97 -1467.37 878.264 1002.63 -1412.18 
15.8544 29.2019 34.0339 15.8092 29.0631 32.9661 1856.89 194.808 -1510.59 992.057 -613.568 -1368.97 
22.2264 16.3779 33.8591 22.7613 16.9778 33.1409 -962.149 1095.86 -995.647 -1453.9 470.85 -1883.91 
33.6137 33.2346 33.0608 34.2002 33.0199 33.9392 -133.763 1780.06 -1117.39 570.58 1066.17 -1762.16 
11.2532 6.0614 33.222 11.1095 6.97339 33.778 -1015.34 800.325 -1837.05 -1680.79 210.979 -1042.5 
24.921 33.8644 33.0195 25.0263 33.3879 33.9805 -199.147 -1895.62 -1708.41 -540.175 -887.405 -1171.15 
4.97762 18.2695 33.9838 4.50839 18.1968 33.0162 1061.78 -942.029 -1671.7 213.522 -1639.73 -1207.86 
4.09206 24.9084 34.0153 4.16827 24.6023 32.9847 -109.229 -1843.74 -1340.51 685.603 -977.546 -1539.04 
4.97595 14.8924 33.2108 4.24853 15.4381 33.7892 342.118 -1703.85 -944.48 -37.2138 -1159.52 -1935.08 
17.0204 19.981 33.1939 16.9671 19.0956 33.8061 1501.7 163.977 -950.998 1357.81 -503.205 -1928.56 
17.778 6.0518 32.9627 17.8556 6.02661 34.0373 -115.813 2029.12 -1427.2 -154.234 837.75 -1452.35 
15.7422 20.9878 32.9634 15.7565 21.0866 34.0366 -629.532 1592.49 -1490.41 -1256.48 583.464 -1389.15 
32.5783 24.4402 34.035 32.4908 24.5364 32.965 1452.36 -254.296 -1497.2 1347.34 927.754 -1382.36 
33.5225 18.6451 34.0331 33.6661 18.5794 32.9669 -663.596 -526.481 -1409.72 -1498.1 -1375.86 -1469.84 
30.7167 4.89734 33.946 31.1334 4.45873 33.054 -604.185 974.76 -1238.84 -1703.45 747.644 -1640.71 
7.20529 21.61 32.9768 7.37735 21.4173 34.0232 616.931 881.525 -1329.38 1777.16 718.524 -1550.18 
15.3493 7.69603 33.079 15.5008 8.35161 33.921 -712.553 843.626 -1067.7 -525.572 1756.16 -1811.86 
4.97652 1.49284 33.9827 4.59598 1.78413 33.0173 243.586 -970.551 -1175.28 1137.12 -1556.4 -1704.27 
4.20556 10.0354 34.0081 4.36456 9.71337 32.9919 1181.45 -315.106 -1612.95 1091.81 -1452.41 -1266.6 
33.4921 5.10962 34.0357 33.3789 5.14088 32.9643 -1671.3 912.992 -1378.37 -488.033 992.031 -1501.18 
25.7966 27.0434 32.9985 25.5245 27.3291 34.0015 -1102.08 -10.0397 -1532.89 -1556.38 -1096.5 -1346.67 
14.6482 19.5406 34.0237 14.7812 19.3239 32.9763 563.126 1860.79 -1569.75 734.349 709.891 -1309.81 
4.14189 27.6419 33.8862 4.87909 27.7892 33.1138 941.153 474.561 -1845.02 1809.97 375.84 -1034.54 
29.4256 5.94942 34.0357 29.528 5.89147 32.9643 -565.691 654.776 -1374.71 -1583.87 1261.27 -1504.84 
29.3449 26.0488 33.9099 28.8789 25.5269 33.0901 411.703 1726.57 -1567.69 1051.45 753.561 -1311.87 
9.89389 3.15396 33.846 9.4686 3.86245 33.154 768.825 817.104 -1871.24 734.181 1639.08 -1008.32 
10.3262 19.8635 32.9973 10.1172 20.191 34.0027 -567.21 -1710.52 -1227.02 -1019.19 -692.633 -1652.54 
1.72407 18.2528 34.0117 2.05554 18.3193 32.9883 605.847 -612.65 -1495 1157.65 -1663.73 -1384.56 
2.33536 2.14242 33.0377 2.03936 2.6107 33.9623 -825.013 1767.16 -1739.36 -502.435 788.175 -1140.2 
18.4942 21.2474 33.9845 18.2671 21.6611 33.0155 853.548 -181.515 -1334.7 2017.89 -34.5588 -1544.86 
4.77508 26.4054 34.0383 4.7372 26.3704 32.9617 205.695 2004.86 -1464.78 -170.057 874.476 -1414.77 
33.2282 9.12921 33.9649 33.7058 9.3923 33.0351 -628.986 -1202.27 -1271.99 -1608.21 -610.685 -1607.56 
25.2358 27.9451 33.8289 25.3868 27.1048 33.1711 56.3595 -1120.05 -1642.51 -948.226 -1617.91 -1237.05 
32.138 3.64593 34.0292 32.0202 3.47989 32.9708 500.191 1154.17 -1453.23 -546.163 1725.02 -1426.33 
12.0212 10.3057 33.9975 12.0943 9.89791 33.0025 -988.075 -1517.65 -1210.82 -1135.82 -426.804 -1668.74 
9.64815 29.5346 32.9875 9.80521 29.241 34.0125 850.307 1263.67 -1257.55 1531.06 355.259 -1622 
29.5231 18.1196 33.9737 29.589 17.6101 33.0263 372.952 -1902.55 -1160.71 463.348 -852.892 -1718.84 
18.3509 32.6902 34.0387 18.3695 32.7072 32.9613 203.557 823.621 -1452.44 672.896 1919.31 -1427.12 
26.16 8.12631 33.0616 26.7547 8.32393 33.9384 934.485 1629.6 -1532.91 1049.31 457.601 -1346.65 
9.18657 18.9531 33.1278 9.60116 19.6131 33.8722 -1003.7 597.041 -1041.65 -986.304 1484.24 -1837.91 
22.8621 26.1463 34.0378 22.8754 26.2148 32.9622 541.558 -1243.82 -1464.02 1594.7 -687.045 -1415.54 
29.1333 28.8234 33.8915 28.5125 29.2273 33.1085 828.414 -1645.38 -1845.91 193.256 -1046.84 -1033.64 
19.5337 23.2598 34.0328 19.3772 23.2185 32.9672 882.65 -1712.13 -1500 -109.205 -1061.61 -1379.56 
24.872 23.7069 32.9615 24.8487 23.6741 34.0385 -1760.13 163.462 -1432.89 -1049.59 -793.826 -1446.67 
12.8137 6.40122 32.9622 12.7453 6.41334 34.0378 -1033.37 -1668.47 -1467.34 -47.2621 -1000.63 -1412.22 
1.55356 15.4005 32.9764 1.41433 15.6139 34.0236 1429.35 -814.361 -1432.02 397.523 -1411.49 -1447.54 
33.5187 8.18318 32.9611 33.519 8.18322 34.0389 936.338 -1207.59 -1439.68 1575.2 -200.958 -1439.87 
8.40756 28.8165 32.9623 8.36715 28.8752 34.0377 -1307.82 589.809 -1466.55 -1571.68 -571.643 -1413 
