8.1669 7.31727 33.0898 8.59414 6.76393 33.9102 849.909 500.794 -2149.89 270.451 1199.42 -1376.83 
22.9163 8.14654 32.9654 22.9234 8.01098 34.0346 874.633 922.103 -1688.6 1046.75 -248.146 -1838.12 
24.0176 32.7862 34.0359 24.0792 32.8813 32.9641 -38.6432 1611.46 -1711.39 -15.1471 423.983 -1815.33 
18.6104 2.29497 34.022 18.6158 2.02728 32.978 -187.226 -825.517 -1795.08 982.161 -1049.05 -1731.64 
21.2424 23.4205 33.9964 21.6225 23.5984 33.0036 -121.839 936.74 -1973.85 993.123 903.583 -1552.87 
22.1529 5.50963 33.0795 21.9356 6.14772 33.9205 769.083 204.651 -2132.44 1225.77 -612.683 -1394.29 
28.6354 28.7 33.0042 28.9161 29.0155 33.9958 -433.78 -143.118 -1962.9 -1519.64 -431.406 -1563.82 
14.4621 11.5721 33.673 14.5018 12.5921 33.327 -880.866 255.937 -1211.81 -1149.89 -107.712 -2314.92 
24.1878 32.8583 34.0038 24.5528 32.9723 32.9962 -491.857 1329.49 -1904.95 484.534 706.65 -1621.77 
23.2409 24.2819 34.0332 23.2551 24.1269 32.9668 -892.073 417.943 -1701.62 -141.762 1336.23 -1825.1 
11.8341 31.4502 33.0267 11.8727 31.9641 33.9733 711.246 195.615 -2008.82 1248.31 -748.85 -1517.9 
32.6863 7.53969 32.9908 32.915 7.2709 34.0092 -547.242 1474.14 -1571.57 1.10824 487.407 -1955.15 
8.38027 31.7005 34.0339 8.47326 31.8145 32.9661 -351.506 918.477 -1822.29 826.245 1061.56 -1704.43 
27.8836 2.61028 34.0389 27.8833 2.61172 32.9611 6.47827 1587.48 -1762.54 283.644 427.897 -1764.18 
27.7892 27.0668 32.9676 27.7624 27.2317 34.0324 -1609.03 121.855 -1786.65 -422.583 14.0194 -1740.07 
32.9285 24.8773 32.9956 33.0667 25.2306 34.0044 1329.83 -109.792 -1950.94 468.932 -844.347 -1575.78 
12.6867 14.9789 33.222 13.5409 15.3295 33.778 -722.105 43.6504 -2273.49 -1311.9 -137.13 -1253.23 
14.7511 32.3365 34.0156 15.0507 32.244 32.9844 206.675 -382.239 -1883.68 709.731 -1436.04 -1643.04 
12.4597 22.1094 32.9852 12.2604 22.3578 34.0148 -625.704 -628.015 -1587.33 -1371.72 232.781 -1939.39 
15.1513 15.0277 33.071 15.5483 14.5102 33.929 -440.113 -625.513 -1402.64 127.27 -1386.46 -2124.09 
20.0627 24.853 33.0247 20.1664 24.3559 33.9753 126.225 1511.37 -1527.56 -327.54 514.805 -1999.16 
7.91048 20.3055 32.9704 7.9947 20.125 34.0296 -746.875 17.2179 -1868.54 -899.545 1180.79 -1658.18 
15.2718 27.9212 32.9693 15.4589 27.9149 34.0307 1452.92 314.569 -1863.22 331.389 666.326 -1663.5 
30.5519 1.69774 34.038 30.4928 1.71044 32.962 672.906 106.716 -1766.66 807.425 1291.33 -1760.06 
32.3122 22.2884 33.1253 32.5955 23.0093 33.8747 -333.885 987.982 -2150.86 -1081.32 475.953 -1375.86 
26.1827 17.641 33.7426 26.4792 16.7254 33.2574 922.971 606.789 -2294 997.873 68.6977 -1232.72 
8.16942 2.78133 33.0271 8.04194 2.28036 33.9729 586.271 -1007.09 -2040.28 1123.7 -98.3114 -1486.44 
6.27353 9.46917 33.2231 7.10991 9.86326 33.7769 -190.253 -774.79 -2274.74 -745.655 -1033.52 -1251.98 
3.05091 6.11458 34.0372 2.97402 6.15 32.9628 457.051 819.396 -1809.95 -666.953 1205.91 -1716.77 
4.11899 16.073 33.9046 4.32664 16.754 33.0954 -550.265 1079.18 -1373.36 -966.461 279.294 -2153.37 
18.231 8.83247 33.0672 17.6646 9.13479 33.9328 -1385.43 116.217 -2115.51 -620.301 -466.866 -1411.21 
2.93924 22.3142 33.0191 2.7089 21.8857 33.9809 -271.933 528.901 -2031.77 155.417 1503.92 -1494.95 
1.49172 8.33061 33.929 0.861108 8.49743 33.071 -1190.15 -924.661 -1458.59 -251.902 -512.838 -2068.13 
20.2784 33.1839 34.0303 20.2175 33.3653 32.9697 -1226.17 217.683 -1809.49 -371.845 1044.17 -1717.24 
6.30345 22.8168 33.7652 5.62226 22.1716 33.2348 -739.381 223.23 -2275.91 -1288.48 -39.6848 -1250.81 
29.6051 29.551 34.0288 29.6849 29.7422 32.9712 -977.92 -1196.61 -1877.68 -601.233 -88.7736 -1649.04 
6.93596 24.3209 33.9142 6.5729 23.7348 33.0858 665.848 -826.625 -1382.11 1167.38 -59.4874 -2144.62 
30.7873 32.084 33.0494 30.3736 32.5064 33.9506 -1372.5 516.862 -2089.88 -630.247 -149.523 -1436.84 
12.9297 7.13294 32.973 13.1404 7.0529 34.027 -492.826 -719.227 -1882.63 -1412.47 1.05891 -1644.09 
23.2782 32.4166 33.9851 22.812 32.4719 33.0149 695.547 -47.2572 -1679.44 907.268 -1208.49 -1847.28 
29.9588 28.3857 33.9601 30.5195 28.4112 33.0399 784.007 -1385.89 -1603.24 213.135 -389.392 -1923.48 
20.8742 10.0456 33.0204 21.3345 9.87291 33.9796 -1374.48 714.168 -1494.89 -460.12 169.106 -2031.84 
28.4941 26.0093 33.8392 28.6842 26.8249 33.1608 836.146 18.2109 -2226.18 1054.72 737.147 -1300.54 
11.0211 18.6917 34.0115 10.9661 19.0263 32.9885 -1301.06 92.3128 -1596.34 -602.737 -814.451 -1930.38 
6.32764 24.7105 34.0095 6.46702 24.3884 32.9905 196.179 -441.929 -1931.83 1128.28 -1104.59 -1594.89 
23.1525 2.15933 34.017 23.1897 2.46135 32.983 -411.736 -1095.67 -1880.98 -1160.49 -198.176 -1645.74 
23.6232 24.4306 34.0384 23.5788 24.4474 32.9616 329.787 -1278.76 -1757.73 980.481 -279.8 -1768.99 
20.7534 18.354 33.9092 20.0629 18.232 33.0908 -478.139 237.284 -2110.43 -1368.56 620.412 -1416.29 
8.81276 7.94922 32.9628 8.82617 8.03349 34.0372 341.434 -382.61 -1810.42 245.12 -1567.23 -1716.3 
7.86893 23.3068 34.0386 7.83371 23.3159 32.9614 1011.21 637.869 -1758.12 1023.23 -554.274 -1768.6 
21.028 28.4661 33.9044 21.2679 27.7953 33.0956 873.105 -889.32 -1393.46 977.37 39.8122 -2133.26 
29.0476 33.1547 33.0837 29.1759 32.4824 33.9163 750.241 -359.26 -1414.17 457.398 -1280.11 -2112.55 
28.071 13.6417 33.0088 27.9123 13.2275 33.9912 736.645 266.04 -1973.47 495.074 1355.31 -1553.25 
26.3223 4.16791 33.9247 26.9774 4.06354 33.0753 405.456 373.587 -2102.96 1335.31 682.661 -1423.76 
30.8371 28.945 34.0364 30.9375 28.9674 32.9636 425.07 -173.224 -1820.07 1601.93 -19.6261 -1706.65 
14.8339 7.21754 32.9615 14.793 7.20623 34.0385 910.71 258.289 -1759.04 1011.58 -929.654 -1767.68 
11.3129 30.145 33.0251 10.9025 30.447 33.9749 862.236 -1254.6 -1482.63 81.8659 -549.446 -2044.09 
9.35735 15.5446 33.3129 9.76875 14.6214 33.6871 1018.52 -808.861 -2232.69 285.395 -755.022 -1294.03 
22.0529 9.98699 33.1155 21.464 9.51421 33.8845 -192.676 1431.78 -1398.62 -408.179 513.698 -2128.1 
20.4576 2.54914 32.9611 20.45 2.54533 34.0389 441.803 -2.96057 -1768.06 1544.74 449.708 -1758.67 
30.849 31.8347 33.0754 31.5017 31.7146 33.9246 -934.546 1105.48 -1407.51 -91.756 653.109 -2119.21 
28.3136 33.1844 33.9181 28.6433 33.7792 33.0819 1193.45 591.761 -1388.02 814.389 -253.376 -2138.7 
24.6116 13.6602 33.0421 25.0321 13.2779 33.9579 457.666 -201.027 -1471.96 1453.25 -502.062 -2054.76 
20.3233 14.6119 34.007 20.6185 14.3966 32.993 608.233 177.969 -1659.38 744.34 1344.03 -1867.34 
5.16021 25.679 34.0295 5.05485 25.5092 32.9705 1487.23 299.093 -1866.5 546.254 -403.384 -1660.22 
26.8594 5.90758 32.9941 26.889 6.27756 34.0059 -466.797 174.7 -1597.43 -1094.22 1132.65 -1929.3 
24.2728 34.1478 32.9661 24.4028 34.081 34.0339 412.759 145.186 -1730.43 1338.43 893.69 -1796.29 
29.0243 11.6343 33.9026 28.7854 12.3097 33.0974 -77.6767 1183.43 -1437.29 805.37 718.251 -2089.43 
2.29022 18.6288 34.009 2.55903 18.859 32.991 -1023.83 475.4 -1959.06 -151.309 1187.42 -1567.66 
14.4271 10.4987 32.962 14.4836 10.4704 34.038 -28.7423 487.456 -1756.95 690.687 1438.1 -1769.77 
34.0497 25.7369 33.0826 33.4144 25.49 33.9174 530.287 167.8 -2140.16 1404.78 465.795 -1386.56 
25.706 21.397 34.0387 25.7216 21.4172 32.9613 271.23 -770.462 -1775.1 1401.22 -390.937 -1751.62 
16.5818 33.9732 33.8132 15.784 33.6089 33.1868 1332.86 130.829 -2248.5 703.113 -158.056 -1278.23 
22.6774 25.9061 33.8593 23.1909 26.5238 33.1407 -317.266 1297.58 -1331.7 -593.986 523.279 -2195.03 
22.5621 13.5973 32.9893 22.718 13.2909 34.0107 1418.04 587.019 -1698.86 592.188 -263.147 -1827.86 
9.09248 28.3693 33.0267 8.89375 28.8446 33.9733 490.429 -101.93 -1713.23 1502.18 520.781 -1813.49 
5.32299 14.0704 33.8647 6.00501 14.4758 33.1353 42.4608 742.28 -2202.11 748.065 1134.15 -1324.61 
2.9897 9.35272 33.7252 2.2101 9.9452 33.2748 -253.908 1374.26 -1329.53 -368.037 564.581 -2197.2 
29.3377 33.4585 32.9763 29.5562 33.328 34.0237 -548.836 -324.535 -1903.61 -1487.08 355.523 -1623.12 
17.3259 14.794 34.0156 17.0188 14.7298 32.9844 1285.58 -716.217 -1816.34 712.41 323.835 -1710.38 
24.0234 3.77578 34.0044 24.4025 3.77966 32.9956 452.132 -1383.89 -1599.03 -429.906 -652.142 -1927.69 
29.8742 22.9201 34.0353 29.8914 23.0436 32.9647 -406.814 -1553.31 -1832.29 -220.46 -383.813 -1694.44 
32.5084 9.01926 33.9594 32.357 8.47641 33.0406 617.094 -233.603 -1489.4 1404.82 474.014 -2037.33 
11.4424 16.9675 33.0462 11.6241 17.5197 33.9538 -98.5252 1350.67 -2074.04 -693.417 525.16 -1452.68 
33.2118 1.82833 33.9944 33.4585 1.47774 33.0056 494.309 56.6469 -1971.87 1512.1 -403.432 -1554.86 
20.0221 33.8164 34.0227 20.0313 34.0788 32.9773 722.295 258.87 -1635.16 1245.72 -781.198 -1891.56 
6.69124 29.5034 34.0244 6.72009 29.7502 32.9756 152.681 1412.57 -1653.55 757.471 408.846 -1873.17 
7.85679 5.129 32.9811 7.88557 5.41809 34.0189 1435.94 -481.394 -1802.94 258.086 -648.298 -1723.78 
1.57945 24.7669 33.7717 2.45225 24.4434 33.2283 747.227 -838.731 -1279.37 76.1734 -1023.51 -2247.36 
31.6023 20.4403 32.9618 31.5919 20.3851 34.0382 -116.021 -542.803 -1746.45 -1218.73 -994.842 -1780.28 
18.9168 16.4785 32.966 18.7716 16.4883 34.034 935.782 -678.183 -1693.25 -130.838 -1192.11 -1833.47 
6.44865 28.045 33.0086 6.62518 27.6395 33.9914 362.442 347.678 -1966.49 611.128 1440.64 -1560.23 
11.229 5.59754 33.8592 10.4257 5.58994 33.1408 1298.17 -274.103 -2082.65 719.256 549.636 -1444.08 
8.97766 22.9095 33.0195 9.28896 22.5338 33.9805 -549.826 42.7063 -2032.09 -1308.87 788.657 -1494.63 
9.49491 4.48758 34.0332 9.34174 4.516 32.9668 -1240.01 990.108 -1680.36 -181.003 468.19 -1846.36 
4.99532 1.89642 32.975 4.96674 1.65528 34.025 -389.647 589.095 -1872.73 408.894 1446.97 -1653.99 
31.5712 31.1973 32.9939 31.2414 31.0294 34.0061 -1335.43 818.955 -1814.27 -563.398 -83.8525 -1712.45 
19.474 13.7839 34.0325 19.6322 13.7347 32.9675 -1034.04 -892.071 -1851.94 144.031 -939.271 -1674.78 
15.0243 20.1105 33.9682 14.693 20.529 33.0318 -56.8398 1386.93 -1687.34 -794.498 462.701 -1839.38 
33.4266 4.81374 32.9656 33.5243 4.91313 34.0344 726.355 199.474 -1793.42 1185.86 -899.026 -1733.3 
22.66 10.3593 33.7489 22.4345 11.2882 33.2511 -704.679 -866.564 -2290.46 -924.437 -354.87 -1236.26 
1.45934 4.6211 33.0507 2.04955 4.54568 33.9493 -932.501 1162.82 -1649.13 -731.969 9.97779 -1877.59 
7.97906 24.902 32.9624 8.0417 24.9424 34.0376 -614.427 -45.143 -1760.18 -1182.26 1003.18 -1766.54 
32.2655 23.8939 33.7007 31.2976 24.1462 33.2993 711.788 607.483 -1215.75 1094.37 332.571 -2310.97 
21.9042 26.1246 32.9642 21.9193 26.2396 34.0358 -1168.17 149.924 -1818.8 -706.831 -943.846 -1707.92 
1.62916 20.4293 34.0387 1.65268 20.4394 32.9613 654.369 -140.957 -1774.56 1234.96 900.133 -1752.16 
20.6077 22.7378 32.985 20.6767 22.4277 34.015 1463.12 -60.0533 -1706.94 440.505 -662.525 -1819.79 
11.9238 12.1458 32.9617 11.9535 12.1069 34.0383 -1167.22 446.924 -1738.26 -852.887 -702.047 -1788.46 
25.412 4.96366 33.872 26.1714 4.78659 33.128 -638.901 345.91 -1458.25 -1397.25 -342.557 -2068.47 
12.8473 29.3748 33.9222 12.2102 29.1684 33.0778 -118.402 -987.404 -1399.82 824.256 -922.489 -2126.9 
32.7724 31.9016 32.9611 32.7738 31.9031 34.0389 -344.259 499.025 -1762.26 246.239 1534.77 -1764.46 
19.9494 21.3265 32.9887 20.0053 21.6623 34.0113 556.951 1057.25 -1808.84 -629.155 977.628 -1717.88 
16.1659 2.38332 34.023 16.2448 2.13563 32.977 1229.6 912.918 -1749.52 65.1219 658.584 -1777.2 
32.248 32.3978 33.0072 32.1625 31.9701 33.9928 -197.428 425.847 -1985.02 -462.487 1500.4 -1541.7 
29.8741 31.8763 34.0286 29.7051 31.7522 32.9714 493.026 -51.9735 -1647.58 1470.85 589.665 -1879.14 
8.91589 23.1446 32.9714 9.07793 23.0112 34.0286 184.421 -1462.18 -1876.86 -539.826 -542.72 -1649.86 
30.8664 2.59372 34.0072 31.0618 2.28647 32.9928 -1194.05 844.698 -1963 -729.992 -178.376 -1563.72 
21.3972 5.35952 32.971 21.5594 5.2339 34.029 -621.101 810.844 -1758.31 -1309.16 -162.771 -1768.41 
25.6678 3.22496 34.0368 25.5837 3.18222 32.9632 -1197.28 -217.02 -1723.26 -729.106 876.522 -1803.46 
10.5652 19.0441 33.8269 10.9744 18.2914 33.1731 47.8189 629.06 -1311.09 30.8946 1405.57 -2215.63 
18.5202 19.5584 33.7724 19.1721 18.8951 33.2276 1024.16 -721.929 -1267.94 846.047 -83.2023 -2258.78 
18.5226 28.7139 33.068 17.9798 28.3665 33.932 -543.161 -1319.67 -2116.97 175.082 -682.935 -1409.75 
20.0857 11.5815 32.9611 20.0816 11.5858 34.0389 1526.49 -237.832 -1760.2 504.917 376.835 -1766.52 
33.499 14.4503 34.0202 33.5735 14.722 32.9798 797.202 -580.762 -1633.63 -93.3035 -1329.85 -1893.09 
22.6649 28.3639 33.9441 22.2842 27.8868 33.0559 560.082 -251.811 -1449.85 1474.99 185.496 -2076.87 
30.9477 1.77483 34.0359 31.0223 1.68966 32.9641 -64.7444 -1550 -1736.4 408.334 -456.955 -1790.33 
14.7055 21.4836 34.0231 14.6847 21.2253 32.9769 822.143 518.45 -1669.07 -11.7063 1349.47 -1857.65 
3.35757 28.883 33.0409 3.35397 28.3188 33.9591 -368.679 -553.004 -1482.4 144.541 -1470.78 -2044.32 
25.2199 23.6504 33.8679 24.7304 23.0335 33.1321 103.809 1476.32 -2130.35 180.365 539.903 -1396.38 
10.5978 25.0999 34.0383 10.5567 25.0692 32.9617 -694.434 795.922 -1736.07 417.982 1221.38 -1790.65 
25.7316 10.3517 33.8089 25.2057 9.64228 33.1911 543.998 501.832 -1391.41 233.189 1380.16 -2135.31 
1.88668 30.1417 33.8566 1.92705 30.9488 33.1434 -647.082 1304.42 -1404.45 31.0055 636.296 -2122.27 
7.17701 27.5175 33.0761 6.67195 27.0842 33.9239 338.554 533.775 -2083.29 1341.09 617.182 -1443.43 
20.7518 25.1653 34.0389 20.7477 25.167 32.9611 368.64 1565.78 -1763.2 -29.3151 441.904 -1763.52 
26.5772 5.77793 34.0377 26.5725 5.8487 32.9623 854.258 -122.077 -1725.54 614.988 -1287.62 -1801.19 
24.9918 1.83497 34.0275 24.8509 1.66523 32.9725 349.01 398.017 -1685.55 1530.98 384.015 -1841.17 
34.1072 30.2723 32.9705 34.1285 30.4715 34.0295 -518.621 984.688 -1745.66 671.539 1045.72 -1781.06 
4.79681 10.1367 34.0384 4.83685 10.1103 32.9616 -1058.24 1202.09 -1787.53 -424.54 193.357 -1739.2 
10.5252 23.0784 34.0384 10.4926 23.0457 32.9616 119.731 1083.6 -1785.83 -1021.62 741.914 -1740.89 
20.1649 5.83339 34.0072 20.2787 5.4873 32.9928 -388.945 1398.29 -1930.92 -726.626 305.068 -1595.81 
26.1021 4.92008 34.0133 25.8196 5.08786 32.9867 -107.571 452.701 -1931.03 -773.87 1382.78 -1595.69 
18.1213 4.18759 33.9781 17.8372 3.77932 33.0219 -1249.27 843.999 -1627.4 -99.9551 680.962 -1899.33 
16.3669 8.75782 34.0359 16.2535 8.75545 32.9641 -863.07 -1045.52 -1700.87 315.475 -915.623 -1825.85 
6.76305 30.557 33.1456 6.33081 29.8697 33.8544 -589.178 -749.614 -1827.49 469.357 -1283.01 -1699.24 
26.2059 3.34321 33.0374 26.024 2.82126 33.9626 -1280.57 -677.031 -2060.75 -692.033 172.285 -1465.98 
33.7265 9.7705 33.9791 33.3336 10.0693 33.0209 -461.94 -546.846 -2028.65 -1452.15 -147.549 -1498.08 
29.2055 4.62786 32.9675 29.0882 4.74402 34.0325 -649.825 1297.41 -1851.44 378.626 720.599 -1675.28 
20.6044 11.1789 32.9834 20.8412 10.9837 34.0166 -21.8786 -661.342 -1600.26 1035.83 -1104.39 -1926.46 
23.0898 32.0545 33.0595 23.3845 32.6008 33.9405 -1427.09 -537.703 -1577.68 -294.213 -549.978 -1949.04 
21.7426 19.1659 33.0967 21.0318 19.0908 33.9033 475.525 1478.78 -1515.08 15.6951 497.229 -2011.64 
5.22572 23.5859 32.9652 5.11337 23.5147 34.0348 550.476 1030.64 -1763.49 1190.73 24.8861 -1763.23 
2.78676 22.0789 33.0635 2.15547 22.1099 33.9365 343.44 -352.796 -1807.37 406.797 -1540.1 -1719.35 
27.6211 18.772 34.0002 27.2208 18.7932 32.9998 -325.426 -1455.29 -1843.27 -665.113 -323.686 -1683.45 
23.9748 31.3734 33.9546 24.1373 31.9289 33.0454 -1418.55 -521.926 -2036.05 -578.517 124.892 -1490.68 
26.7181 20.5144 32.9638 26.8213 20.484 34.0362 1594.64 202.317 -1819.86 408.393 163.451 -1706.86 
8.98289 11.829 33.8127 8.257 12.3224 33.1873 664.12 -115.012 -1281 1308.38 -390.129 -2245.72 
23.7647 2.67872 32.9676 23.9304 2.65742 34.0324 214.215 -556.068 -1670.93 1382.24 -707.76 -1855.79 
33.6681 4.45849 33.007 33.66 4.02328 33.993 -896.068 -578.834 -1998.24 -1138.14 489.9 -1528.48 
16.0493 31.4961 32.968 16.1408 31.3507 34.032 1432.42 -597.408 -1855.14 564.373 198.994 -1671.58 
13.2738 14.5648 33.9942 12.9218 14.8113 33.0058 -330.873 332.931 -1995.08 -1052.16 1161.44 -1531.64 
15.8606 29.6143 33.9084 16.5591 29.5335 33.0916 -347.655 -993.666 -2151.72 556.07 -1031.79 -1375 
9.20332 30.3219 32.9785 8.93361 30.2898 34.0215 -846.876 -1040.33 -1913.57 300.737 -921.215 -1613.15 
22.4241 27.5416 33.9895 21.9888 27.6578 33.0105 1463.49 -513.334 -2006.49 509.926 11.7651 -1520.23 
5.29384 15.9839 32.9766 5.46358 16.1762 34.0234 75.0121 -768.294 -1668.64 1252.09 -775.962 -1858.09 
29.1256 31.5325 32.9619 29.1813 31.543 34.0381 846.075 776.426 -1790.43 -275.184 1178.06 -1736.29 
33.1766 18.7531 32.9969 33.56 18.7039 34.0031 -309.216 -396.916 -1959.58 -1382.83 -735.739 -1567.14 
15.3594 6.35261 33.9536 15.3121 5.77264 33.0464 -457.559 -428.319 -2081.95 -369.748 -1432.19 -1444.77 
4.24395 20.5528 34.0285 4.29417 20.7577 32.9715 -123.826 412.185 -1861.19 -521.388 1519.04 -1665.53 
25.0334 34.3023 33.8662 24.2861 34.0439 33.1338 -490.306 -1459.16 -1501.12 -343.034 -398.649 -2025.6 
14.2986 13.7116 33.8264 13.4412 13.7306 33.1736 -100.218 1581.07 -1601.76 120.916 454.975 -1924.96 
7.48369 6.85176 33.9738 7.33024 6.36173 33.0262 -82.5817 1517.66 -2045.9 -278.365 486.247 -1480.82 
20.5529 21.0444 32.9616 20.5694 21.0885 34.0384 -371.634 378.516 -1774.68 -1558.67 269.448 -1752.04 
8.77722 30.155 32.9611 8.77507 30.1521 34.0389 587.98 818.901 -1762.79 -535.987 1216.59 -1763.93 
7.18143 25.3884 33.9752 7.08902 24.8887 33.0248 1435.2 300.789 -1992 597.796 -414.132 -1534.72 
12.1124 5.14646 33.0272 11.9183 5.62567 33.9728 473.841 -47.3706 -1981.48 1488.13 -497.236 -1545.24 
23.6211 22.8427 33.9919 23.182 22.8745 33.0081 468.393 -365.317 -1532.86 1523.61 -56.3818 -1993.86 
32.428 29.3596 33.1136 31.6771 29.3356 33.8864 975.553 400.995 -1453.71 313.389 1175.25 -2073.01 
25.4702 21.7016 32.9941 25.8101 21.552 34.0059 -811.029 259.45 -1776.91 -399.22 1377.99 -1749.81 
14.6186 24.6909 32.9663 14.6511 24.8364 34.0337 269.213 371.56 -1681.21 427.108 1541.83 -1845.51 
16.221 2.14516 32.9723 16.082 1.97625 34.0277 -968.829 207.697 -1672.41 -919.422 -969.557 -1854.32 
7.47544 27.4946 32.9969 7.6384 27.1446 34.0031 241.661 -394.801 -1549.83 720.493 -1399.69 -1976.9 
12.4207 22.2677 33.0077 12.0019 22.1385 33.9923 -764.705 662.009 -1592.21 -1250.62 -371.519 -1934.51 
2.71666 25.1496 34.0094 3.04998 25.2609 32.9906 -1157.77 -209.83 -1887.96 -762.475 887.031 -1638.76 
11.3791 19.7411 33.9279 10.7902 20.0281 33.0721 -365.555 -791.293 -2124.9 -1249.45 -448.741 -1401.82 
1.8485 18.8557 34.022 1.61645 18.9893 32.978 -1037.07 -891.885 -1824.32 -907.156 286.977 -1702.4 
21.0887 7.6982 34.0286 21.1828 7.88575 32.9714 1230.47 144.528 -1806.28 434.312 1027.83 -1720.44 
18.16 30.7632 34.0388 18.1596 30.743 32.9612 648.188 858.088 -1772.86 1265.24 -161.883 -1753.87 
20.9982 5.24593 34.0371 20.9159 5.27841 32.9629 240.78 -442.036 -1758.59 -87.0038 -1588.3 -1768.14 
27.0412 6.15961 33.0729 27.5697 5.76877 33.9271 1030.57 -1034.08 -2091.29 651.426 -113.445 -1435.43 
20.4649 32.932 34.0305 20.3519 32.78 32.9695 -478.136 1179.09 -1867.35 -1057.46 158.021 -1659.37 
27.4777 5.80587 34.0334 27.6294 5.78755 32.9666 -366.029 276.199 -1678.88 -1531.48 462.3 -1847.84 
14.4787 3.85845 33.1577 14.5599 4.68694 33.8423 394.054 453.08 -1338.14 917.332 1104.54 -2188.58 
9.75303 19.342 34.0221 9.78254 19.6077 32.9779 752.294 -1319.12 -1835.15 -221.707 -646.687 -1691.57 
4.06017 30.5575 33.8335 4.49134 31.286 33.1665 306.137 1049.92 -1406.15 -643.929 958.02 -2120.57 
7.90393 6.73538 34.0339 8.04488 6.6949 32.9661 36.2705 1612.08 -1788.12 69.4901 421.324 -1738.6 
4.9894 11.7673 33.9916 4.67411 11.458 33.0084 158.801 449.805 -1622.13 -73.5733 1584.56 -1904.59 
4.5199 0.896295 33.6633 4.41312 1.91787 33.3367 -116.709 -1204.86 -2293.33 275.428 -825.095 -1233.39 
6.01096 22.2359 33.9971 6.38523 22.4174 33.0029 367.438 722.012 -1625.92 -640.925 1295.69 -1900.8 
24.4256 29.9928 32.9631 24.334 29.987 34.0369 1545.59 -405.515 -1713.13 361.629 -307.53 -1813.59 
13.7004 12.3781 32.9641 13.6263 12.2913 34.0359 712.637 -266.857 -1706.87 428.772 -1419.3 -1819.85 
