10.5256 18.4837 33.9257 10.3406 17.8493 33.0743 376.549 30.4515 -1184.1 1222.41 605.699 -1796.52 
27.7808 22.6823 33.0192 27.9516 22.2264 33.9808 366.001 830.62 -1238.75 1112.89 49.292 -1741.88 
8.06577 5.63921 34.0003 8.45847 5.56055 32.9997 316.168 -481.863 -1344.63 -573.967 -1219.58 -1635.99 
13.7857 19.1497 32.9848 13.9717 18.8944 34.0152 -295.934 -104.318 -1626.21 -1423.63 171.164 -1354.42 
23.114 9.13744 33.0876 23.6868 8.7461 33.9124 -674.405 -132.317 -1799.26 -882.259 865.916 -1181.37 
33.4844 9.46212 33.0384 34.0349 9.38194 33.9616 161.271 -411.393 -1185.38 1139.71 -715.031 -1795.24 
22.6646 6.46898 32.9644 22.559 6.4127 34.0356 -449.621 -258.616 -1479.94 -59.7589 -1385.13 -1500.68 
14.7946 28.1018 32.992 14.914 27.7626 34.008 -647.564 182.49 -1319.41 -901.978 -931.018 -1661.22 
17.5686 21.3443 34.0385 17.6062 21.3645 32.9615 73.3686 -254.713 -1487.45 505.788 -1365.77 -1493.17 
6.68936 3.1384 34.0317 6.52083 3.0914 32.9683 -315.015 750.751 -1579.23 -1229.91 7.25148 -1401.39 
22.6496 8.5886 34.0069 23.0058 8.67285 32.9931 -1365.54 335.582 -1646.11 -350.492 -206.68 -1334.51 
27.6971 24.6401 33.9633 27.1512 24.7098 33.0367 -168.749 480.631 -1794.6 -1189.54 575.979 -1186.03 
4.87249 30.9336 34.0033 4.66303 31.2571 32.9967 -1228.73 -95.6362 -1293.07 -289.338 -714.826 -1687.55 
31.8257 33.7686 34.0278 31.8146 33.9861 32.9722 -262.601 650.463 -1436.15 -1299.36 71.7925 -1544.47 
7.75778 8.63655 32.966 7.883 8.70861 34.034 288.286 1278.3 -1505.9 671.794 149.849 -1474.73 
22.0385 9.85601 33.1439 22.8375 9.98257 33.8561 1213.5 318.599 -1931.35 477.816 -1.04771 -1049.27 
1.72379 31.9836 32.9705 1.9134 32.0495 34.0295 -799.527 -509.433 -1463.61 -913.239 676.179 -1517.02 
26.4646 3.86891 33.1003 26.7055 3.18727 33.8997 -751.249 -432.922 -1115.99 -80.1906 -1073.76 -1864.63 
1.87888 17.6702 34.0378 1.82227 17.7087 32.9622 1292.29 -566.087 -1527.94 391.644 211.494 -1452.68 
33.9626 26.2501 32.966 33.9668 26.3956 34.034 92.5296 283.792 -1437.22 1010.63 1036.97 -1543.41 
10.2931 15.26 34.0384 10.2625 15.2956 32.9616 -291.94 46.4416 -1498.04 -1386.61 -425.689 -1482.59 
14.8024 5.94346 34.0335 14.6926 5.83734 32.9665 1052.94 63.4728 -1482.55 305.85 992.49 -1498.07 
20.3522 24.3627 33.0102 19.9526 24.5684 33.9898 206.844 -284.84 -1737.89 1215.15 -684.334 -1242.73 
6.93789 8.32382 33.9928 6.61069 8.6124 33.0072 -14.2471 753.823 -1282.64 1091.02 588.535 -1697.99 
31.0622 10.8231 33.9248 31.6548 11.1211 33.0752 -420.691 55.9099 -1123.67 -1278.37 -328.988 -1856.95 
6.57217 13.7522 32.9613 6.57283 13.7234 34.0387 1093.99 -327.794 -1504.82 575.436 745.386 -1475.8 
3.40052 28.65 34.0372 3.48473 28.6628 32.9628 -152.392 1012.3 -1450.7 -1043.94 224.696 -1529.93 
9.71127 7.89969 32.9852 9.72769 8.21795 34.0148 -78.8496 -300.325 -1661.38 151.239 -1419.02 -1319.25 
24.4842 12.3918 32.9611 24.4836 12.3915 34.0389 -890.035 123.679 -1490.58 -273.55 1144.17 -1490.04 
3.8525 7.66339 34.0273 4.02425 7.80435 32.9727 437.7 1379.39 -1385.61 65.346 266.306 -1595.02 
11.0634 9.75491 34.0388 11.0495 9.7652 32.9612 -1306.77 -589.205 -1483.97 -140.565 -341.702 -1496.66 
21.5431 31.788 32.9757 21.7637 31.6718 34.0243 -1336.13 55.2146 -1352.46 -323.445 -510.401 -1628.17 
26.4488 16.9227 32.9665 26.5345 17.0484 34.0335 1287.28 -402.473 -1475.64 433.375 429.054 -1504.99 
25.9843 14.6918 33.8348 26.157 15.5186 33.1652 -13.5601 -442.733 -1203.26 814.092 -1080.59 -1777.36 
32.142 10.292 33.9454 31.689 10.6956 33.0546 -332.423 -398.729 -1172.84 106.724 -1307.27 -1807.79 
16.2781 10.3403 34.0189 16.5229 10.1838 32.9811 89.8631 -272.367 -1562.92 -45.8269 -1447.93 -1417.7 
18.2006 29.7892 34.0074 18.5477 29.895 32.9926 616.249 142.296 -1500.78 325.112 1298.26 -1479.84 
20.7186 14.1642 34.0009 20.4344 14.4424 32.9991 -777.739 469.995 -1352.26 -930.292 -679.767 -1628.36 
25.442 28.3413 32.9626 25.5085 28.3876 34.0374 -1002.86 401.639 -1505.13 -683.087 -746.545 -1475.49 
17.5766 11.1883 34.0136 17.8482 11.0078 32.9864 -469.642 -1129.36 -1348.23 -809.024 -22.3251 -1632.39 
32.4811 23.7915 33.9897 32.0672 23.6152 33.0103 -1297.54 426.326 -1258.52 -199.119 423.019 -1722.11 
33.2422 6.6844 32.9722 33.0257 6.70298 34.0278 259.567 140.979 -1543.01 861.162 1164.91 -1437.61 
28.3772 29.9552 32.977 28.1551 29.821 34.023 322.597 1152.63 -1346.82 -656.341 535.557 -1633.8 
2.16219 29.3124 33.0296 1.63768 29.2739 33.9704 -659.906 1012.88 -1763.77 345.522 679.019 -1216.86 
9.76504 3.0668 33.0235 9.89928 2.58181 33.9765 279.082 -64.3828 -1484.83 1433.44 233.592 -1495.79 
26.5827 7.93664 33.9046 25.8904 7.77068 33.0954 229.404 -725.757 -1884.04 -638.325 -945.816 -1096.59 
29.1942 29.8216 33.009 28.7583 29.7355 33.991 -75.3164 -445.97 -1246.75 -1100.68 -810.372 -1733.87 
30.6374 30.597 33.1619 29.9688 30.0898 33.8381 1208.32 18.3671 -1033.31 495.41 -260.581 -1947.31 
23.0248 10.1447 34.0074 22.9575 10.5013 32.9926 -146.567 -1000.75 -1537.79 942.508 -524.98 -1442.83 
30.7736 4.94841 33.9919 30.5479 4.57036 33.0081 878.2 -945.802 -1302.79 654.628 163.617 -1677.84 
28.6372 6.93148 34.0369 28.5826 6.85795 32.9631 -97.5293 -283.829 -1539.05 -1040.13 -1007.33 -1441.58 
15.1516 22.4799 34.0374 15.1272 22.5559 32.9626 294.514 -47.7143 -1495.47 1379.56 446.284 -1485.15 
32.7248 27.291 33.2178 32.3161 28.1133 33.7822 565.635 289.195 -1975.98 1143.67 -90.091 -1004.65 
27.0933 14.7784 34.0385 27.0795 14.8163 32.9615 382.411 31.618 -1468.92 1084.87 -930.766 -1511.71 
13.1557 27.2679 33.958 13.5505 27.6763 33.042 -170.84 -297.217 -1214.59 -377.98 -1333.79 -1766.03 
10.2405 11.8767 33.9543 10.6605 11.4771 33.0457 -428.671 1300.23 -1739.19 -381.732 217.871 -1241.43 
7.61186 3.60112 33.0532 8.1605 3.85066 33.9468 -1202.26 -450.232 -1174.93 -510.985 288.499 -1805.7 
30.2396 6.02184 33.9815 30.723 6.04502 33.0185 1338.69 -393.603 -1247.8 350.288 63.8569 -1732.83 
3.81455 33.8366 33.9759 3.60954 34.299 33.0241 1068.49 -614.111 -1770.04 630.966 343.511 -1210.58 
4.30662 1.99226 32.9876 3.97814 1.9316 34.0124 1281.56 -63.0616 -1315.12 293.318 -630.569 -1665.5 
19.1967 20.9774 32.9676 19.3501 20.9113 34.0324 730.208 1251.71 -1512.48 12.7844 300.498 -1468.15 
21.883 11.963 32.9631 21.9206 11.8772 34.0369 -355.367 -227.624 -1533.57 -1355.14 416.134 -1447.05 
18.0089 13.5839 34.0029 17.8293 13.2406 32.9971 496.927 -104.246 -1276.12 1047.95 862.354 -1704.51 
22.1536 13.8044 32.967 22.3065 13.7588 34.033 995.603 -1055.27 -1568.39 154.674 -224.663 -1412.23 
24.3072 15.7605 32.9776 24.1289 15.9561 34.0224 880.212 -949.298 -1366.21 -247.082 -650.865 -1614.41 
16.7923 28.0657 33.9947 16.9743 27.6789 33.0053 1196.03 24.5346 -1571.73 343.689 -793.055 -1408.9 
18.7917 5.63249 33.9041 19.178 6.23175 33.0959 63.2418 449.462 -1880.39 689.435 1098.07 -1100.23 
14.131 25.6452 34.0356 14.0166 25.6129 32.9644 80.3485 1026.14 -1554.33 -957.875 454.166 -1426.3 
10.0862 34.133 33.9899 10.4642 33.8903 33.0101 381.699 413.059 -1256.51 -258.687 1303.4 -1724.11 
7.03423 10.2112 33.8314 7.8228 10.5281 33.1686 77.4224 545.218 -1953.44 671.484 1004.14 -1027.19 
27.7663 22.9684 33.9843 27.4185 23.2887 33.0157 969.434 -999.161 -1751.68 152.687 -305.53 -1228.94 
28.2017 16.5582 32.9638 28.1636 16.4578 34.0362 -187.829 238.2 -1485.19 -1334.7 563.854 -1495.44 
28.0232 28.4376 34.0389 28.0155 28.4396 32.9611 -166.943 -261.554 -1488.76 -39.1182 -1446.93 -1491.87 
31.1418 27.9412 33.91 30.4773 28.1594 33.09 1225.33 -293.474 -1839.23 287.295 -527.101 -1141.4 
5.38384 13.6803 32.9899 5.05175 13.5782 34.0101 1336.61 -189.926 -1298.25 246.876 -483.819 -1682.38 
32.8933 2.71051 33.9457 33.3292 2.28992 33.0543 -128.839 1255.51 -1820.7 433.903 438.101 -1159.92 
5.56749 15.6598 32.9615 5.52784 15.6495 34.0385 195.973 -212.811 -1509.31 1326.68 -589.005 -1471.31 
31.0183 28.0095 33.9778 31.4465 28.2645 33.0222 -336.653 -10.0796 -1220.44 -1349.96 -331.536 -1760.19 
6.68236 19.9194 33.0801 6.04171 19.7054 33.9199 810.978 -638.153 -1116.76 -75.1794 -917.473 -1863.86 
33.1066 4.46656 33.7138 34.0691 4.69538 33.2862 529.992 943.153 -950.108 119.513 650.433 -2030.52 
21.9519 7.4596 34.0383 21.9552 7.41126 32.9617 -197.371 -515.306 -1482.11 -1354.48 -228.43 -1498.51 
28.3562 5.28998 33.7695 27.4245 5.3444 33.2305 648.475 -804.943 -2006.52 53.4129 -766.276 -974.108 
15.4056 16.1838 34.0265 15.4671 16.405 32.9735 -318.166 -272.771 -1378.94 -39.7623 -1410.46 -1601.69 
20.1608 22.2763 33.0193 20.6037 22.0733 33.9807 595.271 -1262.27 -1728.02 -23.4379 -360.808 -1252.6 
26.966 28.6936 34.0308 26.7813 28.7145 32.9692 -254.336 -226.949 -1593.01 -1425.89 -144.842 -1387.61 
27.9829 1.19302 33.04 27.4514 1.01272 33.96 388.982 -12.9884 -1555.43 965.601 -1048.37 -1425.2 
22.6536 15.6022 34.0269 22.6857 15.378 32.9731 662.446 -881.216 -1373.74 940.253 254.533 -1606.88 
24.9986 29.4626 33.1107 25.6044 29.0285 33.8893 -1039.53 -816.755 -1614.53 -588.252 258.458 -1366.09 
31.0407 26.052 33.1817 30.3724 26.6086 33.8183 352.086 -490.143 -1781.65 1286.97 -34.1369 -1198.97 
29.2258 31.9087 33.2374 28.4558 32.4498 33.7626 613.21 322.238 -2010.83 1081.29 -22.1729 -969.798 
2.30454 18.2679 33.6579 1.32367 18.5837 33.3421 674.565 560.361 -2056.59 385.454 795.269 -924.032 
29.2044 30.4487 32.9902 29.5534 30.4617 34.0098 1241.85 -383.684 -1680.3 141.272 -640.203 -1300.32 
9.40754 12.1573 32.9612 9.38813 12.1589 34.0388 -557.941 -164.956 -1493.49 -297.289 -1328.35 -1487.14 
27.8703 12.0108 32.9647 27.8842 12.1347 34.0353 660.317 407.518 -1553.03 1032.26 -718.264 -1427.59 
29.7653 16.6393 33.67 29.766 15.6166 33.33 670.166 -15.6383 -2033.2 1005.45 -376.381 -947.424 
31.9436 20.8325 33.0963 31.2299 20.8159 33.9037 23.6863 -529.107 -1857.96 865.338 -944.327 -1122.66 
7.58578 29.8872 33.1563 6.75649 29.9248 33.8437 -848.397 691.428 -1947.97 -86.9143 753.067 -1032.65 
28.3253 31.3485 34.0298 28.1826 31.4842 32.9702 -869.264 -1012.91 -1547.63 -617.798 146.87 -1432.99 
5.00285 7.53336 33.2077 5.90483 7.61209 33.7923 -1177.42 80.0671 -989.575 -531.748 120.186 -1991.05 
22.6919 11.8808 33.1014 22.0036 11.6524 33.8986 -1028.72 369.683 -1493.12 -647.315 -759.899 -1487.51 
16.5155 4.99756 32.9612 16.5008 4.98875 34.0388 807 255.304 -1485.21 773.331 -936.426 -1495.41 
24.8872 11.9049 34.0342 24.8348 12.0369 32.9658 -320.593 1211.84 -1422.42 613.784 483.86 -1558.21 
30.9132 7.00145 33.1545 31.7355 6.91161 33.8455 442.828 241.667 -1033.83 1209.6 238.805 -1946.8 
14.0655 30.8875 33.9877 14.4498 30.6371 33.0123 172.963 1072.91 -1737.21 903.065 270.051 -1243.42 
24.0812 20.395 34.0268 23.8586 20.441 32.9732 -1397.27 -136.897 -1364.61 -252.174 -353.736 -1616.01 
2.90447 18.7658 32.9891 3.23811 18.8445 34.0109 -353.531 -269.494 -1634.33 -1367.23 288.094 -1346.3 
28.6799 20.9031 32.9659 28.8082 20.9669 34.0341 -1046.05 -597.132 -1428.21 112.734 -848.656 -1552.41 
23.8922 21.4822 33.0626 24.069 20.878 33.9374 534.441 450.282 -1163.03 1180.56 -308.353 -1817.6 
30.9413 3.07827 32.9653 30.8071 3.08816 34.0347 125.668 1390.07 -1463.56 -380.323 311.846 -1517.06 
4.16272 24.7024 33.9995 4.04387 24.3155 33.0005 916.997 595.731 -1710.53 801.534 -506.147 -1270.09 
29.368 9.33746 33.6949 30.3562 9.51979 33.3051 -621.762 -442.951 -1060.02 -1086.92 238.567 -1920.61 
27.7836 1.46263 33.0244 27.5333 1.02211 33.9756 456.395 -361.079 -1210.38 -15.0468 -1302.23 -1770.24 
11.2215 3.22219 32.9907 11.4623 3.4794 34.0093 670.78 -28.0256 -1346.47 651.935 1128.84 -1634.15 
1.64112 14.2683 33.9457 2.0165 14.7439 33.0543 1358.63 284.462 -1265.93 254.484 314.895 -1714.69 
4.94685 17.2208 32.9684 4.83132 17.3551 34.0316 -878.853 659.355 -1567.22 -836.534 -522.173 -1413.4 
30.0303 3.0948 32.9784 30.3012 3.1035 34.0216 1262.29 157.412 -1621.83 231.85 696.353 -1358.79 
30.6594 18.8892 33.8364 30.1791 18.1975 33.1636 584.487 939.629 -1892.88 -274.845 753.148 -1087.75 
14.5094 12.3396 33.0403 14.3345 12.874 33.9597 448.775 -124.245 -1801.33 771.989 -1088.65 -1179.3 
16.7087 6.20109 33.2576 17.6553 6.37569 33.7424 -41.6677 -1011.88 -970.309 427.061 -665.272 -2010.32 
6.25893 3.01774 34.0323 6.4223 2.98049 32.9677 -604.481 -648.832 -1433.27 -1102.22 428.525 -1547.35 
26.0098 5.37462 34.0189 25.8701 5.11942 32.9811 856.981 347.535 -1636.04 801.355 -807.204 -1344.59 
20.5466 1.3821 33.1407 20.4791 2.18245 33.8593 -387.706 253.608 -1067.41 -815.139 977.056 -1913.21 
10.9118 27.6178 33.8637 11.374 28.265 33.1363 576.222 -488.379 -1929.3 1104.92 120.782 -1051.32 
18.8879 23.322 32.963 18.8114 23.276 34.037 23.2246 1453.49 -1467.13 86.8494 263.846 -1513.49 
31.6618 8.42751 32.9681 31.7906 8.54271 34.0319 -893.57 -1027.89 -1398.92 177.376 -536.854 -1581.71 
25.1408 22.5463 33.9962 24.7241 22.6031 33.0038 -1406.45 32.3481 -1257.85 -313.878 -75.3651 -1722.77 
4.03024 10.2581 33.1485 3.97095 9.44318 33.8515 -525.097 264.469 -1104.77 -1193.54 -352.031 -1875.86 
8.29384 29.4991 34.0188 8.31193 29.7898 32.9812 -1110.13 789.546 -1356.38 -508.061 -204.041 -1624.24 
9.43494 16.4174 34.0228 9.44512 16.6788 32.9772 1291.89 -641.331 -1528.71 155.174 -289.998 -1451.91 
20.8876 33.2128 33.981 20.8928 32.7271 33.019 -998.651 955.427 -1725.48 -412.011 30.1725 -1255.14 
20.5774 16.5293 33.019 20.9308 16.863 33.981 -359.567 -190.659 -1710.5 -523.399 -1286.41 -1270.12 
28.5345 8.61936 33.8917 27.8452 8.88893 33.1083 -777.109 -645.592 -1081.34 48.0026 -913.182 -1899.29 
26.8933 15.0381 33.5608 26.8177 16.1063 33.4392 -163.09 -822.058 -2045.06 -588.771 -725.869 -935.559 
10.6752 27.5832 32.9687 10.6789 27.4035 34.0313 -494.89 405.097 -1412.73 -1221.64 -527.225 -1567.89 
19.0638 10.6339 33.1691 18.2664 10.3377 33.8309 -1206.94 127.622 -1785.83 -452.865 -581.957 -1194.79 
5.64213 16.8428 32.9631 5.6686 16.9316 34.0369 -511.556 580.24 -1538.9 -1198.68 -389.235 -1441.72 
18.1999 3.91215 34.0196 18.479 3.84915 32.9804 -927.932 -743.695 -1646.86 219.62 -824.637 -1333.76 
1.81793 14.7663 34.0367 1.89713 14.8244 32.9633 -794.526 -1128.52 -1544.52 205.433 -488.373 -1436.11 
11.1839 15.4423 33.0289 10.7658 15.1278 33.9711 -536.186 244.997 -1211.68 -1144.22 -615.942 -1768.94 
32.5956 3.91933 33.9651 32.4947 4.45415 33.0349 223.933 1337.9 -1191.28 278.604 307.95 -1789.34 
16.4547 30.3346 33.1055 16.339 29.6094 33.8945 841.212 161.444 -1085.22 789.312 -711.687 -1895.41 
27.9791 27.786 34.0346 28.0349 27.6628 32.9654 -356.75 -471.441 -1558.07 545.395 -1239.05 -1422.55 
15.2919 22.0664 32.9641 15.2001 22.0003 34.0359 504.27 933.211 -1479.46 1022.93 -140.093 -1501.16 
8.197 13.9602 32.9621 8.2403 13.9095 34.0379 -310.463 -1155.57 -1484.98 698.776 -520.914 -1495.65 
1.80903 24.6067 33.9926 1.59958 24.9904 33.0074 1050.89 503.719 -1676.23 -19.683 873.958 -1304.39 
29.9648 15.2866 33.6876 30.581 16.0874 33.3124 1001.87 494.052 -961.172 458.252 416.677 -2019.45 
14.9962 24.0704 33.1974 15.8867 24.0215 33.8026 344.799 456.004 -1867.68 -124.548 1250.71 -1112.95 
15.2259 12.8064 33.1618 15.3894 13.6295 33.8382 453.035 315.97 -1026.21 592.059 1051.2 -1954.42 
16.6373 6.1752 32.9616 16.6768 6.19504 34.0384 -1175.27 -718.862 -1467.04 2.66356 -540.647 -1513.58 
7.06705 6.11565 33.2416 6.70524 6.98955 33.7584 -665.804 -816.63 -973.87 -705.911 -222.491 -2006.75 
11.4218 8.19474 34.0384 11.3823 8.1698 32.9616 -499.944 -1207.25 -1464.5 468.176 -513.321 -1516.12 
13.9206 24.8583 32.9759 14.1298 24.7196 34.0241 -891.236 443.625 -1403.88 -805.144 -732.881 -1576.74 
31.9011 10.0693 34.0363 31.8565 10.164 32.9637 572.257 -56.2773 -1438.2 555.159 -1243.84 -1542.42 
5.2896 23.99 33.0388 5.35409 24.5436 33.9612 1271.59 88.7266 -1717.07 382.507 -563.437 -1263.55 
3.31522 6.26137 34.0251 3.07559 6.22842 32.9749 -1379.94 290.253 -1357.03 -219.186 345.49 -1623.59 
32.2094 28.1794 33.0138 32.6693 28.1121 33.9862 786.414 -15.4386 -1525.85 468.325 -1162.27 -1454.77 
18.9244 15.3942 33.9974 19.3337 15.3271 33.0026 1318.66 533.682 -1298.18 303.837 39.7922 -1682.45 
28.9925 21.9381 32.967 28.8799 22.0504 34.033 -197.606 207.466 -1408.82 -1288.29 660.574 -1571.8 
10.1647 9.80276 33.0018 10.3099 9.41844 33.9982 -1036.32 -1002.25 -1551.82 -68.181 -317.39 -1428.8 
26.6872 4.05349 33.8927 27.1582 3.4853 33.1073 -596.235 -206.958 -1082.74 -1098.94 503.168 -1897.88 
8.77132 27.7126 33.9269 9.21649 27.2282 33.0731 -245.511 301.632 -1168.46 -401.444 1292.99 -1812.16 
11.2886 18.0913 33.1159 11.3432 17.3374 33.8841 536.278 718.346 -1668.77 -565.291 1002.27 -1311.85 
9.79418 25.2646 32.9917 9.79641 25.6223 34.0083 -1287.22 122.827 -1615.39 -367.902 -593.924 -1365.24 
12.1063 4.90803 33.309 13.0785 5.17344 33.691 156.452 -708.903 -943.947 618.284 -827.702 -2036.68 
5.22074 5.88314 34.0389 5.21825 5.88998 32.9611 -335.354 1413.59 -1486.37 -160.63 234.244 -1494.26 
23.3695 25.5602 33.9284 24.0232 25.5458 33.0716 487.991 -431.315 -1766.82 1229.34 321.046 -1213.81 
15.0106 15.7981 33.0705 14.4104 15.5459 33.9295 -729.539 597.142 -1245.65 -985.807 -459.433 -1734.97 
32.0399 14.4552 32.9654 32.0743 14.3239 34.0346 749.561 814.528 -1513.37 -440.09 878.281 -1467.26 
22.1941 19.983 33.9977 22.5921 19.8721 33.0023 903.665 649.568 -1538.25 813.407 -535.388 -1442.37 
15.2623 32.0526 34.0288 15.153 31.8758 32.9712 -1415.5 -4.54382 -1405.25 -278.08 309.774 -1575.38 
5.47161 28.4553 33.9504 4.95743 28.1626 33.0496 -378.286 -63.2404 -1574.95 -1172.06 810.105 -1405.68 
23.9567 20.7888 33.8543 23.4158 21.3947 33.1457 -384.069 -134.097 -1225.28 -794.159 -1120.16 -1755.35 
8.04385 11.6633 33.0195 8.52127 11.7643 33.9805 286.868 -242.739 -1226.35 1355.49 -271.097 -1754.27 
3.5819 29.586 34.0068 3.6183 29.2217 32.9932 -637.045 1138.69 -1612.07 377.963 562.564 -1368.55 
12.9306 19.9972 32.9755 13.103 19.8194 34.0245 -130.399 -244.383 -1412.21 -373.147 -1401.16 -1568.41 
33.0316 5.32665 34.029 33.051 5.53096 32.971 1085.06 899.554 -1390.41 423.897 -72.2495 -1590.22 
18.8223 27.1704 33.9157 19.0828 27.8048 33.0843 910.406 -134.667 -1113.31 441.381 -930.249 -1867.32 
25.1474 7.35722 32.9619 25.1879 7.31732 34.0381 276.699 -228.084 -1469.24 223.731 -1418.41 -1511.38 
1.0685 9.21901 33.2394 2.00942 9.28723 33.7606 -562.817 -6.20006 -1996.22 -1141.47 244.478 -984.402 
29.3859 10.6524 34.0242 29.5589 10.8333 32.9758 -1297.2 486.836 -1493.9 -415.084 -315.211 -1486.72 
16.8199 26.3992 32.9643 16.9355 26.3844 34.0357 713.076 772.836 -1554.72 -461.784 929.582 -1425.9 
15.769 30.7299 34.031 15.8912 30.5932 32.969 -131.938 -379.133 -1591.74 639.618 -1265.14 -1388.88 
11.1968 20.0697 32.9774 11.4216 20.2062 34.0226 -595.38 17.4683 -1415.79 -620.727 1200.09 -1564.83 
32.4731 11.8397 33.9797 32.8584 12.1444 33.0203 430.437 -517.309 -1762 1251.79 154.692 -1218.62 
24.2603 1.83557 33.0776 24.4502 2.47732 33.9224 -761.485 -1015.52 -1120.47 -543.522 -106.228 -1860.15 
6.27714 17.8352 33.0121 6.70323 18.0018 33.9879 1121.6 -752.035 -1530.31 533.881 282.199 -1450.31 
19.9216 4.19064 34.013 19.7567 3.90451 32.987 -225.934 1394.41 -1600.57 255.479 326.2 -1380.05 
14.0945 15.5659 34.028 13.9195 15.4398 32.972 -224.421 800.595 -1609.5 -1202.32 161.575 -1371.13 
13.0746 6.76996 33.0381 13.1859 7.31372 33.9619 411.567 -149.01 -1770.08 705.628 -1159.9 -1210.54 
31.9844 1.80017 34.0385 31.9435 1.78781 32.9615 602.902 -434.055 -1474.58 1104.74 646.977 -1506.04 
11.7848 26.644 32.9665 11.6507 26.7146 34.0335 1242.06 28.7234 -1407.54 298.392 738.331 -1573.08 
27.0716 10.7695 33.9644 27.2101 11.2986 33.0356 724.389 -128.295 -1187.83 459.249 -1120.85 -1792.8 
24.2802 24.996 33.0375 24.6716 25.3866 33.9625 912.042 -314.334 -1796.17 172.538 -1021.73 -1184.46 
24.2662 6.01701 33.9951 24.4733 5.64529 33.0049 -379.782 1148.2 -1699.66 570.29 562.09 -1280.97 
8.74473 10.165 34.0389 8.73782 10.1699 32.9611 549.946 727.272 -1486.09 1121.76 -318.874 -1494.53 
7.73467 22.5566 33.6906 8.73759 22.4546 33.3094 536.578 -388.687 -2047.5 951.367 -475.831 -933.128 
2.97867 3.62326 34.0258 3.12756 3.44004 32.9742 -149.711 368.575 -1393.28 -1314.04 536.305 -1587.35 
18.3693 18.7101 34.038 18.4274 18.7277 32.962 -152.079 540.326 -1457.02 -1325.73 341.408 -1523.61 
19.2865 8.79981 33.0721 19.2597 9.45453 33.9279 1013 277.182 -1219.6 192.086 951.289 -1761.02 
13.7529 23.7856 33.0388 14.3028 23.8781 33.9612 -21.46 -1352.97 -1583.16 -513.054 -282.777 -1397.47 
