9000 1000 1685.5 15
9000 1000 1685.5 45
8000 2000 1685.5 15
8000 2000 1685.5 45
7000 3000 1685.5 15
7000 3000 1685.5 45
6000 4000 1685.5 15
6000 4000 1685.5 45
5000 5000 1685.5 15
5000 5000 1685.5 45
4000 6000 1685.5 15
4000 6000 1685.5 45
3000 7000 1685.5 15
3000 7000 1685.5 45
2000 8000 1685.5 15
2000 8000 1685.5 45
1000 9000 1685.5 15
1000 9000 1685.5 45
5400 600 1685.5 15
5400 600 1685.5 45
4800 1200 1685.5 15
4800 1200 1685.5 45
4200 1800 1685.5 15
4200 1800 1685.5 45
3600 2400 1685.5 15
3600 2400 1685.5 45
3000 3000 1685.5 15
3000 3000 1685.5 45
2400 3600 1685.5 15
2400 3600 1685.5 45
1800 4200 1685.5 15
1800 4200 1685.5 45
1200 4800 1685.5 15
1200 4800 1685.5 45
600 5400 1685.5 15
600 5400 1685.5 45
1800 200 1685.5 15
1800 200 1685.5 45
1600 400 1685.5 15
1600 400 1685.5 45
1400 600 1685.5 15
1400 600 1685.5 45
1200 800 1685.5 15
1200 800 1685.5 45
1000 1000 1685.5 15
1000 1000 1685.5 45
800 1200 1685.5 15
800 1200 1685.5 45
600 1400 1685.5 15
600 1400 1685.5 45
400 1600 1685.5 15
400 1600 1685.5 45
200 1800 1685.5 15
200 1800 1685.5 45