8.1669 7.31727 33.0898 8.59414 6.76393 33.9102 849.909 500.794 -2149.89 270.451 1199.42 -1376.83 
22.9163 8.14654 32.9654 22.9234 8.01098 34.0346 874.633 922.103 -1688.6 1046.75 -248.146 -1838.12 
24.0176 32.7862 34.0359 24.0792 32.8813 32.9641 -38.6432 1611.46 -1711.39 -15.1471 423.983 -1815.33 
18.6104 2.29497 34.022 18.6158 2.02728 32.978 -187.226 -825.517 -1795.08 982.161 -1049.05 -1731.64 
21.2424 23.4205 33.9964 21.6225 23.5984 33.0036 -121.839 936.74 -1973.85 993.123 903.583 -1552.87 
22.1529 5.50963 33.0795 21.9356 6.14772 33.9205 769.083 204.651 -2132.44 1225.77 -612.683 -1394.29 
28.6354 28.7 33.0042 28.9161 29.0155 33.9958 -433.78 -143.118 -1962.9 -1519.64 -431.406 -1563.82 
14.4621 11.5721 33.673 14.5018 12.5921 33.327 -880.866 255.937 -1211.81 -1149.89 -107.712 -2314.92 
24.1878 32.8583 34.0038 24.5528 32.9723 32.9962 -491.857 1329.49 -1904.95 484.534 706.65 -1621.77 
23.2409 24.2819 34.0332 23.2551 24.1269 32.9668 -892.073 417.943 -1701.62 -141.762 1336.23 -1825.1 
11.8341 31.4502 33.0267 11.8727 31.9641 33.9733 711.246 195.615 -2008.82 1248.31 -748.85 -1517.9 
32.6863 7.53969 32.9908 32.915 7.2709 34.0092 -547.242 1474.14 -1571.57 1.10824 487.407 -1955.15 
8.38027 31.7005 34.0339 8.47326 31.8145 32.9661 -351.506 918.477 -1822.29 826.245 1061.56 -1704.43 
27.8836 2.61028 34.0389 27.8833 2.61172 32.9611 6.47827 1587.48 -1762.54 283.644 427.897 -1764.18 
27.7892 27.0668 32.9676 27.7624 27.2317 34.0324 -1609.03 121.855 -1786.65 -422.583 14.0194 -1740.07 
32.9285 24.8773 32.9956 33.0667 25.2306 34.0044 1329.83 -109.792 -1950.94 468.932 -844.347 -1575.78 
12.6867 14.9789 33.222 13.5409 15.3295 33.778 -722.105 43.6504 -2273.49 -1311.9 -137.13 -1253.23 
14.7511 32.3365 34.0156 15.0507 32.244 32.9844 206.675 -382.239 -1883.68 709.731 -1436.04 -1643.04 
12.4597 22.1094 32.9852 12.2604 22.3578 34.0148 -625.704 -628.015 -1587.33 -1371.72 232.781 -1939.39 
15.1513 15.0277 33.071 15.5483 14.5102 33.929 -440.113 -625.513 -1402.64 127.27 -1386.46 -2124.09 
20.0627 24.853 33.0247 20.1664 24.3559 33.9753 126.225 1511.37 -1527.56 -327.54 514.805 -1999.16 
7.91048 20.3055 32.9704 7.9947 20.125 34.0296 -746.875 17.2179 -1868.54 -899.545 1180.79 -1658.18 
15.2718 27.9212 32.9693 15.4589 27.9149 34.0307 1452.92 314.569 -1863.22 331.389 666.326 -1663.5 
30.5519 1.69774 34.038 30.4928 1.71044 32.962 672.906 106.716 -1766.66 807.425 1291.33 -1760.06 
32.3122 22.2884 33.1253 32.5955 23.0093 33.8747 -333.885 987.982 -2150.86 -1081.32 475.953 -1375.86 
26.1827 17.641 33.7426 26.4792 16.7254 33.2574 922.971 606.789 -2294 997.873 68.6977 -1232.72 
8.16942 2.78133 33.0271 8.04194 2.28036 33.9729 586.271 -1007.09 -2040.28 1123.7 -98.3114 -1486.44 
6.27353 9.46917 33.2231 7.10991 9.86326 33.7769 -190.253 -774.79 -2274.74 -745.655 -1033.52 -1251.98 
3.05091 6.11458 34.0372 2.97402 6.15 32.9628 457.051 819.396 -1809.95 -666.953 1205.91 -1716.77 
4.11899 16.073 33.9046 4.32664 16.754 33.0954 -550.265 1079.18 -1373.36 -966.461 279.294 -2153.37 
18.231 8.83247 33.0672 17.6646 9.13479 33.9328 -1385.43 116.217 -2115.51 -620.301 -466.866 -1411.21 
2.93924 22.3142 33.0191 2.7089 21.8857 33.9809 -271.933 528.901 -2031.77 155.417 1503.92 -1494.95 
1.49172 8.33061 33.929 0.861108 8.49743 33.071 -1190.15 -924.661 -1458.59 -251.902 -512.838 -2068.13 
20.2784 33.1839 34.0303 20.2175 33.3653 32.9697 -1226.17 217.683 -1809.49 -371.845 1044.17 -1717.24 
6.30345 22.8168 33.7652 5.62226 22.1716 33.2348 -739.381 223.23 -2275.91 -1288.48 -39.6848 -1250.81 
29.6051 29.551 34.0288 29.6849 29.7422 32.9712 -977.92 -1196.61 -1877.68 -601.233 -88.7736 -1649.04 
6.93596 24.3209 33.9142 6.5729 23.7348 33.0858 665.848 -826.625 -1382.11 1167.38 -59.4874 -2144.62 
30.7873 32.084 33.0494 30.3736 32.5064 33.9506 -1372.5 516.862 -2089.88 -630.247 -149.523 -1436.84 
12.9297 7.13294 32.973 13.1404 7.0529 34.027 -492.826 -719.227 -1882.63 -1412.47 1.05891 -1644.09 
23.2782 32.4166 33.9851 22.812 32.4719 33.0149 695.547 -47.2572 -1679.44 907.268 -1208.49 -1847.28 
29.9588 28.3857 33.9601 30.5195 28.4112 33.0399 784.007 -1385.89 -1603.24 213.135 -389.392 -1923.48 
20.8742 10.0456 33.0204 21.3345 9.87291 33.9796 -1374.48 714.168 -1494.89 -460.12 169.106 -2031.84 
28.4941 26.0093 33.8392 28.6842 26.8249 33.1608 836.146 18.2109 -2226.18 1054.72 737.147 -1300.54 
11.0211 18.6917 34.0115 10.9661 19.0263 32.9885 -1301.06 92.3128 -1596.34 -602.737 -814.451 -1930.38 
6.32764 24.7105 34.0095 6.46702 24.3884 32.9905 196.179 -441.929 -1931.83 1128.28 -1104.59 -1594.89 
23.1525 2.15933 34.017 23.1897 2.46135 32.983 -411.736 -1095.67 -1880.98 -1160.49 -198.176 -1645.74 
23.6232 24.4306 34.0384 23.5788 24.4474 32.9616 329.787 -1278.76 -1757.73 980.481 -279.8 -1768.99 
20.7534 18.354 33.9092 20.0629 18.232 33.0908 -478.139 237.284 -2110.43 -1368.56 620.412 -1416.29 
8.81276 7.94922 32.9628 8.82617 8.03349 34.0372 341.434 -382.61 -1810.42 245.12 -1567.23 -1716.3 
7.86893 23.3068 34.0386 7.83371 23.3159 32.9614 1011.21 637.869 -1758.12 1023.23 -554.274 -1768.6 
21.028 28.4661 33.9044 21.2679 27.7953 33.0956 873.105 -889.32 -1393.46 977.37 39.8122 -2133.26 
29.0476 33.1547 33.0837 29.1759 32.4824 33.9163 750.241 -359.26 -1414.17 457.398 -1280.11 -2112.55 
28.071 13.6417 33.0088 27.9123 13.2275 33.9912 736.645 266.04 -1973.47 495.074 1355.31 -1553.25 
26.3223 4.16791 33.9247 26.9774 4.06354 33.0753 405.456 373.587 -2102.96 1335.31 682.661 -1423.76 
30.8371 28.945 34.0364 30.9375 28.9674 32.9636 425.07 -173.224 -1820.07 1601.93 -19.6261 -1706.65 
14.8339 7.21754 32.9615 14.793 7.20623 34.0385 910.71 258.289 -1759.04 1011.58 -929.654 -1767.68 
11.3129 30.145 33.0251 10.9025 30.447 33.9749 862.236 -1254.6 -1482.63 81.8659 -549.446 -2044.09 
9.35735 15.5446 33.3129 9.76875 14.6214 33.6871 1018.52 -808.861 -2232.69 285.395 -755.022 -1294.03 
22.0529 9.98699 33.1155 21.464 9.51421 33.8845 -192.676 1431.78 -1398.62 -408.179 513.698 -2128.1 
20.4576 2.54914 32.9611 20.45 2.54533 34.0389 441.803 -2.96057 -1768.06 1544.74 449.708 -1758.67 
30.849 31.8347 33.0754 31.5017 31.7146 33.9246 -934.546 1105.48 -1407.51 -91.756 653.109 -2119.21 
28.3136 33.1844 33.9181 28.6433 33.7792 33.0819 1193.45 591.761 -1388.02 814.389 -253.376 -2138.7 
24.6116 13.6602 33.0421 25.0321 13.2779 33.9579 457.666 -201.027 -1471.96 1453.25 -502.062 -2054.76 
20.3233 14.6119 34.007 20.6185 14.3966 32.993 608.233 177.969 -1659.38 744.34 1344.03 -1867.34 
5.16021 25.679 34.0295 5.05485 25.5092 32.9705 1487.23 299.093 -1866.5 546.254 -403.384 -1660.22 
26.8594 5.90758 32.9941 26.889 6.27756 34.0059 -466.797 174.7 -1597.43 -1094.22 1132.65 -1929.3 
24.2728 34.1478 32.9661 24.4028 34.081 34.0339 412.759 145.186 -1730.43 1338.43 893.69 -1796.29 
29.0243 11.6343 33.9026 28.7854 12.3097 33.0974 -77.6767 1183.43 -1437.29 805.37 718.251 -2089.43 
2.29022 18.6288 34.009 2.55903 18.859 32.991 -1023.83 475.4 -1959.06 -151.309 1187.42 -1567.66 
14.4271 10.4987 32.962 14.4836 10.4704 34.038 -28.7423 487.456 -1756.95 690.687 1438.1 -1769.77 
34.0497 25.7369 33.0826 33.4144 25.49 33.9174 530.287 167.8 -2140.16 1404.78 465.795 -1386.56 
25.706 21.397 34.0387 25.7216 21.4172 32.9613 271.23 -770.462 -1775.1 1401.22 -390.937 -1751.62 
16.5818 33.9732 33.8132 15.784 33.6089 33.1868 1332.86 130.829 -2248.5 703.113 -158.056 -1278.23 
22.6774 25.9061 33.8593 23.1909 26.5238 33.1407 -317.266 1297.58 -1331.7 -593.986 523.279 -2195.03 
22.5621 13.5973 32.9893 22.718 13.2909 34.0107 1418.04 587.019 -1698.86 592.188 -263.147 -1827.86 
9.09248 28.3693 33.0267 8.89375 28.8446 33.9733 490.429 -101.93 -1713.23 1502.18 520.781 -1813.49 
5.32299 14.0704 33.8647 6.00501 14.4758 33.1353 42.4608 742.28 -2202.11 748.065 1134.15 -1324.61 
2.9897 9.35272 33.7252 2.2101 9.9452 33.2748 -253.908 1374.26 -1329.53 -368.037 564.581 -2197.2 
29.3377 33.4585 32.9763 29.5562 33.328 34.0237 -548.836 -324.535 -1903.61 -1487.08 355.523 -1623.12 
17.3259 14.794 34.0156 17.0188 14.7298 32.9844 1285.58 -716.217 -1816.34 712.41 323.835 -1710.38 
24.0234 3.77578 34.0044 24.4025 3.77966 32.9956 452.132 -1383.89 -1599.03 -429.906 -652.142 -1927.69 
29.8742 22.9201 34.0353 29.8914 23.0436 32.9647 -406.814 -1553.31 -1832.29 -220.46 -383.813 -1694.44 
32.5084 9.01926 33.9594 32.357 8.47641 33.0406 617.094 -233.603 -1489.4 1404.82 474.014 -2037.33 
11.4424 16.9675 33.0462 11.6241 17.5197 33.9538 -98.5252 1350.67 -2074.04 -693.417 525.16 -1452.68 
33.2118 1.82833 33.9944 33.4585 1.47774 33.0056 494.309 56.6469 -1971.87 1512.1 -403.432 -1554.86 
20.0221 33.8164 34.0227 20.0313 34.0788 32.9773 722.295 258.87 -1635.16 1245.72 -781.198 -1891.56 
6.69124 29.5034 34.0244 6.72009 29.7502 32.9756 152.681 1412.57 -1653.55 757.471 408.846 -1873.17 
7.85679 5.129 32.9811 7.88557 5.41809 34.0189 1435.94 -481.394 -1802.94 258.086 -648.298 -1723.78 
1.57945 24.7669 33.7717 2.45225 24.4434 33.2283 747.227 -838.731 -1279.37 76.1734 -1023.51 -2247.36 
31.6023 20.4403 32.9618 31.5919 20.3851 34.0382 -116.021 -542.803 -1746.45 -1218.73 -994.842 -1780.28 
18.9168 16.4785 32.966 18.7716 16.4883 34.034 935.782 -678.183 -1693.25 -130.838 -1192.11 -1833.47 
6.44865 28.045 33.0086 6.62518 27.6395 33.9914 362.442 347.678 -1966.49 611.128 1440.64 -1560.23 
11.229 5.59754 33.8592 10.4257 5.58994 33.1408 1298.17 -274.103 -2082.65 719.256 549.636 -1444.08 
8.97766 22.9095 33.0195 9.28896 22.5338 33.9805 -549.826 42.7063 -2032.09 -1308.87 788.657 -1494.63 
9.49491 4.48758 34.0332 9.34174 4.516 32.9668 -1240.01 990.108 -1680.36 -181.003 468.19 -1846.36 
4.99532 1.89642 32.975 4.96674 1.65528 34.025 -389.647 589.095 -1872.73 408.894 1446.97 -1653.99 
31.5712 31.1973 32.9939 31.2414 31.0294 34.0061 -1335.43 818.955 -1814.27 -563.398 -83.8525 -1712.45 
19.474 13.7839 34.0325 19.6322 13.7347 32.9675 -1034.04 -892.071 -1851.94 144.031 -939.271 -1674.78 
15.0243 20.1105 33.9682 14.693 20.529 33.0318 -56.8398 1386.93 -1687.34 -794.498 462.701 -1839.38 
33.4266 4.81374 32.9656 33.5243 4.91313 34.0344 726.355 199.474 -1793.42 1185.86 -899.026 -1733.3 