1 0.5482 -24.224 1.3458 0.00250074 0.00040374 0.002097 0 0 
2 0.547958 -13.7842 2.43249 0.00303169 0.00131899 0.00171269 0 0 
3 0.54782 -0.690395 3.05085 0.00291632 0.00207483 0.000841493 0 0 
4 0.547813 12.5363 3.08182 0.00223921 0.00211717 0.000122041 0 0 
5 0.547938 23.3493 2.51944 0.00149672 0.00141498 8.17395e-05 0 0 
6 0.548172 29.6669 1.47199 0.00123313 0.000483003 0.000750131 0 0 
7 0.548469 30.2726 0.141132 0.00164169 4.4401e-06 0.00163725 0 0 
8 0.548771 25.0499 -1.2169 0.00242288 0.000330102 0.00209277 0 0 
9 0.549022 15.0042 -2.34063 0.00300405 0.00122126 0.00178279 0 0 
10 0.549172 2.06979 -3.01372 0.00295916 0.00202464 0.000934523 0 0 
11 0.549193 -11.2631 -3.10658 0.00232113 0.00215132 0.000169812 0 0 
12 0.54908 -22.4276 -2.60131 0.00155766 0.00150843 4.92316e-05 0 0 
13 0.548856 -29.274 -1.59521 0.00122843 0.000567252 0.000661175 0 0 
14 0.548563 -30.4842 -0.28198 0.00157478 1.77246e-05 0.00155705 0 0 
15 0.548258 -25.8252 1.08554 0.00234281 0.000262684 0.00208013 0 0 
16 0.548 -16.1941 2.24406 0.00296952 0.00112256 0.00184696 0 0 
17 0.547838 -3.44502 2.97052 0.00299548 0.00196701 0.00102847 0 0 
18 0.547803 9.96729 3.12507 0.00240167 0.00217701 0.000224666 0 0 
19 0.547903 21.4606 2.67794 0.00162338 0.0015986 2.47796e-05 0 0 
20 0.548118 28.822 1.71521 0.00123115 0.000655809 0.000575342 0 0 
21 0.548406 30.6343 0.422259 0.0015125 3.97464e-05 0.00147276 0 0 
22 0.548712 26.5485 -0.951995 0.00226119 0.000202027 0.00205917 0 0 
23 0.548978 17.3512 -2.14296 0.00292839 0.00102369 0.0019047 0 0 
24 0.549151 4.8133 -2.92133 0.00302499 0.00190241 0.00112258 0 0 
25 0.549199 -8.65133 -3.13726 0.00248019 0.00219402 0.000286162 0 0 
26 0.549113 -20.4503 -2.74916 0.00169335 0.00168477 8.58053e-06 0 0 
27 0.548908 -28.3119 -1.83176 0.00124128 0.000747959 0.000493322 0 0 
28 0.548625 -30.7226 -0.561686 0.00145537 7.0328e-05 0.00138504 0 0 
29 0.548318 -27.2182 0.81653 0.00217868 0.000148623 0.00203006 0 0 
30 0.548046 -18.4734 2.03754 0.00288098 0.000925448 0.00195553 0 0 
31 0.547861 -6.17187 2.86625 0.00304744 0.00183134 0.0012161 0 0 
32 0.547799 7.31793 3.14312 0.00255604 0.00220224 0.000353804 0 0 
33 0.547873 19.3988 2.81484 0.001767 0.00176624 7.65091e-07 0 0 
34 0.548067 27.7448 1.94461 0.00125874 0.000842959 0.000415779 0 0 
35 0.548344 30.749 0.699981 0.00140384 0.000109223 0.00129462 0 0 
36 0.548651 27.833 -0.679418 0.00209593 0.0001029 0.00199303 0 0 
37 0.54893 19.5583 -1.92801 0.00282768 0.000828625 0.00199905 0 0 
38 0.549125 7.518 -2.80539 0.00306266 0.0017544 0.00130826 0 0 
39 0.549201 -5.96977 -3.14265 0.00262862 0.00220157 0.000427046 0 0 
40 0.549141 -18.3082 -2.87485 0.00184374 0.00184234 1.39625e-06 0 0 
41 0.548958 -27.1217 -2.05354 0.00128338 0.000940043 0.000343336 0 0 
42 0.548687 -30.7133 -0.836864 0.00135832 0.000156117 0.0012022 0 0 
43 0.548379 -28.3917 0.540936 0.00201362 6.52279e-05 0.0019484 0 0 
44 0.548095 -20.6038 1.81459 0.00276891 0.000734003 0.00203491 0 0 
45 0.547889 -8.84896 2.73888 0.00307052 0.00167219 0.00139833 0 0 
46 0.547801 4.60958 3.13584 0.00269734 0.00219204 0.000505298 0 0 
47 0.547847 17.1806 2.92905 0.00192294 0.00191247 1.04689e-05 0 0 
48 0.548019 26.4439 2.15833 0.00131501 0.00103843 0.000276579 0 0 
49 0.548283 30.6158 0.97206 0.00131919 0.000210633 0.00110855 0 0 
50 0.548589 28.8932 -0.401364 0.00193242 3.59102e-05 0.00189651 0 0 
51 0.548878 21.6077 -1.69751 0.00270516 0.000642343 0.00206282 0 0 
52 0.549094 10.1621 -2.66684 0.00307095 0.00158538 0.00148558 0 0 
53 0.549196 -3.24009 -3.12271 0.00276165 0.00217372 0.00058793 0 0 
54 0.549164 -16.0184 -2.97736 0.00200398 0.00197607 2.791e-05 0 0 
55 0.549004 -25.7127 -2.25877 0.00135337 0.00113732 0.000216044 0 0 
56 0.548746 -30.4565 -1.1053 0.00128675 0.000272332 0.00101442 0 0 
57 0.548442 -29.3364 0.260982 0.00185296 1.51832e-05 0.00183778 0 0 
58 0.548148 -22.5681 1.57701 0.00263693 0.000554385 0.00208255 0 0 
59 0.547923 -11.4547 2.58942 0.00306397 0.00149467 0.0015693 0 0 
60 0.547808 1.86406 3.10328 0.00282103 0.00214675 0.000674274 0 0 
61 0.547827 14.824 3.01965 0.00208619 0.00203262 5.35788e-05 0 0 
62 0.547975 24.9298 2.35465 0.00139815 0.00123593 0.00016222 0 0 
63 0.548224 30.2358 1.2363 0.00126127 0.000340715 0.000920558 0 0 
64 0.548527 29.7204 -0.120074 0.0017759 3.21394e-06 0.00177269 0 0 
65 0.548824 23.483 -1.45333 0.00256478 0.000470837 0.00209394 0 0 
66 0.549059 12.7243 -2.50678 0.00304961 0.00140079 0.00164883 0 0 
67 0.549186 -0.48428 -3.07759 0.00287499 0.00211136 0.000763636 0 0 
68 0.549181 -13.5996 -3.05586 0.00216892 0.00208165 8.72684e-05 0 0 
69 0.549045 -24.0965 -2.44579 0.001449 0.00133345 0.000115542 0 0 
70 0.548804 -29.9541 -1.36482 0.00124296 0.000415231 0.00082773 0 0 
71 0.548505 -30.0446 -0.0210763 0.00170185 9.90215e-08 0.00170176 0 0 
72 0.548204 -24.3505 1.32672 0.00248928 0.000392375 0.00209691 0 0 
73 0.547961 -13.9681 2.41908 0.00302801 0.0013045 0.00172351 0 0 
74 0.547821 -0.89648 3.04569 0.00292312 0.00206782 0.000855293 0 0 
75 0.547812 12.3478 3.08591 0.0022515 0.00212279 0.000128707 0 0 
76 0.547936 23.2147 2.53199 0.00150549 0.00142911 7.63845e-05 0 0 
77 0.548168 29.612 1.49058 0.00123196 0.00049528 0.000736681 0 0 
78 0.548464 30.3081 0.162184 0.00163142 5.8635e-06 0.00162556 0 0 
79 0.548767 25.1689 -1.19744 0.00241105 0.000319629 0.00209142 0 0 
80 0.549019 15.1838 -2.32651 0.00299932 0.00120657 0.00179276 0 0 
81 0.54917 2.27543 -3.00766 0.00296501 0.0020165 0.000948509 0 0 
82 0.549193 -11.0711 -3.10974 0.00233326 0.0021557 0.000177561 0 0 
83 0.549082 -22.286 -2.61309 0.00156718 0.00152212 4.50641e-05 0 0 
84 0.54886 -29.2102 -1.61334 0.00122836 0.000580216 0.000648146 0 0 
85 0.548568 -30.5105 -0.302965 0.00156517 2.04609e-05 0.00154471 0 0 
86 0.548262 -25.9365 1.06574 0.00233071 0.000253186 0.00207752 0 0 
87 0.548003 -16.3689 2.22925 0.00296379 0.00110779 0.001856 0 0 
88 0.547839 -3.6498 2.96356 0.00300033 0.0019578 0.00104253 0 0 
89 0.547803 9.77205 3.12729 0.00241354 0.0021801 0.000233437 0 0 
90 0.547901 21.3125 2.68891 0.00163357 0.00161174 2.18332e-05 0 0 
91 0.548114 28.7495 1.73284 0.00123219 0.000669355 0.000562838 0 0 
92 0.548401 30.6514 0.443134 0.00150364 4.37736e-05 0.00145986 0 0 
93 0.548708 26.6519 -0.931887 0.00224892 0.000193583 0.00205533 0 0 
94 0.548974 17.521 -2.12749 0.0029217 0.00100896 0.00191273 0 0 
95 0.549149 5.0168 -2.91348 0.00302879 0.00189219 0.0011366 0 0 
96 0.5492 -8.45332 -3.13854 0.00249169 0.00219581 0.000295883 0 0 
97 0.549115 -20.2959 -2.75932 0.00170413 0.00169725 6.87912e-06 0 0 
98 0.548912 -28.2309 -1.84885 0.00124342 0.000761979 0.000481446 0 0 
99 0.54863 -30.7305 -0.582411 0.00144731 7.56135e-05 0.0013717 0 0 
100 0.548323 -27.3135 0.796159 0.00216633 0.000141299 0.00202503 0 0 
101 0.548049 -18.6378 2.02144 0.00287339 0.000910884 0.0019625 0 0 
102 0.547863 -6.37369 2.85753 0.00305018 0.00182022 0.00122996 0 0 
103 0.547799 7.11754 3.14346 0.0025671 0.0022027 0.000364396 0 0 
104 0.54787 19.2384 2.82416 0.00177828 0.00177795 3.22307e-07 0 0 
105 0.548063 27.6553 1.96113 0.00126196 0.000857339 0.000404626 0 0 
106 0.548339 30.7476 0.720513 0.00139665 0.000115724 0.00128093 0 0 
107 0.548647 27.92 -0.658825 0.0020836 9.67566e-05 0.00198685 0 0 
108 0.548926 19.7169 -1.91132 0.00281924 0.000814341 0.0020049 0 0 
109 0.549123 7.71772 -2.79582 0.0030643 0.00174244 0.00132186 0 0 
110 0.5492 -5.76741 -3.14204 0.00263914 0.00220071 0.000438425 0 0 
111 0.549143 -18.1421 -2.88331 0.00185542 0.0018532 2.21566e-06 0 0 
112 0.548961 -27.0239 -2.06945 0.00128766 0.000954668 0.000332996 0 0 
113 0.548691 -30.7027 -0.857161 0.00135207 0.000163782 0.00118828 0 0 
114 0.548384 -28.4703 0.520162 0.00200142 6.0314e-05 0.0019411 0 0 
115 0.548099 -20.7564 1.79734 0.0027597 0.000720112 0.00203959 0 0 
116 0.547892 -9.0462 2.72847 0.00307105 0.00165951 0.00141155 0 0 
117 0.547801 4.40565 3.13428 0.00270723 0.00218986 0.000517372 0 0 
118 0.547845 17.0093 2.93664 0.00193494 0.0019224 1.25439e-05 0 0 
119 0.548015 26.3381 2.17361 0.00132031 0.00105318 0.000267134 0 0 
120 0.548279 30.5959 0.992082 0.00131391 0.0002194 0.00109451 0 0 
121 0.548585 28.9631 -0.380451 0.00192043 3.22655e-05 0.00188816 0 0 
122 0.548874 21.7539 -1.67973 0.00269525 0.000628959 0.00206629 0 0 
123 0.549092 10.3564 -2.65562 0.00307038 0.00157207 0.00149831 0 0 
124 0.549196 -3.03501 -3.12021 0.00277084 0.00217024 0.000600601 0 0 
125 0.549165 -15.8421 -2.98405 0.0020162 0.00198497 3.12238e-05 0 0 
126 0.549007 -25.5991 -2.27338 0.00135965 0.00115208 0.000207571 0 0 
127 0.548751 -30.4274 -1.125 0.0012825 0.000282129 0.00100037 0 0 
128 0.548447 -29.3975 0.239973 0.00184129 1.2837e-05 0.00182845 0 0 
129 0.548153 -22.7076 1.55874 0.0026264 0.000541615 0.00208478 0 0 
130 0.547925 -11.6458 2.57741 0.00306229 0.00148084 0.00158145 0 0 
131 0.547809 1.65825 3.09984 0.00282944 0.002142 0.000687441 0 0 
132 0.547826 14.643 3.02545 0.00209853 0.00204042 5.81048e-05 0 0 
133 0.547972 24.8085 2.36856 0.00140537 0.00125058 0.000154788 0 0 
134 0.54822 30.1976 1.25565 0.00125808 0.000351464 0.000906616 0 0 
135 0.548522 29.7726 -0.0990103 0.00176464 2.18525e-06 0.00176245 0 0 
136 0.54882 23.6155 -1.43461 0.0025537 0.000458785 0.00209492 0 0 
137 0.549056 12.9116 -2.494 0.00304685 0.00138655 0.0016603 0 0 
138 0.549185 -0.278143 -3.07322 0.00288256 0.00210537 0.000777191 0 0 
139 0.549182 -13.4144 -3.06074 0.00218128 0.00208831 9.29701e-05 0 0 
140 0.549048 -23.9679 -2.45897 0.00145708 0.00134787 0.00010921 0 0 
141 0.548808 -29.9068 -1.38377 0.00124085 0.000426845 0.000814006 0 0 
142 0.548509 -30.0878 -0.0421517 0.0016911 3.96068e-07 0.0016907 0 0 
143 0.548209 -24.4758 1.30759 0.00247776 0.000381137 0.00209662 0 0 
144 0.547964 -14.1515 2.40557 0.00302417 0.00128996 0.00173421 0 0 
145 0.547822 -1.10252 3.0404 0.00292978 0.00206065 0.000869129 0 0 
146 0.547811 12.1587 3.08986 0.00226377 0.00212823 0.000135539 0 0 
147 0.547933 23.079 2.54442 0.00151438 0.00144318 7.12042e-05 0 0 
148 0.548164 29.5558 1.5091 0.00123095 0.000507666 0.000723286 0 0 
149 0.548459 30.3422 0.183229 0.00162125 7.48389e-06 0.00161377 0 0 
150 0.548763 25.2867 -1.17792 0.00239917 0.000309296 0.00208988 0 0 
151 0.549015 15.3628 -2.31229 0.00299445 0.00119186 0.00180259 0 0 
152 0.549169 2.48097 -3.00146 0.00297071 0.00200819 0.000962512 0 0 
153 0.549194 -10.8785 -3.11275 0.00234535 0.00215988 0.000185467 0 0 
154 0.549085 -22.1435 -2.62475 0.00157681 0.00153573 4.1077e-05 0 0 
155 0.548864 -29.1452 -1.63139 0.00122846 0.000593274 0.000635188 0 0 
156 0.548572 -30.5354 -0.323936 0.00155567 2.33916e-05 0.00153228 0 0 
157 0.548267 -26.0467 1.04588 0.00231858 0.000243842 0.00207473 0 0 
158 0.548006 -16.5431 2.21434 0.00295792 0.00109302 0.0018649 0 0 
159 0.547841 -3.85441 2.95646 0.00300502 0.00194843 0.00105659 0 0 
160 0.547802 9.57636 3.12937 0.00242536 0.002183 0.000242353 0 0 
161 0.547898 21.1634 2.69977 0.00164385 0.00162478 1.90715e-05 0 0 
162 0.54811 28.6758 1.75038 0.0012334 0.00068298 0.000550422 0 0 
163 0.548397 30.6671 0.46399 0.00149489 4.79909e-05 0.00144689 0 0 
164 0.548703 26.7541 -0.911737 0.00223662 0.000185302 0.00205132 0 0 
165 0.548971 17.69 -2.11193 0.00291487 0.000994256 0.00192062 0 0 
166 0.549148 5.22008 -2.9055 0.00303244 0.00188184 0.0011506 0 0 
167 0.5492 -8.25492 -3.13967 0.00250314 0.0021974 0.000305739 0 0 
168 0.549117 -20.1406 -2.76936 0.00171498 0.00170962 5.36498e-06 0 0 
169 0.548916 -28.1485 -1.86585 0.00124573 0.000776059 0.000469672 0 0 
170 0.548634 -30.737 -0.603109 0.00143938 8.10835e-05 0.00135829 0 0 
171 0.548327 -27.4076 0.775751 0.00215397 0.000134149 0.00201982 0 0 
172 0.548053 -18.8013 2.00525 0.00286566 0.000896355 0.00196931 0 0 
173 0.547865 -6.57522 2.84868 0.00305275 0.00180896 0.00124379 0 0 
174 0.547799 6.91683 3.14365 0.00257808 0.00220297 0.000375112 0 0 
175 0.547868 19.0772 2.83336 0.00178962 0.00178955 6.79756e-08 0 0 
176 0.548059 27.5645 1.97756 0.00126535 0.000871763 0.000393588 0 0 
177 0.548335 30.7448 0.741012 0.0013896 0.000122403 0.0012672 0 0 
178 0.548642 28.0058 -0.638202 0.00207128 9.07939e-05 0.00198049 0 0 
179 0.548922 19.8747 -1.89454 0.00281068 0.000800108 0.00201058 0 0 
180 0.549121 7.9171 -2.78612 0.00306578 0.00173037 0.0013354 0 0 
181 0.5492 -5.56479 -3.14128 0.00264957 0.00219965 0.000449914 0 0 
182 0.549145 -17.9753 -2.89164 0.00186716 0.00186393 3.22319e-06 0 0 
183 0.548965 -26.9249 -2.08527 0.0012921 0.000969319 0.000322783 0 0 
184 0.548696 -30.6907 -0.87742 0.00134595 0.000171615 0.00117434 0 0 
185 0.548389 -28.5475 0.499365 0.00198923 5.55874e-05 0.00193365 0 0 
186 0.548103 -20.908 1.78001 0.00275038 0.000706291 0.00204409 0 0 
187 0.547894 -9.24302 2.71794 0.00307143 0.00164672 0.00142471 0 0 
188 0.547802 4.20153 3.13258 0.00271703 0.00218749 0.000529541 0 0 
189 0.547844 16.8371 2.9441 0.00194698 0.00193217 1.48052e-05 0 0 
190 0.548012 26.2311 2.18879 0.00132577 0.00106794 0.00025783 0 0 
191 0.548274 30.5747 1.01206 0.00130879 0.000228324 0.00108046 0 0 
192 0.54858 29.0317 -0.359521 0.00190848 2.88131e-05 0.00187967 0 0 
193 0.54887 21.8991 -1.66188 0.00268523 0.00061566 0.00206957 0 0 
194 0.549089 10.5503 -2.64428 0.00306964 0.00155867 0.00151097 0 0 
195 0.549195 -2.8298 -3.11756 0.00277992 0.00216656 0.000613352 0 0 
196 0.549167 -15.6651 -2.99062 0.00202843 0.00199371 3.47206e-05 0 0 
197 0.54901 -25.4843 -2.28788 0.00136608 0.00116683 0.00019925 0 0 
198 0.548755 -30.397 -1.14466 0.0012784 0.000292073 0.000986331 0 0 
199 0.548451 -29.4573 0.218952 0.00182967 1.06866e-05 0.00181899 0 0 
200 0.548157 -22.8461 1.54041 0.00261577 0.000528946 0.00208683 0 0 
201 0.547928 -11.8363 2.56528 0.00306045 0.00146694 0.00159351 0 0 
202 0.54781 1.45236 3.09626 0.00283773 0.00213705 0.000700672 0 0 
203 0.547824 14.4614 3.03111 0.00211087 0.00204806 6.28089e-05 0 0 
204 0.547969 24.6862 2.38237 0.00141272 0.0012652 0.000147517 0 0 
205 0.548216 30.158 1.27495 0.00125505 0.000362347 0.0008927 0 0 
206 0.548517 29.8235 -0.0779422 0.00175345 1.35421e-06 0.00175209 0 0 
207 0.548816 23.747 -1.41583 0.00254256 0.000446848 0.00209571 0 0 
208 0.549053 13.0984 -2.48112 0.00304392 0.00137226 0.00167166 0 0 
209 0.549184 -0.0719938 -3.06871 0.00288999 0.0020992 0.000790795 0 0 
210 0.549183 -13.2286 -3.06548 0.00219362 0.00209478 9.88436e-05 0 0 
211 0.549051 -23.8382 -2.47205 0.00146529 0.00136224 0.000103047 0 0 
212 0.548813 -29.8583 -1.40267 0.00123891 0.000438581 0.000800325 0 0 
213 0.548514 -30.1296 -0.0632251 0.00168042 8.91087e-07 0.00167953 0 0 
214 0.548213 -24.6 1.28839 0.00246618 0.000370028 0.00209615 0 0 
215 0.547967 -14.3342 2.39195 0.00302017 0.00127539 0.00174478 0 0 
216 0.547823 -1.30852 3.03498 0.00293629 0.0020533 0.000882996 0 0 
217 0.54781 11.9691 3.09368 0.00227603 0.00213349 0.000142534 0 0 
218 0.54793 22.9422 2.55675 0.00152339 0.00145719 6.61996e-05 0 0 
219 0.548159 29.4983 1.52756 0.00123011 0.000520159 0.00070995 0 0 
220 0.548454 30.3749 0.204265 0.00161118 9.30098e-06 0.00160188 0 0 
221 0.548758 25.4035 -1.15835 0.00238725 0.000299105 0.00208815 0 0 
222 0.549012 15.541 -2.29795 0.00298942 0.00117713 0.00181229 0 0 
223 0.549168 2.68639 -2.99512 0.00297626 0.00199972 0.000976531 0 0 
224 0.549195 -10.6854 -3.11563 0.00235741 0.00216388 0.000193528 0 0 
225 0.549088 -22 -2.63629 0.00158654 0.00154927 3.72711e-05 0 0 
226 0.548868 -29.0788 -1.64937 0.00122873 0.000606423 0.000622305 0 0 
227 0.548577 -30.559 -0.344893 0.00154628 2.65161e-05 0.00151977 0 0 
228 0.548271 -26.1557 1.02598 0.00230641 0.000234651 0.00207176 0 0 
229 0.54801 -16.7165 2.19933 0.0029519 0.00107825 0.00187364 0 0 
230 0.547843 -4.05885 2.94923 0.00300956 0.00193891 0.00107065 0 0 
231 0.547802 9.38025 3.13131 0.00243713 0.00218571 0.000251415 0 0 
232 0.547896 21.0133 2.71051 0.00165423 0.00163773 1.64948e-05 0 0 
233 0.548106 28.6007 1.76785 0.00123478 0.000696679 0.000538096 0 0 
234 0.548392 30.6815 0.484825 0.00148625 5.23976e-05 0.00143385 0 0 
235 0.548699 26.8551 -0.891546 0.00222431 0.000177186 0.00204712 0 0 
236 0.548967 17.8583 -2.09627 0.00290791 0.000979566 0.00192834 0 0 
237 0.549146 5.42312 -2.89739 0.00303593 0.00187135 0.00116458 0 0 
238 0.5492 -8.05615 -3.14067 0.00251452 0.0021988 0.000315728 0 0 
239 0.54912 -19.9843 -2.77927 0.00172592 0.00172188 4.03838e-06 0 0 
240 0.54892 -28.0649 -1.88277 0.0012482 0.000790199 0.000458002 0 0 
241 0.548639 -30.7421 -0.62378 0.00143157 8.67369e-05 0.00134484 0 0 
242 0.548332 -27.5004 0.755309 0.00214161 0.000127172 0.00201444 0 0 
243 0.548057 -18.964 1.98898 0.00285781 0.000881862 0.00197595 0 0 
244 0.547867 -6.77645 2.8397 0.00305516 0.00179757 0.00125758 0 0 
245 0.547799 6.7158 3.1437 0.00258899 0.00220304 0.000385948 0 0 
246 0.547866 18.9151 2.84242 0.00180102 0.00180102 2.14275e-09 0 0 
247 0.548056 27.4725 1.9939 0.0012689 0.000886228 0.000382668 0 0 
248 0.54833 30.7407 0.761477 0.00138269 0.000129257 0.00125343 0 0 
249 0.548638 28.0903 -0.61755 0.00205898 8.50129e-05 0.00197396 0 0 
250 0.548919 20.0316 -1.87768 0.00280201 0.000785929 0.00201608 0 0 
251 0.549119 8.11613 -2.77629 0.00306709 0.00171819 0.0013489 0 0 
252 0.5492 -5.36192 -3.14038 0.00265991 0.0021984 0.00046151 0 0 
253 0.549146 -17.8076 -2.89985 0.00187894 0.00187452 4.41865e-06 0 0 
254 0.548968 -26.8248 -2.101 0.0012967 0.000983993 0.000312702 0 0 
255 0.5487 -30.6773 -0.897639 0.00133998 0.000179616 0.00116037 0 0 
256 0.548393 -28.6235 0.478545 0.00197708 5.10489e-05 0.00192603 0 0 
257 0.548107 -21.0587 1.76259 0.00274095 0.00069254 0.00204841 0 0 
258 0.547897 -9.43943 2.70729 0.00307163 0.00163384 0.00143779 0 0 
259 0.547802 3.99722 3.13074 0.00272672 0.00218491 0.000541804 0 0 
260 0.547842 16.6643 2.95142 0.00195905 0.0019418 1.72523e-05 0 0 
261 0.548009 26.1229 2.20386 0.00133137 0.00108271 0.000248668 0 0 
262 0.54827 30.5521 1.03199 0.00130381 0.000237406 0.00106641 0 0 
263 0.548575 29.0989 -0.338575 0.00189657 2.55535e-05 0.00187102 0 0 
264 0.548866 22.0434 -1.64395 0.00267513 0.000602449 0.00207268 0 0 
265 0.549087 10.7437 -2.63282 0.00306874 0.00154519 0.00152355 0 0 
266 0.549194 -2.62446 -3.11478 0.00278888 0.0021627 0.000626182 0 0 
267 0.549168 -15.4873 -2.99705 0.00204069 0.0020023 3.83996e-05 0 0 
268 0.549013 -25.3684 -2.30229 0.00137265 0.00118157 0.000191081 0 0 
269 0.54876 -30.3652 -1.16426 0.00127447 0.000302163 0.000972302 0 0 
270 0.548456 -29.5158 0.197922 0.00181811 8.73234e-06 0.00180938 0 0 
271 0.548161 -22.9836 1.522 0.00260507 0.00051638 0.00208869 0 0 
272 0.547931 -12.0263 2.55304 0.00305845 0.00145297 0.00160547 0 0 
273 0.547811 1.24641 3.09254 0.00284589 0.00213193 0.000713965 0 0 
274 0.547823 14.2791 3.03663 0.00212322 0.00205553 6.76902e-05 0 0 
275 0.547966 24.5627 2.39607 0.0014202 0.00127979 0.000140407 0 0 
276 0.548212 30.1171 1.29418 0.00125218 0.000373364 0.000878811 0 0 
277 0.548513 29.8731 -0.0568707 0.00174233 7.2097e-07 0.00174161 0 0 
278 0.548811 23.8774 -1.39698 0.00253134 0.000435029 0.00209631 0 0 
279 0.54905 13.2847 -2.46812 0.00304082 0.00135791 0.00168291 0 0 
280 0.549183 0.134159 -3.06407 0.00289729 0.00209285 0.000804446 0 0 
281 0.549184 -13.0422 -3.07009 0.00220596 0.00210108 0.000104888 0 0 
282 0.549054 -23.7075 -2.48501 0.00147363 0.00137657 9.70544e-05 0 0 
283 0.548817 -29.8083 -1.4215 0.00123712 0.000450436 0.000786688 0 0 
284 0.548519 -30.1701 -0.0842957 0.00166983 1.58399e-06 0.00166825 0 0 
285 0.548217 -24.7232 1.26914 0.00245454 0.000359051 0.00209549 0 0 
286 0.54797 -14.5162 2.37822 0.00301602 0.00126079 0.00175523 0 0 
287 0.547825 -1.51445 3.02942 0.00294267 0.00204578 0.000896893 0 0 
288 0.54781 11.7789 3.09735 0.00228826 0.00213856 0.000149693 0 0 
289 0.547927 22.8045 2.56895 0.00153251 0.00147114 6.13716e-05 0 0 
290 0.548155 29.4394 1.54594 0.00122943 0.000532756 0.000696675 0 0 
291 0.54845 30.4063 0.225292 0.0016012 1.13144e-05 0.00158989 0 0 
292 0.548754 25.519 -1.13874 0.00237529 0.000289059 0.00208623 0 0 
293 0.549009 15.7185 -2.28352 0.00298424 0.00116239 0.00182185 0 0 
294 0.549166 2.89169 -2.98865 0.00298166 0.00199109 0.000990563 0 0 
295 0.549195 -10.4919 -3.11837 0.00236943 0.00216769 0.000201743 0 0 
296 0.54909 -21.8554 -2.64771 0.00159637 0.00156272 3.36469e-05 0 0 
297 0.548872 -29.0111 -1.66727 0.00122916 0.000619661 0.000609499 0 0 
298 0.548582 -30.5812 -0.365834 0.001537 2.98339e-05 0.00150716 0 0 
299 0.548276 -26.2635 1.00604 0.00229422 0.000225617 0.0020686 0 0 
300 0.548013 -16.8891 2.18422 0.00294573 0.00106349 0.00188224 0 0 
301 0.547844 -4.2631 2.94186 0.00301394 0.00192924 0.0010847 0 0 
302 0.547802 9.18371 3.13311 0.00244884 0.00218822 0.00026062 0 0 
303 0.547893 20.8624 2.72113 0.00166469 0.00165059 1.41037e-05 0 0 
304 0.548102 28.5243 1.78524 0.00123631 0.000710451 0.000525862 0 0 
305 0.548387 30.6945 0.505639 0.00147774 5.6993e-05 0.00142074 0 0 
306 0.548694 26.9549 -0.871315 0.00221199 0.000169235 0.00204275 0 0 
307 0.548964 18.0257 -2.08051 0.00290081 0.000964898 0.00193591 0 0 
308 0.549144 5.62592 -2.88914 0.00303926 0.00186071 0.00117855 0 0 
309 0.5492 -7.85702 -3.14152 0.00252584 0.00219999 0.000325849 0 0 
310 0.549122 -19.8272 -2.78906 0.00173693 0.00173403 2.89957e-06 0 0 
311 0.548923 -27.98 -1.89961 0.00125083 0.000804394 0.000446438 0 0 
312 0.548644 -30.7458 -0.644424 0.0014239 9.25728e-05 0.00133132 0 0 
313 0.548336 -27.592 0.734834 0.00212925 0.00012037 0.00200888 0 0 
314 0.54806 -19.1259 1.97261 0.00284983 0.000867409 0.00198242 0 0 
315 0.547869 -6.97738 2.8306 0.00305741 0.00178606 0.00127134 0 0 
316 0.547799 6.51448 3.1436 0.00259981 0.00220291 0.000396904 0 0 
317 0.547864 18.7521 2.85136 0.00181249 0.00181237 1.2482e-07 0 0 
318 0.548052 27.3793 2.01015 0.0012726 0.000900732 0.000371868 0 0 
319 0.548326 30.7352 0.781909 0.00137591 0.000136287 0.00123962 0 0 
320 0.548633 28.1735 -0.59687 0.00204669 7.94147e-05 0.00196727 0 0 
321 0.548915 20.1875 -1.86073 0.00279321 0.000771807 0.00202141 0 0 
322 0.549117 8.31478 -2.76634 0.00306824 0.0017059 0.00136234 0 0 
323 0.5492 -5.1588 -3.13935 0.00267016 0.00219694 0.000473212 0 0 
324 0.549148 -17.6392 -2.90792 0.00189078 0.00188498 5.80183e-06 0 0 
325 0.548972 -26.7234 -2.11663 0.00130144 0.000998689 0.000302752 0 0 
326 0.548705 -30.6625 -0.917818 0.00133416 0.000187782 0.00114638 0 0 
327 0.548398 -28.6981 0.457703 0.00196496 4.66992e-05 0.00191826 0 0 
328 0.548111 -21.2084 1.7451 0.00273141 0.000678863 0.00205255 0 0 
329 0.547899 -9.63542 2.69651 0.00307167 0.00162086 0.00145081 0 0 
330 0.547803 3.79272 3.12876 0.00273631 0.00218215 0.000554157 0 0 
331 0.54784 16.4906 2.95862 0.00197116 0.00195127 1.98848e-05 0 0 
332 0.548005 26.0136 2.21884 0.00133712 0.00109747 0.000239649 0 0 
333 0.548266 30.5281 1.05188 0.00129899 0.000246643 0.00105235 0 0 
334 0.548571 29.1649 -0.317614 0.00188472 2.24874e-05 0.00186223 0 0 
335 0.548862 22.1866 -1.62595 0.00266492 0.000589327 0.00207559 0 0 
336 0.549084 10.9366 -2.62124 0.00306767 0.00153163 0.00153604 0 0 
337 0.549194 -2.419 -3.11186 0.00279773 0.00215864 0.000639088 0 0 
338 0.549169 -15.3089 -3.00334 0.00205298 0.00201072 4.22603e-05 0 0 
339 0.549016 -25.2513 -2.31659 0.00137936 0.00119629 0.000183067 0 0 
340 0.548764 -30.3321 -1.18381 0.00127068 0.000312397 0.000958288 0 0 
341 0.548461 -29.5729 0.176883 0.00180661 6.97453e-06 0.00179964 0 0 
342 0.548165 -23.12 1.50352 0.00259428 0.00050392 0.00209036 0 0 
343 0.547934 -12.2158 2.54069 0.00305628 0.00143894 0.00161734 0 0 
344 0.547811 1.0404 3.08869 0.00285393 0.00212661 0.000727319 0 0 
345 0.547822 14.0963 3.04201 0.00213558 0.00206283 7.27478e-05 0 0 
346 0.547963 24.4381 2.40966 0.00142781 0.00129435 0.000133461 0 0 
347 0.548207 30.0749 1.31336 0.00124946 0.000384512 0.000864953 0 0 
348 0.548508 29.9212 -0.0357965 0.00173128 2.85642e-07 0.001731 0 0 
349 0.548807 24.0068 -1.37806 0.00252006 0.00042333 0.00209673 0 0 
350 0.549047 13.4703 -2.45501 0.00303757 0.00134353 0.00169405 0 0 
351 0.549182 0.340306 -3.05929 0.00290446 0.00208632 0.00081814 0 0 
352 0.549185 -12.8552 -3.07455 0.00221829 0.00210719 0.000111102 0 0 
353 0.549057 -23.5757 -2.49787 0.00148208 0.00139085 9.12326e-05 0 0 
354 0.548821 -29.757 -1.44026 0.00123551 0.000462407 0.000773098 0 0 
355 0.548523 -30.2092 -0.105363 0.00165932 2.47465e-06 0.00165685 0 0 
356 0.548221 -24.8452 1.24982 0.00244285 0.000348208 0.00209464 0 0 
357 0.547973 -14.6976 2.36438 0.00301172 0.00124616 0.00176555 0 0 
358 0.547826 -1.72032 3.02372 0.0029489 0.00203809 0.000910818 0 0 
359 0.547809 11.5882 3.10089 0.00230046 0.00214345 0.000157013 0 0 
360 0.547925 22.6657 2.58104 0.00154174 0.00148502 5.67212e-05 0 0 
361 0.548151 29.3792 1.56426 0.00122892 0.000545455 0.000683463 0 0 
362 0.548445 30.4363 0.246309 0.00159132 1.35239e-05 0.0015778 0 0 
363 0.548749 25.6335 -1.11906 0.00236329 0.000279159 0.00208413 0 0 
364 0.549006 15.8954 -2.26898 0.00297891 0.00114763 0.00183128 0 0 
365 0.549165 3.09687 -2.98205 0.00298691 0.0019823 0.00100461 0 0 
366 0.549196 -10.2979 -3.12097 0.00238142 0.00217131 0.00021011 0 0 
367 0.549093 -21.7099 -2.65901 0.0016063 0.00157609 3.02052e-05 0 0 
368 0.548876 -28.9421 -1.6851 0.00122976 0.000632986 0.000596771 0 0 
369 0.548586 -30.6021 -0.386759 0.00152783 3.33443e-05 0.00149448 0 0 
370 0.54828 -26.3701 0.986049 0.002282 0.000216739 0.00206526 0 0 
371 0.548016 -17.061 2.16901 0.00293942 0.00104873 0.00189069 0 0 
372 0.547846 -4.46717 2.93437 0.00301817 0.00191942 0.00109875 0 0 
373 0.547801 8.98676 3.13477 0.00246051 0.00219054 0.000269967 0 0 
374 0.547891 20.7105 2.73162 0.00167524 0.00166334 1.18986e-05 0 0 
375 0.548098 28.4467 1.80255 0.00123801 0.000724294 0.000513721 0 0 
376 0.548383 30.7061 0.526429 0.00146934 6.17761e-05 0.00140757 0 0 
377 0.54869 27.0535 -0.851045 0.00219965 0.000161453 0.0020382 0 0 
378 0.54896 18.1923 -2.06467 0.00289357 0.000950255 0.00194332 0 0 
379 0.549142 5.82846 -2.88077 0.00304243 0.00184994 0.00119248 0 0 
380 0.5492 -7.65753 -3.14224 0.00253709 0.00220099 0.0003361 0 0 
381 0.549124 -19.6692 -2.79872 0.00174801 0.00174606 1.94875e-06 0 0 
382 0.548927 -27.8939 -1.91636 0.00125362 0.000818643 0.000434982 0 0 
383 0.548648 -30.7482 -0.665038 0.00141635 9.85901e-05 0.00131776 0 0 
384 0.548341 -27.6824 0.714325 0.0021169 0.000113745 0.00200316 0 0 
385 0.548064 -19.2869 1.95616 0.00284173 0.000852998 0.00198873 0 0 
386 0.547871 -7.178 2.82137 0.00305949 0.00177443 0.00128506 0 0 
387 0.547799 6.31286 3.14337 0.00261056 0.00220258 0.000407977 0 0 
388 0.547862 18.5883 2.86018 0.00182402 0.00182359 4.35986e-07 0 0 
389 0.548048 27.2849 2.0263 0.00127646 0.000915272 0.000361189 0 0 
390 0.548321 30.7282 0.802305 0.00136927 0.000143489 0.00122578 0 0 
391 0.548628 28.2554 -0.576164 0.00203442 7.40002e-05 0.00196042 0 0 
392 0.548911 20.3426 -1.8437 0.00278431 0.000757744 0.00202656 0 0 
393 0.549114 8.51307 -2.75627 0.00306922 0.0016935 0.00137573 0 0 
394 0.5492 -4.95546 -3.13817 0.00268031 0.00219529 0.000485017 0 0 
395 0.54915 -17.4699 -2.91586 0.00190266 0.00189529 7.37247e-06 0 0 
396 0.548975 -26.6208 -2.13216 0.00130634 0.0010134 0.000292937 0 0 
397 0.548709 -30.6464 -0.937955 0.00132849 0.000196112 0.00113237 0 0 
398 0.548403 -28.7715 0.436841 0.00195287 4.25391e-05 0.00191033 0 0 
399 0.548115 -21.3572 1.72753 0.00272177 0.000665262 0.00205651 0 0 
400 0.547901 -9.83097 2.68562 0.00307155 0.00160779 0.00146376 0 0 
401 0.547803 3.58806 3.12663 0.00274579 0.00217919 0.0005666 0 0 
402 0.547839 16.3163 2.96567 0.0019833 0.00196059 2.27023e-05 0 0 
403 0.548002 25.9031 2.23373 0.00134302 0.00111224 0.000230776 0 0 
404 0.548261 30.5027 1.07171 0.00129433 0.000256034 0.00103829 0 0 
405 0.548566 29.2296 -0.296638 0.0018729 1.96153e-05 0.00185329 0 0 
406 0.548858 22.3288 -1.60788 0.00265463 0.000576297 0.00207833 0 0 
407 0.549082 11.129 -2.60955 0.00306644 0.001518 0.00154844 0 0 
408 0.549193 -2.21343 -3.1088 0.00280646 0.0021544 0.000652067 0 0 
409 0.549171 -15.1298 -3.0095 0.00206527 0.00201897 4.63019e-05 0 0 
410 0.54902 -25.1331 -2.33078 0.00138621 0.001211 0.000175208 0 0 
411 0.548768 -30.2975 -1.20331 0.00126706 0.000322772 0.000944289 0 0 
412 0.548465 -29.6287 0.155837 0.00179518 5.41352e-06 0.00178976 0 0 
413 0.548169 -23.2554 1.48498 0.00258341 0.000491566 0.00209185 0 0 
414 0.547936 -12.4047 2.52822 0.00305395 0.00142485 0.00162909 0 0 
415 0.547812 0.834339 3.08469 0.00286185 0.00212111 0.000740731 0 0 
416 0.547821 13.9127 3.04726 0.00214793 0.00206995 7.79809e-05 0 0 
417 0.54796 24.3125 2.42314 0.00143555 0.00130887 0.00012668 0 0 
418 0.548203 30.0313 1.33248 0.00124692 0.000395788 0.000851128 0 0 
419 0.548503 29.9681 -0.0147208 0.00172031 4.83063e-08 0.00172026 0 0 
420 0.548803 24.1351 -1.35909 0.00250871 0.000411753 0.00209695 0 0 
421 0.549044 13.6553 -2.44179 0.00303416 0.0013291 0.00170507 0 0 
422 0.549181 0.546437 -3.05437 0.00291149 0.00207961 0.000831876 0 0 
423 0.549186 -12.6676 -3.07888 0.00223061 0.00211313 0.000117484 0 0 
424 0.54906 -23.4428 -2.51061 0.00149066 0.00140507 8.55829e-05 0 0 
425 0.548825 -29.7044 -1.45897 0.00123405 0.000474494 0.000759558 0 0 
426 0.548528 -30.247 -0.126425 0.00164891 3.5629e-06 0.00164534 0 0 
427 0.548226 -24.9661 1.23046 0.00243111 0.0003375 0.00209361 0 0 
428 0.547976 -14.8784 2.35044 0.00300725 0.00123151 0.00177574 0 0 
429 0.547827 -1.92611 3.01788 0.002955 0.00203023 0.000924767 0 0 
430 0.547808 11.397 3.10429 0.00231264 0.00214815 0.000164493 0 0 
431 0.547922 22.5258 2.59302 0.00155108 0.00149883 5.2249e-05 0 0 
432 0.548147 29.3177 1.58251 0.00122857 0.000558255 0.000670317 0 0 
433 0.54844 30.465 0.267315 0.00158154 1.5929e-05 0.00156562 0 0 
434 0.548745 25.7468 -1.09934 0.00235124 0.000269406 0.00208184 0 0 
435 0.549003 16.0715 -2.25434 0.00297343 0.00113287 0.00184056 0 0 
436 0.549163 3.3019 -2.97531 0.00299201 0.00197336 0.00101866 0 0 
437 0.549196 -10.1034 -3.12343 0.00239336 0.00217473 0.000218628 0 0 
438 0.549095 -21.5635 -2.6702 0.00161632 0.00158938 2.69466e-05 0 0 
439 0.54888 -28.8719 -1.70286 0.00123052 0.000646395 0.000584125 0 0 
440 0.548591 -30.6215 -0.407667 0.00151876 3.70468e-05 0.00148172 0 0 
441 0.548285 -26.4755 0.966014 0.00226976 0.000208021 0.00206174 0 0 
442 0.54802 -17.2321 2.15371 0.00293298 0.00103398 0.00189899 0 0 
443 0.547848 -4.67103 2.92674 0.00302224 0.00190945 0.00111279 0 0 
444 0.547801 8.78941 3.13628 0.00247211 0.00219266 0.000279454 0 0 
445 0.547889 20.5576 2.74199 0.00168587 0.00167599 9.8798e-06 0 0 
446 0.548094 28.3678 1.81978 0.00123988 0.000738204 0.000501677 0 0 
447 0.548378 30.7163 0.547196 0.00146107 6.67462e-05 0.00139433 0 0 
448 0.548685 27.1509 -0.830736 0.00218731 0.000153839 0.00203347 0 0 
449 0.548957 18.3581 -2.04873 0.0028862 0.000935639 0.00195057 0 0 
450 0.54914 6.03074 -2.87227 0.00304544 0.00183904 0.0012064 0 0 
451 0.549201 -7.4577 -3.14281 0.00254827 0.00220179 0.00034648 0 0 
452 0.549126 -19.5103 -2.80826 0.00175917 0.00175798 1.18609e-06 0 0 
453 0.548931 -27.8065 -1.93302 0.00125658 0.000832942 0.000423637 0 0 
454 0.548653 -30.7491 -0.685622 0.00140894 0.000104788 0.00130415 0 0 
455 0.548345 -27.7715 0.693784 0.00210455 0.000107297 0.00199726 0 0 
456 0.548068 -19.447 1.93961 0.0028335 0.000838631 0.00199487 0 0 
457 0.547873 -7.3783 2.81201 0.00306141 0.00176268 0.00129873 0 0 
458 0.547799 6.11096 3.143 0.00262122 0.00220206 0.000419165 0 0 
459 0.54786 18.4237 2.86886 0.00183561 0.00183467 9.35583e-07 0 0 
460 0.548045 27.1892 2.04237 0.00128048 0.000929846 0.000350634 0 0 
461 0.548317 30.72 0.822666 0.00136278 0.000150865 0.00121191 0 0 
462 0.548624 28.3361 -0.555432 0.00202217 6.87705e-05 0.0019534 0 0 
463 0.548907 20.4967 -1.82659 0.00277528 0.000743743 0.00203154 0 0 
464 0.549112 8.71097 -2.74607 0.00307004 0.00168099 0.00138906 0 0 
465 0.549199 -4.75189 -3.13685 0.00269037 0.00219345 0.000496923 0 0 
466 0.549152 -17.2999 -2.92368 0.00191459 0.00190546 9.1303e-06 0 0 
467 0.548979 -26.517 -2.1476 0.00131139 0.00102813 0.000283258 0 0 
468 0.548714 -30.6288 -0.95805 0.00132296 0.000204606 0.00111835 0 0 
469 0.548407 -28.8436 0.41596 0.00194081 3.85695e-05 0.00190224 0 0 
470 0.548119 -21.5051 1.70988 0.00271203 0.00065174 0.00206029 0 0 
471 0.547904 -10.0261 2.6746 0.00307126 0.00159463 0.00147663 0 0 
472 0.547804 3.38324 3.12437 0.00275516 0.00217604 0.000579129 0 0 
473 0.547837 16.1412 2.9726 0.00199546 0.00196976 2.57042e-05 0 0 
474 0.547999 25.7914 2.24851 0.00134906 0.00112701 0.000222051 0 0 
475 0.548257 30.476 1.0915 0.00128981 0.000265577 0.00102423 0 0 
476 0.548561 29.2929 -0.275649 0.00186114 1.69377e-05 0.00184421 0 0 
477 0.548854 22.4701 -1.58973 0.00264424 0.000563362 0.00208088 0 0 
478 0.549079 11.321 -2.59774 0.00306504 0.00150429 0.00156075 0 0 
479 0.549192 -2.00777 -3.1056 0.00281508 0.00214996 0.000665118 0 0 
480 0.549172 -14.9499 -3.01553 0.00207759 0.00202706 5.05236e-05 0 0 
481 0.549023 -25.0138 -2.34487 0.00139319 0.00122569 0.000167506 0 0 
482 0.548773 -30.2616 -1.22275 0.0012636 0.000333288 0.00093031 0 0 
483 0.54847 -29.6832 0.134783 0.0017838 4.04957e-06 0.00177975 0 0 
484 0.548173 -23.3897 1.46637 0.00257247 0.000479323 0.00209315 0 0 
485 0.547939 -12.593 2.51563 0.00305145 0.0014107 0.00164075 0 0 
486 0.547813 0.628244 3.08056 0.00286963 0.00211543 0.000754198 0 0 
487 0.54782 13.7286 3.05237 0.00216029 0.0020769 8.33885e-05 0 0 
488 0.547957 24.1857 2.43651 0.00144342 0.00132336 0.000120064 0 0 
489 0.548199 29.9863 1.35154 0.00124453 0.000407192 0.000837339 0 0 
490 0.548499 30.0136 0.0063556 0.00170942 9.00438e-09 0.00170941 0 0 
491 0.548799 24.2623 -1.34005 0.00249729 0.000400299 0.00209699 0 0 
492 0.549041 13.8397 -2.42846 0.00303059 0.00131463 0.00171597 0 0 
493 0.54918 0.752544 -3.04931 0.00291838 0.00207273 0.000845651 0 0 
494 0.549187 -12.4795 -3.08307 0.00224292 0.00211888 0.000124034 0 0 
495 0.549062 -23.3088 -2.52324 0.00149935 0.00141924 8.01063e-05 0 0 
496 0.548829 -29.6505 -1.4776 0.00123276 0.000486694 0.00074607 0 0 
497 0.548533 -30.2835 -0.147481 0.00163858 4.84856e-06 0.00163373 0 0 
498 0.54823 -25.0859 1.21103 0.00241931 0.000326929 0.00209238 0 0 
499 0.547979 -15.0585 2.33639 0.00300264 0.00121683 0.00178581 0 0 
500 0.547829 -2.13181 3.01191 0.00296094 0.0020222 0.000938739 0 0 
501 0.547807 11.2053 3.10754 0.00232479 0.00215266 0.000172132 0 0 
502 0.547919 22.385 2.60487 0.00156052 0.00151257 4.79559e-05 0 0 
503 0.548143 29.2549 1.60068 0.00122839 0.000571152 0.000657239 0 0 
504 0.548436 30.4923 0.288309 0.00157187 1.85292e-05 0.00155334 0 0 
505 0.548741 25.8589 -1.07957 0.00233917 0.000259804 0.00207936 0 0 
506 0.548999 16.2469 -2.2396 0.00296781 0.00111811 0.0018497 0 0 
507 0.549162 3.50679 -2.96844 0.00299696 0.00196425 0.00103271 0 0 
508 0.549197 -9.90846 -3.12575 0.00240526 0.00217796 0.000227295 0 0 
509 0.549098 -21.416 -2.68126 0.00162645 0.00160257 2.38717e-05 0 0 
510 0.548884 -28.8003 -1.72054 0.00123145 0.000659886 0.000571562 0 0 
511 0.548596 -30.6396 -0.428556 0.00150982 4.09407e-05 0.00146888 0 0 
512 0.548289 -26.5798 0.945936 0.00225749 0.000199464 0.00205803 0 0 
513 0.548023 -17.4025 2.1383 0.00292638 0.00101925 0.00190714 0 0 
514 0.547849 -4.87469 2.91898 0.00302615 0.00189934 0.00112681 0 0 
515 0.547801 8.59166 3.13766 0.00248366 0.00219458 0.000289079 0 0 
516 0.547886 20.4038 2.75224 0.00169659 0.00168854 8.04777e-06 0 0 
517 0.548091 28.2876 1.83692 0.00124191 0.00075218 0.000489731 0 0 
518 0.548373 30.7251 0.567938 0.00145293 7.19024e-05 0.00138102 0 0 
519 0.548681 27.2471 -0.810391 0.00217495 0.000146396 0.00202856 0 0 
520 0.548953 18.523 -2.03269 0.0028787 0.000921053 0.00195765 0 0 
521 0.549138 6.23276 -2.86364 0.00304828 0.001828 0.00122028 0 0 
522 0.549201 -7.25754 -3.14324 0.00255938 0.0022024 0.000356985 0 0 
523 0.549128 -19.3505 -2.81767 0.00177039 0.00176978 6.11728e-07 0 0 
524 0.548935 -27.7179 -1.9496 0.00125969 0.00084729 0.000412404 0 0 
525 0.548657 -30.7487 -0.706176 0.00140166 0.000111165 0.00129049 0 0 
526 0.54835 -27.8594 0.673211 0.00209221 0.000101028 0.00199119 0 0 
527 0.548071 -19.6062 1.92298 0.00282515 0.000824312 0.00200083 0 0 
528 0.547875 -7.57826 2.80252 0.00306317 0.00175081 0.00131236 0 0 
529 0.547799 5.90878 3.14248 0.0026318 0.00220133 0.000430466 0 0 
530 0.547859 18.2582 2.87741 0.00184725 0.00184563 1.62352e-06 0 0 
531 0.548041 27.0923 2.05835 0.00128466 0.00094445 0.000340205 0 0 
532 0.548312 30.7103 0.842989 0.00135642 0.000158411 0.00119801 0 0 
533 0.548619 28.4155 -0.534674 0.00200994 6.37264e-05 0.00194621 0 0 
534 0.548903 20.6499 -1.8094 0.00276615 0.000729807 0.00203634 0 0 
535 0.54911 8.90848 -2.73575 0.0030707 0.00166837 0.00140232 0 0 
536 0.549199 -4.54811 -3.13538 0.00270033 0.0021914 0.000508929 0 0 
537 0.549153 -17.129 -2.93136 0.00192656 0.00191548 1.1075e-05 0 0 
538 0.548982 -26.4121 -2.16295 0.00131659 0.00104288 0.000273716 0 0 
539 0.548718 -30.6099 -0.978102 0.00131758 0.00021326 0.00110432 0 0 
540 0.548412 -28.9144 0.395059 0.0019288 3.47909e-05 0.001894 0 0 
541 0.548123 -21.6519 1.69216 0.00270218 0.000638298 0.00206388 0 0 
542 0.547906 -10.2207 2.66346 0.0030708 0.00158137 0.00148943 0 0 
543 0.547804 3.17826 3.12197 0.00276443 0.00217269 0.000591742 0 0 
544 0.547836 15.9653 2.97939 0.00200766 0.00197877 2.889e-05 0 0 
545 0.547996 25.6786 2.26318 0.00135525 0.00114178 0.000213473 0 0 
546 0.548252 30.4479 1.11124 0.00128545 0.00027527 0.00101018 0 0 
547 0.548557 29.355 -0.254648 0.00184943 1.44551e-05 0.00183498 0 0 
548 0.54885 22.6103 -1.57151 0.00263376 0.000550523 0.00208324 0 0 
549 0.549076 11.5124 -2.58581 0.00306348 0.00149051 0.00157297 0 0 
550 0.549192 -1.80201 -3.10225 0.00282357 0.00214534 0.000678238 0 0 
551 0.549174 -14.7695 -3.02142 0.00208991 0.00203499 5.49248e-05 0 0 
552 0.549026 -24.8933 -2.35886 0.00140031 0.00124035 0.000159962 0 0 
553 0.548777 -30.2244 -1.24214 0.00126029 0.000343942 0.000916351 0 0 
554 0.548475 -29.7363 0.113723 0.0017725 2.88294e-06 0.00176961 0 0 
555 0.548177 -23.523 1.44769 0.00256145 0.000467191 0.00209426 0 0 
556 0.547942 -12.7808 2.50294 0.0030488 0.0013965 0.0016523 0 0 
557 0.547814 0.422121 3.07629 0.00287729 0.00210957 0.000767718 0 0 
558 0.547818 13.5438 3.05735 0.00217265 0.00208368 8.89696e-05 0 0 
559 0.547954 24.0578 2.44977 0.00145142 0.00133781 0.000113615 0 0 
560 0.548194 29.94 1.37054 0.00124231 0.00041872 0.000823587 0 0 
561 0.548494 30.0577 0.0274317 0.0016986 1.67744e-07 0.00169843 0 0 
562 0.548794 24.3884 -1.32096 0.00248581 0.000388972 0.00209684 0 0 
563 0.549038 14.0235 -2.41502 0.00302687 0.00130012 0.00172675 0 0 
564 0.549179 0.958617 -3.04411 0.00292514 0.00206568 0.000859462 0 0 
565 0.549188 -12.2908 -3.08712 0.0022552 0.00212445 0.00013075 0 0 
566 0.549065 -23.1739 -2.53575 0.00150816 0.00143336 7.48039e-05 0 0 
567 0.548834 -29.5952 -1.49617 0.00123164 0.000499004 0.000732636 0 0 
568 0.548538 -30.3185 -0.168531 0.00162835 6.3314e-06 0.00162202 0 0 
569 0.548234 -25.2045 1.19156 0.00240747 0.000316498 0.00209097 0 0 
570 0.547982 -15.2379 2.32223 0.00299787 0.00120213 0.00179574 0 0 
571 0.54783 -2.33742 3.0058 0.00296674 0.00201401 0.00095273 0 0 
572 0.547807 11.0131 3.11066 0.00233691 0.00215698 0.000179929 0 0 
573 0.547917 22.2432 2.61661 0.00157007 0.00152623 4.38428e-05 0 0 
574 0.548139 29.1907 1.61879 0.00122837 0.000584144 0.000644231 0 0 
575 0.548431 30.5182 0.30929 0.0015623 2.13242e-05 0.00154097 0 0 
576 0.548736 25.9699 -1.05975 0.00232705 0.000250352 0.0020767 0 0 
577 0.548996 16.4215 -2.22476 0.00296204 0.00110334 0.0018587 0 0 
578 0.54916 3.71151 -2.96143 0.00300176 0.00195499 0.00104677 0 0 
579 0.549197 -9.71308 -3.12793 0.00241711 0.002181 0.00023611 0 0 
580 0.5491 -21.2676 -2.6922 0.00163666 0.00161568 2.0981e-05 0 0 
581 0.548887 -28.7274 -1.73814 0.00123254 0.000673456 0.000559085 0 0 
582 0.5486 -30.6563 -0.449426 0.00150099 4.50253e-05 0.00145596 0 0 
583 0.548294 -26.6828 0.925815 0.00224521 0.000191069 0.00205414 0 0 
584 0.548027 -17.5721 2.12281 0.00291966 0.00100453 0.00191513 0 0 
585 0.547851 -5.07812 2.91109 0.00302991 0.00188909 0.00114082 0 0 
586 0.5478 8.39353 3.13889 0.00249515 0.00219631 0.000298841 0 0 
587 0.547884 20.2492 2.76236 0.00170739 0.00170099 6.40279e-06 0 0 
588 0.548087 28.2062 1.85398 0.0012441 0.000766218 0.000477885 0 0 
589 0.548369 30.7326 0.588655 0.00144491 7.72436e-05 0.00136766 0 0 
590 0.548676 27.342 -0.790008 0.0021626 0.000139125 0.00202347 0 0 
591 0.54895 18.6872 -2.01657 0.00287107 0.000906499 0.00196457 0 0 
592 0.549136 6.43449 -2.85488 0.00305097 0.00181684 0.00123413 0 0 
593 0.549201 -7.05705 -3.14353 0.00257042 0.0022028 0.000367615 0 0 
594 0.54913 -19.1899 -2.82695 0.00178169 0.00178146 2.25765e-07 0 0 
595 0.548938 -27.628 -1.96609 0.00126297 0.000861684 0.000401285 0 0 
596 0.548662 -30.7469 -0.726697 0.00139451 0.000117719 0.00127679 0 0 
597 0.548355 -27.946 0.652609 0.00207989 9.49394e-05 0.00198495 0 0 
598 0.548075 -19.7646 1.90627 0.00281667 0.000810043 0.00200663 0 0 
599 0.547877 -7.77788 2.79291 0.00306476 0.00173882 0.00132595 0 0 
600 0.5478 5.70634 3.14182 0.00264229 0.00220041 0.000441878 0 0 
601 0.547857 18.0919 2.88584 0.00185895 0.00185645 2.49968e-06 0 0 
602 0.548038 26.9942 2.07423 0.00128899 0.000959083 0.000329902 0 0 
603 0.548308 30.6992 0.863274 0.00135021 0.000166126 0.00118408 0 0 
604 0.548615 28.4937 -0.513893 0.00199774 5.8869e-05 0.00193887 0 0 
605 0.548899 20.8022 -1.79212 0.0027569 0.000715937 0.00204096 0 0 
606 0.549108 9.10559 -2.72531 0.00307118 0.00165566 0.00141552 0 0 
607 0.549199 -4.34412 -3.13378 0.0027102 0.00218916 0.000521032 0 0 
608 0.549155 -16.9574 -2.93891 0.00193857 0.00192536 1.32062e-05 0 0 
609 0.548986 -26.3059 -2.17819 0.00132194 0.00105763 0.000264313 0 0 
610 0.548722 -30.5897 -0.998111 0.00131235 0.000222074 0.00109028 0 0 
611 0.548417 -28.9839 0.374141 0.00191682 3.12041e-05 0.00188561 0 0 
612 0.548127 -21.7978 1.67436 0.00269224 0.00062494 0.0020673 0 0 
613 0.547909 -10.4149 2.65221 0.00307018 0.00156804 0.00150214 0 0 
614 0.547805 2.97314 3.11942 0.00277359 0.00216915 0.000604438 0 0 
615 0.547834 15.7888 2.98605 0.00201988 0.00198762 3.2259e-05 0 0 
616 0.547992 25.5646 2.27776 0.00136158 0.00115653 0.000205046 0 0 
617 0.548248 30.4184 1.13093 0.00128125 0.000285112 0.000996136 0 0 
618 0.548552 29.4157 -0.233635 0.00183778 1.21679e-05 0.00182561 0 0 
619 0.548846 22.7495 -1.55322 0.0026232 0.000537784 0.00208542 0 0 
620 0.549074 11.7033 -2.57376 0.00306175 0.00147665 0.0015851 0 0 
621 0.549191 -1.59617 -3.09877 0.00283195 0.00214053 0.000691424 0 0 
622 0.549175 -14.5883 -3.02717 0.00210225 0.00204274 5.95046e-05 0 0 
623 0.549029 -24.7717 -2.37274 0.00140757 0.00125499 0.000152579 0 0 
624 0.548781 -30.1858 -1.26148 0.00125715 0.000354731 0.000902417 0 0 
625 0.548479 -29.7881 0.0926577 0.00176126 1.91383e-06 0.00175934 0 0 
626 0.548181 -23.6553 1.42895 0.00255035 0.000455173 0.00209518 0 0 
627 0.547945 -12.968 2.49013 0.00304598 0.00138224 0.00166374 0 0 
628 0.547815 0.21598 3.07188 0.00288481 0.00210353 0.000781288 0 0 
629 0.547817 13.3584 3.06219 0.002185 0.00209028 9.47232e-05 0 0 
630 0.547951 23.9289 2.46293 0.00145954 0.00135221 0.000107334 0 0 
631 0.54819 29.8923 1.38948 0.00124025 0.000430371 0.000809876 0 0 
632 0.548489 30.1005 0.0485066 0.00168787 5.24496e-07 0.00168734 0 0 
633 0.54879 24.5134 -1.3018 0.00247427 0.000377773 0.0020965 0 0 
634 0.549035 14.2066 -2.40147 0.00302298 0.00128557 0.00173741 0 0 
635 0.549177 1.16465 -3.03878 0.00293176 0.00205845 0.000873307 0 0 
636 0.549189 -12.1016 -3.09103 0.00226747 0.00212984 0.000137631 0 0 
637 0.549068 -23.0378 -2.54815 0.00151709 0.00144741 6.96765e-05 0 0 
638 0.548838 -29.5386 -1.51467 0.00123068 0.000511422 0.000719259 0 0 
639 0.548542 -30.3522 -0.189573 0.00161821 8.01113e-06 0.00161019 0 0 
640 0.548239 -25.3221 1.17203 0.00239558 0.000306208 0.00208937 0 0 
641 0.547986 -15.4166 2.30797 0.00299295 0.00118742 0.00180553 0 0 
642 0.547831 -2.54292 2.99956 0.00297239 0.00200566 0.000966738 0 0 
643 0.547806 10.8203 3.11364 0.00234899 0.00216111 0.000187882 0 0 
644 0.547914 22.1003 2.62824 0.00157973 0.00153982 3.99102e-05 0 0 
645 0.548135 29.1253 1.63682 0.00122853 0.00059723 0.000631296 0 0 
646 0.548426 30.5427 0.330257 0.00155283 2.43134e-05 0.00152852 0 0 
647 0.548732 26.0797 -1.03989 0.00231491 0.000241054 0.00207386 0 0 
648 0.548993 16.5954 -2.20982 0.00295612 0.00108857 0.00186755 0 0 
649 0.549159 3.91607 -2.95429 0.0030064 0.00194558 0.00106083 0 0 
650 0.549198 -9.51727 -3.12997 0.00242891 0.00218384 0.000245071 0 0 
651 0.549103 -21.1182 -2.70302 0.00164697 0.0016287 1.8275e-05 0 0 
652 0.548891 -28.6533 -1.75566 0.0012338 0.000687103 0.000546696 0 0 
653 0.548605 -30.6716 -0.470275 0.00149227 4.92998e-05 0.00144297 0 0 
654 0.548298 -26.7847 0.905653 0.00223291 0.000182837 0.00205007 0 0 
655 0.54803 -17.7408 2.10721 0.00291279 0.000989824 0.00192296 0 0 
656 0.547853 -5.28133 2.90307 0.00303351 0.00187869 0.00115482 0 0 
657 0.5478 8.19502 3.13999 0.00250658 0.00219784 0.000308737 0 0 
658 0.547882 20.0936 2.77236 0.00171827 0.00171333 4.94518e-06 0 0 
659 0.548083 28.1234 1.87096 0.00124646 0.000780317 0.000466142 0 0 
660 0.548364 30.7387 0.609345 0.00143701 8.2769e-05 0.00135424 0 0 
661 0.548672 27.4357 -0.769591 0.00215024 0.000132026 0.00201821 0 0 
662 0.548946 18.8505 -2.00036 0.00286331 0.00089198 0.00197133 0 0 
663 0.549134 6.63593 -2.84599 0.00305349 0.00180554 0.00124795 0 0 
664 0.549201 -6.85624 -3.14368 0.00258138 0.00220301 0.000378367 0 0 
665 0.549132 -19.0284 -2.83611 0.00179305 0.00179302 2.8272e-08 0 0 
666 0.548942 -27.5369 -1.98249 0.0012664 0.000876121 0.000390282 0 0 
667 0.548667 -30.7437 -0.747187 0.0013875 0.000124451 0.00126305 0 0 
668 0.548359 -28.0314 0.631977 0.00206757 8.90314e-05 0.00197854 0 0 
669 0.548079 -19.9221 1.88946 0.00280808 0.000795826 0.00201225 0 0 
670 0.54788 -7.97716 2.78317 0.00306619 0.00172671 0.00133948 0 0 
671 0.5478 5.50364 3.14102 0.00265269 0.00219929 0.000453399 0 0 
672 0.547855 17.9248 2.89413 0.00187071 0.00186714 3.5639e-06 0 0 
673 0.548034 26.8949 2.09002 0.00129347 0.000973741 0.00031973 0 0 
674 0.548303 30.6868 0.883521 0.00134414 0.00017401 0.00117013 0 0 
675 0.54861 28.5705 -0.493089 0.00198556 5.4199e-05 0.00193137 0 0 
676 0.548896 20.9535 -1.77476 0.00274755 0.000702137 0.00204541 0 0 
677 0.549105 9.30229 -2.71474 0.00307151 0.00164285 0.00142866 0 0 
678 0.549198 -4.13994 -3.13204 0.00271996 0.00218673 0.000533229 0 0 
679 0.549157 -16.7851 -2.94632 0.00195061 0.00193509 1.55236e-05 0 0 
680 0.548989 -26.1986 -2.19334 0.00132744 0.00107239 0.000255052 0 0 
681 0.548727 -30.568 -1.01807 0.00130727 0.000231047 0.00107623 0 0 
682 0.548421 -29.0521 0.353206 0.00190488 2.78098e-05 0.00187707 0 0 
683 0.548131 -21.9427 1.65648 0.0026822 0.000611667 0.00207053 0 0 
684 0.547911 -10.6087 2.64083 0.00306939 0.00155462 0.00151477 0 0 
685 0.547805 2.76789 3.11674 0.00278263 0.00216542 0.000617213 0 0 
686 0.547833 15.6115 2.99257 0.00203213 0.00199632 3.58109e-05 0 0 
687 0.547989 25.4495 2.29224 0.00136805 0.00117128 0.000196771 0 0 
688 0.548244 30.3876 1.15057 0.0012772 0.000295101 0.000982099 0 0 
689 0.548547 29.4751 -0.212612 0.00182618 1.00766e-05 0.0018161 0 0 
690 0.548842 22.8877 -1.53486 0.00261255 0.000525146 0.00208741 0 0 
691 0.549071 11.8937 -2.5616 0.00305986 0.00146273 0.00159713 0 0 
692 0.54919 -1.39026 -3.09515 0.0028402 0.00213553 0.000704674 0 0 
693 0.549176 -14.4065 -3.03279 0.0021146 0.00205033 6.42622e-05 0 0 
694 0.549032 -24.649 -2.38651 0.00141496 0.0012696 0.000145356 0 0 
695 0.548786 -30.1458 -1.28075 0.00125416 0.000365656 0.000888509 0 0 
696 0.548484 -29.8386 0.0715884 0.00175009 1.14242e-06 0.00174894 0 0 
697 0.548186 -23.7865 1.41015 0.00253918 0.000443272 0.00209591 0 0 
698 0.547948 -13.1547 2.47721 0.003043 0.00136794 0.00167506 0 0 
699 0.547816 0.00982835 3.06733 0.00289221 0.0020973 0.000794907 0 0 
700 0.547816 13.1724 3.06689 0.00219735 0.0020967 0.000100648 0 0 
701 0.547948 23.7989 2.47597 0.00146779 0.00136657 0.000101222 0 0 
702 0.548186 29.8433 1.40835 0.00123835 0.000442143 0.000796208 0 0 
703 0.548484 30.142 0.0695793 0.00167722 1.0792e-06 0.00167614 0 0 
704 0.548786 24.6373 -1.28259 0.00246268 0.000366704 0.00209597 0 0 
705 0.549032 14.3891 -2.38782 0.00301894 0.00127099 0.00174795 0 0 
706 0.549176 1.37062 -3.03331 0.00293823 0.00205105 0.000887184 0 0 
707 0.54919 -11.9118 -3.0948 0.00227972 0.00213504 0.000144676 0 0 
708 0.549071 -22.9008 -2.56044 0.00152613 0.0014614 6.47251e-05 0 0 
709 0.548842 -29.4807 -1.53311 0.00122989 0.000523946 0.000705941 0 0 
710 0.548547 -30.3845 -0.210607 0.00160816 9.88747e-06 0.00159827 0 0 
711 0.548243 -25.4384 1.15244 0.00238365 0.000296061 0.00208759 0 0 
712 0.547989 -15.5946 2.29361 0.00298787 0.00117268 0.00181519 0 0 
713 0.547833 -2.74831 2.99319 0.0029779 0.00199714 0.000980761 0 0 
714 0.547805 10.6271 3.11648 0.00236104 0.00216505 0.00019599 0 0 
715 0.547912 21.9565 2.63974 0.00158949 0.00155333 3.6159e-05 0 0 
716 0.548131 29.0585 1.65478 0.00122884 0.000610406 0.000618435 0 0 
717 0.548422 30.5659 0.351209 0.00154347 2.74962e-05 0.00151597 0 0 
718 0.548727 26.1883 -1.01998 0.00230274 0.00023191 0.00207083 0 0 
719 0.548989 16.7686 -2.19478 0.00295005 0.0010738 0.00187625 0 0 
720 0.549157 4.12046 -2.94702 0.0030109 0.00193601 0.00107489 0 0 
721 0.549198 -9.32103 -3.13187 0.00244066 0.00218649 0.000254176 0 0 
722 0.549105 -20.9679 -2.71372 0.00165737 0.00164162 1.57542e-05 0 0 
723 0.548895 -28.5778 -1.7731 0.00123522 0.000700825 0.000534397 0 0 
724 0.548609 -30.6855 -0.491104 0.00148367 5.37635e-05 0.00142991 0 0 
725 0.548303 -26.8853 0.88545 0.00222059 0.000174771 0.00204582 0 0 
726 0.548034 -17.9088 2.09153 0.00290578 0.00097514 0.00193064 0 0 
727 0.547855 -5.4843 2.89492 0.00303695 0.00186815 0.0011688 0 0 
728 0.5478 7.99614 3.14094 0.00251794 0.00219918 0.000318766 0 0 
729 0.54788 19.9371 2.78223 0.00172923 0.00172555 3.67519e-06 0 0 
730 0.548079 28.0395 1.88786 0.00124898 0.000794474 0.000454503 0 0 
731 0.54836 30.7434 0.630008 0.00142924 8.84776e-05 0.00134077 0 0 
732 0.548667 27.5282 -0.749138 0.00213788 0.000125102 0.00201278 0 0 
733 0.548942 19.0129 -1.98405 0.00285542 0.000877499 0.00197792 0 0 
734 0.549132 6.83708 -2.83697 0.00305585 0.00179412 0.00126174 0 0 
735 0.549201 -6.65512 -3.14368 0.00259226 0.00220302 0.00038924 0 0 
736 0.549134 -18.866 -2.84513 0.00180447 0.00180446 1.92847e-08 0 0 
737 0.548946 -27.4446 -1.99881 0.00127 0.000890598 0.000379398 0 0 
738 0.548671 -30.7392 -0.767642 0.00138063 0.000131359 0.00124927 0 0 
739 0.548364 -28.1155 0.611317 0.00205527 8.33054e-05 0.00197196 0 0 
740 0.548083 -20.0787 1.87258 0.00279937 0.000781664 0.0020177 0 0 
741 0.547882 -8.17607 2.77331 0.00306746 0.0017145 0.00135296 0 0 
742 0.5478 5.30069 3.14009 0.00266301 0.00219798 0.000465028 0 0 
743 0.547853 17.7569 2.9023 0.00188251 0.00187769 4.81599e-06 0 0 
744 0.548031 26.7943 2.10572 0.00129811 0.000988423 0.000309688 0 0 
745 0.548299 30.673 0.903728 0.00133821 0.000182061 0.00115615 0 0 
746 0.548605 28.6461 -0.472262 0.00197342 4.97173e-05 0.0019237 0 0 
747 0.548892 21.1039 -1.75733 0.00273808 0.000688408 0.00204968 0 0 
748 0.549103 9.49858 -2.70405 0.00307166 0.00162993 0.00144173 0 0 
749 0.549198 -3.93557 -3.13016 0.00272962 0.0021841 0.000545519 0 0 
750 0.549158 -16.612 -2.95361 0.0019627 0.00194467 1.80266e-05 0 0 
751 0.548992 -26.0901 -2.20839 0.00133309 0.00108716 0.000245933 0 0 
752 0.548731 -30.545 -1.03799 0.00130234 0.000240175 0.00106217 0 0 
753 0.548426 -29.119 0.332256 0.00189299 2.46085e-05 0.00186838 0 0 
754 0.548135 -22.0866 1.63853 0.00267206 0.000598482 0.00207358 0 0 
755 0.547914 -10.8019 2.62934 0.00306844 0.00154111 0.00152732 0 0 
756 0.547806 2.56251 3.11391 0.00279156 0.00216149 0.000630066 0 0 
757 0.547831 15.4336 2.99896 0.0020444 0.00200485 3.95447e-05 0 0 
758 0.547986 25.3332 2.30661 0.00137466 0.00118601 0.000188648 0 0 
759 0.548239 30.3554 1.17016 0.00127331 0.000305234 0.000968075 0 0 
760 0.548543 29.5331 -0.191579 0.00181464 8.18157e-06 0.00180646 0 0 
761 0.548838 23.0248 -1.51644 0.00260182 0.000512612 0.00208921 0 0 
762 0.549068 12.0835 -2.54933 0.00305781 0.00144875 0.00160906 0 0 
763 0.549189 -1.18429 -3.09139 0.00284833 0.00213034 0.000717986 0 0 
764 0.549177 -14.2241 -3.03827 0.00212695 0.00205775 6.91968e-05 0 0 
765 0.549035 -24.5252 -2.40018 0.00142248 0.00128418 0.000138296 0 0 
766 0.54879 -30.1045 -1.29997 0.00125134 0.000376712 0.000874629 0 0 
767 0.548489 -29.8877 0.050516 0.00173899 5.68851e-07 0.00173842 0 0 
768 0.54819 -23.9166 1.39128 0.00252795 0.000431489 0.00209646 0 0 
769 0.547951 -13.3407 2.46418 0.00303986 0.00135358 0.00168628 0 0 
770 0.547817 -0.196323 3.06264 0.00289947 0.0020909 0.000808571 0 0 
771 0.547815 12.9859 3.07145 0.00220968 0.00210294 0.000106744 0 0 
772 0.547945 23.6678 2.4889 0.00147616 0.00138088 9.52808e-05 0 0 
773 0.548182 29.793 1.42716 0.00123662 0.000454033 0.000782585 0 0 
774 0.54848 30.1821 0.0906489 0.00166665 1.83175e-06 0.00166482 0 0 
775 0.548782 24.7601 -1.26332 0.00245102 0.000355767 0.00209526 0 0 
776 0.549029 14.571 -2.37406 0.00301474 0.00125638 0.00175836 0 0 
777 0.549175 1.57654 -3.02771 0.00294457 0.00204348 0.00090109 0 0 
778 0.549191 -11.7215 -3.09843 0.00229194 0.00214006 0.000151883 0 0 
779 0.549073 -22.7627 -2.57261 0.00153528 0.00147533 5.99506e-05 0 0 
780 0.548846 -29.4214 -1.55147 0.00122926 0.000536575 0.000692684 0 0 
781 0.548552 -30.4155 -0.231631 0.00159821 1.19601e-05 0.00158625 0 0 
782 0.548247 -25.5537 1.13281 0.00237167 0.000286058 0.00208562 0 0 
783 0.547992 -15.7719 2.27915 0.00298265 0.00115794 0.00182471 0 0 
784 0.547834 -2.95358 2.98668 0.00298326 0.00198846 0.000994797 0 0 
785 0.547805 10.4334 3.11917 0.00237305 0.0021688 0.00020425 0 0 
786 0.547909 21.8117 2.65113 0.00159935 0.00156676 3.25898e-05 0 0 
787 0.548127 28.9905 1.67266 0.00122932 0.00062367 0.000605652 0 0 
788 0.548417 30.5877 0.372146 0.00153422 3.08722e-05 0.00150335 0 0 
789 0.548723 26.2957 -1.00002 0.00229054 0.000222923 0.00206761 0 0 
790 0.548986 16.941 -2.17964 0.00294384 0.00105904 0.00188481 0 0 
791 0.549155 4.32466 -2.93962 0.00301523 0.00192629 0.00108894 0 0 
792 0.549199 -9.12436 -3.13362 0.00245237 0.00218894 0.000263424 0 0 
793 0.549107 -20.8167 -2.7243 0.00166786 0.00165444 1.34192e-05 0 0 
794 0.548899 -28.5011 -1.79047 0.00123681 0.000714618 0.000522191 0 0 
795 0.548614 -30.6981 -0.511911 0.00147519 5.84156e-05 0.00141678 0 0 
796 0.548307 -26.9848 0.865207 0.00220827 0.000166871 0.0020414 0 0 
797 0.548037 -18.076 2.07574 0.00289864 0.00096048 0.00193816 0 0 
798 0.547857 -5.68702 2.88663 0.00304023 0.00185748 0.00118275 0 0 
799 0.5478 7.7969 3.14175 0.00252924 0.00220031 0.000328927 0 0 
800 0.547878 19.7797 2.79198 0.00174026 0.00173767 2.59305e-06 0 0 
801 0.548075 27.9542 1.90467 0.00125166 0.000808685 0.000442972 0 0 
802 0.548355 30.7467 0.650643 0.00142161 9.43683e-05 0.00132724 0 0 
803 0.548662 27.6194 -0.728653 0.00212553 0.000118354 0.00200717 0 0 
804 0.548939 19.1745 -1.96766 0.0028474 0.000863059 0.00198434 0 0 
805 0.54913 7.03791 -2.82783 0.00305805 0.00178257 0.00127548 0 0 
806 0.549201 -6.45371 -3.14355 0.00260306 0.00220283 0.000400231 0 0 
807 0.549136 -18.7028 -2.85403 0.00181596 0.00181576 1.98804e-07 0 0 
808 0.548949 -27.351 -2.01503 0.00127375 0.000905113 0.000368635 0 0 
809 0.548676 -30.7332 -0.788063 0.00137389 0.00013844 0.00123545 0 0 
810 0.548368 -28.1983 0.590629 0.00204299 7.77625e-05 0.00196522 0 0 
811 0.548086 -20.2344 1.85561 0.00279054 0.00076756 0.00202298 0 0 
812 0.547884 -8.37462 2.76332 0.00306855 0.00170217 0.00136638 0 0 
813 0.5478 5.09751 3.139 0.00267323 0.00219647 0.000476761 0 0 
814 0.547851 17.5882 2.91033 0.00189436 0.0018881 6.25573e-06 0 0 
815 0.548027 26.6926 2.12132 0.0013029 0.00100312 0.000299778 0 0 
816 0.548294 30.6578 0.923894 0.00133244 0.000190277 0.00114216 0 0 
817 0.548601 28.7204 -0.451415 0.00196131 4.54247e-05 0.00191588 0 0 
818 0.548888 21.2534 -1.73981 0.00272852 0.000674754 0.00205376 0 0 
819 0.5491 9.69443 -2.69324 0.00307165 0.00161693 0.00145472 0 0 
820 0.549197 -3.73103 -3.12813 0.00273918 0.00218128 0.0005579 0 0 
821 0.54916 -16.4381 -2.96076 0.00197481 0.0019541 2.0715e-05 0 0 
822 0.548996 -25.9804 -2.22334 0.00133889 0.00110193 0.000236958 0 0 
823 0.548736 -30.5206 -1.05786 0.00129757 0.000249459 0.00104811 0 0 
824 0.548431 -29.1846 0.31129 0.00188115 2.16009e-05 0.00185955 0 0 
825 0.548139 -22.2296 1.62051 0.00266183 0.000585388 0.00207644 0 0 
826 0.547916 -10.9947 2.61773 0.00306732 0.00152753 0.00153979 0 0 
827 0.547807 2.35702 3.11095 0.00280038 0.00215738 0.000642994 0 0 
828 0.54783 15.2549 3.00521 0.00205668 0.00201322 4.346e-05 0 0 
829 0.547983 25.2158 2.32088 0.00138141 0.00120073 0.00018068 0 0 
830 0.548235 30.3218 1.1897 0.00126958 0.000315511 0.000954065 0 0 
831 0.548538 29.5899 -0.170538 0.00180316 6.48307e-06 0.00179668 0 0 
832 0.548834 23.1609 -1.49794 0.00259101 0.000500183 0.00209083 0 0 
833 0.549066 12.2728 -2.53694 0.00305559 0.0014347 0.00162089 0 0 
834 0.549188 -0.978264 -3.0875 0.00285633 0.00212497 0.000731358 0 0 
835 0.549178 -14.041 -3.04361 0.0021393 0.002065 7.43074e-05 0 0 
836 0.549038 -24.4003 -2.41373 0.00143013 0.00129873 0.000131399 0 0 
837 0.548794 -30.0619 -1.31913 0.00124868 0.000387899 0.000860781 0 0 
838 0.548493 -29.9355 0.0294413 0.00172797 1.93221e-07 0.00172777 0 0 
839 0.548194 -24.0456 1.37235 0.00251664 0.000419826 0.00209682 0 0 
840 0.547954 -13.5261 2.45103 0.00303656 0.00133918 0.00169738 0 0 
841 0.547818 -0.402467 3.05782 0.00290659 0.00208432 0.000822278 0 0 
842 0.547814 12.7987 3.07587 0.00222201 0.002109 0.000113009 0 0 
843 0.547942 23.5357 2.50172 0.00148465 0.00139514 8.95108e-05 0 0 
844 0.548178 29.7413 1.44591 0.00123505 0.00046604 0.00076901 0 0 
845 0.548475 30.2208 0.111714 0.00165617 2.78201e-06 0.00165339 0 0 
846 0.548777 24.8818 -1.24399 0.00243932 0.000344965 0.00209435 0 0 
847 0.549026 14.7522 -2.36019 0.00301039 0.00124175 0.00176864 0 0 
848 0.549174 1.78239 -3.02197 0.00295076 0.00203573 0.000915022 0 0 
849 0.549191 -11.5306 -3.10193 0.00230414 0.00214489 0.000159251 0 0 
850 0.549076 -22.6236 -2.58467 0.00154454 0.00148919 5.53538e-05 0 0 
851 0.54885 -29.3608 -1.56977 0.0012288 0.000549304 0.000679492 0 0 
852 0.548556 -30.4451 -0.252645 0.00158836 1.42286e-05 0.00157414 0 0 
853 0.548252 -25.6678 1.11312 0.00235966 0.000276202 0.00208346 0 0 
854 0.547995 -15.9485 2.26458 0.00297728 0.00114318 0.00183409 0 0 
855 0.547836 -3.15871 2.98003 0.00298846 0.00197962 0.00100884 0 0 
856 0.547804 10.2393 3.12173 0.00238502 0.00217236 0.000212663 0 0 
857 0.547907 21.6659 2.6624 0.00160931 0.00158011 2.92033e-05 0 0 
858 0.548123 28.9211 1.69047 0.00122997 0.000637021 0.000592949 0 0 
859 0.548412 30.6081 0.393066 0.00152508 3.44406e-05 0.00149064 0 0 
860 0.548718 26.402 -0.980012 0.00227831 0.000214094 0.00206422 0 0 
861 0.548982 17.1127 -2.16441 0.00293749 0.00104428 0.00189321 0 0 
862 0.549154 4.52866 -2.93208 0.00301941 0.00191643 0.00110298 0 0 
863 0.549199 -8.92729 -3.13524 0.00246401 0.0021912 0.000272813 0 0 
864 0.54911 -20.6645 -2.73476 0.00167844 0.00166717 1.12702e-05 0 0 
865 0.548903 -28.4231 -1.80775 0.00123856 0.000728481 0.000510079 0 0 
866 0.548619 -30.7093 -0.532694 0.00146684 6.32552e-05 0.00140358 0 0 
867 0.548312 -27.083 0.844925 0.00219593 0.000159139 0.00203679 0 0 
868 0.548041 -18.2424 2.05987 0.00289137 0.000945844 0.00194552 0 0 
869 0.547858 -5.88949 2.87822 0.00304335 0.00184667 0.00119668 0 0 
870 0.5478 7.59731 3.14242 0.00254047 0.00220125 0.000339217 0 0 
871 0.547875 19.6214 2.80161 0.00175137 0.00174967 1.69895e-06 0 0 
872 0.548072 27.8677 1.92139 0.0012545 0.00082295 0.000431549 0 0 
873 0.54835 30.7486 0.671248 0.0014141 0.00010044 0.00131366 0 0 
874 0.548658 27.7094 -0.708134 0.00211318 0.000111782 0.00200139 0 0 
875 0.548935 19.3352 -1.95118 0.00283926 0.000848661 0.0019906 0 0 
876 0.549128 7.23844 -2.81856 0.00306009 0.0017709 0.00128919 0 0 
877 0.549201 -6.252 -3.14327 0.00261378 0.00220244 0.000411338 0 0 
878 0.549138 -18.5387 -2.86281 0.00182751 0.00182694 5.66799e-07 0 0 
879 0.548953 -27.2562 -2.03116 0.00127766 0.000919664 0.000357993 0 0 
880 0.54868 -30.7259 -0.808449 0.0013673 0.000145695 0.0012216 0 0 
881 0.548373 -28.2799 0.569915 0.00203072 7.24037e-05 0.00195832 0 0 
882 0.54809 -20.3891 1.83855 0.0027816 0.000753516 0.00202808 0 0 
883 0.547886 -8.57279 2.75321 0.00306949 0.00168974 0.00137975 0 0 
884 0.547801 4.89409 3.13778 0.00268335 0.00219476 0.000488597 0 0 
885 0.547849 17.4187 2.91823 0.00190625 0.00189837 7.88285e-06 0 0 
886 0.548024 26.5897 2.13683 0.00130785 0.00101784 0.000290004 0 0 
887 0.54829 30.6412 0.944019 0.0013268 0.000198656 0.00112815 0 0 
888 0.548596 28.7934 -0.430547 0.00194923 4.1322e-05 0.00190791 0 0 
889 0.548884 21.4019 -1.72222 0.00271884 0.000661176 0.00205767 0 0 
890 0.549098 9.88985 -2.68231 0.00307148 0.00160383 0.00146765 0 0 
891 0.549197 -3.52631 -3.12597 0.00274863 0.00217826 0.000570369 0 0 
892 0.549162 -16.2635 -2.96778 0.00198696 0.00196337 2.35881e-05 0 0 
893 0.548999 -25.8695 -2.23819 0.00134483 0.0011167 0.00022813 0 0 
894 0.54874 -30.4948 -1.07769 0.00129295 0.000258896 0.00103405 0 0 
895 0.548435 -29.2488 0.29031 0.00186935 1.87873e-05 0.00185057 0 0 
896 0.548143 -22.3715 1.60241 0.0026515 0.000572386 0.00207912 0 0 
897 0.547919 -11.187 2.606 0.00306604 0.00151387 0.00155216 0 0 
898 0.547807 2.15142 3.10785 0.00280907 0.00215308 0.000655995 0 0 
899 0.547829 15.0756 3.01133 0.00206898 0.00202143 4.7556e-05 0 0 
900 0.547979 25.0972 2.33504 0.0013883 0.00121543 0.000172869 0 0 
901 0.54823 30.2869 1.20918 0.001266 0.000325929 0.000940072 0 0 
902 0.548533 29.6453 -0.149488 0.00179174 4.98145e-06 0.00178676 0 0 
903 0.54883 23.296 -1.47938 0.00258012 0.000487863 0.00209226 0 0 
904 0.549063 12.4615 -2.52443 0.00305321 0.00142059 0.00163262 0 0 
905 0.549187 -0.772194 -3.08346 0.00286421 0.00211942 0.000744786 0 0 
906 0.54918 -13.8573 -3.04882 0.00215166 0.00207207 7.95932e-05 0 0 
907 0.549041 -24.2743 -2.42718 0.00143791 0.00131324 0.000124667 0 0 
908 0.548798 -30.0178 -1.33824 0.00124618 0.000399214 0.000846966 0 0 
909 0.548498 -29.9819 0.00836524 0.00171702 1.5599e-08 0.001717 0 0 
910 0.548198 -24.1736 1.35336 0.00250527 0.000408286 0.00209699 0 0 
911 0.547957 -13.711 2.43778 0.0030331 0.00132474 0.00170837 0 0 
912 0.547819 -0.608591 3.05285 0.00291358 0.00207756 0.000836026 0 0 
913 0.547813 12.611 3.08016 0.00223432 0.00211488 0.000119442 0 0 
914 0.547939 23.4025 2.51443 0.00149326 0.00140935 8.39132e-05 0 0 
915 0.548174 29.6883 1.46459 0.00123365 0.000478161 0.000755485 0 0 
916 0.54847 30.2582 0.132775 0.00164578 3.92982e-06 0.00164185 0 0 
917 0.548773 25.0023 -1.22461 0.00242756 0.000334298 0.00209326 0 0 
918 0.549023 14.9328 -2.34621 0.00300588 0.00122709 0.00177879 0 0 
919 0.549172 1.98815 -3.01609 0.0029568 0.00202783 0.000928978 0 0 
920 0.549192 -11.3392 -3.10528 0.00231631 0.00214953 0.00016678 0 0 
921 0.549079 -22.4835 -2.5966 0.00155391 0.00150298 5.09355e-05 0 0 
922 0.548854 -29.2989 -1.588 0.0012285 0.000562134 0.000666366 0 0 
923 0.548561 -30.4734 -0.273647 0.00157862 1.66926e-05 0.00156192 0 0 
924 0.548256 -25.7807 1.09339 0.00234761 0.000266495 0.00208111 0 0 
925 0.547998 -16.1244 2.24991 0.00297175 0.00112842 0.00184333 0 0 
926 0.547837 -3.3637 2.97325 0.00299352 0.00197063 0.00102289 0 0 
927 0.547804 10.0447 3.12415 0.00239695 0.00217572 0.000221226 0 0 
928 0.547904 21.5191 2.67354 0.00161937 0.00159337 2.6e-05 0 0 
929 0.548119 28.8504 1.7082 0.00123078 0.000650454 0.000580328 0 0 
930 0.548408 30.6271 0.413968 0.00151605 3.82009e-05 0.00147785 0 0 
931 0.548714 26.5071 -0.959964 0.00226606 0.000205424 0.00206064 0 0 
932 0.548979 17.2836 -2.14907 0.002931 0.00102954 0.00190146 0 0 
933 0.549152 4.73247 -2.92441 0.00302344 0.00190642 0.00111702 0 0 
934 0.549199 -8.72982 -3.13671 0.0024756 0.00219326 0.000282342 0 0 
935 0.549112 -20.5113 -2.74509 0.0016891 0.00167979 9.30767e-06 0 0 
936 0.548907 -28.3438 -1.82495 0.00124048 0.000742412 0.000498064 0 0 
937 0.548623 -30.7191 -0.553454 0.0014586 6.82815e-05 0.00139032 0 0 
938 0.548316 -27.18 0.824605 0.00218358 0.000151577 0.00203201 0 0 
939 0.548044 -18.4079 2.0439 0.00288396 0.000931237 0.00195272 0 0 
940 0.54786 -6.09169 2.86968 0.00304631 0.00183572 0.00121059 0 0 
941 0.547799 7.39738 3.14295 0.00255163 0.002202 0.000349634 0 0 
942 0.547873 19.4622 2.81111 0.00176254 0.00176155 9.93057e-07 0 0 
943 0.548068 27.7799 1.93803 0.0012575 0.000837264 0.000420237 0 0 
944 0.548346 30.7491 0.691823 0.00140673 0.000106692 0.00130004 0 0 
945 0.548653 27.7981 -0.687583 0.00210083 0.000105388 0.00199544 0 0 
946 0.548931 19.4951 -1.93461 0.00283099 0.000834308 0.00199668 0 0 
947 0.549126 7.43863 -2.80916 0.00306196 0.00175911 0.00130285 0 0 
948 0.549201 -6.05002 -3.14286 0.00262442 0.00220186 0.000422561 0 0 
949 0.54914 -18.3738 -2.87145 0.00183912 0.00183799 1.1232e-06 0 0 
950 0.548956 -27.1601 -2.0472 0.00128172 0.000934247 0.000347476 0 0 
951 0.548685 -30.7172 -0.828798 0.00136084 0.000153122 0.00120772 0 0 
952 0.548378 -28.3602 0.549175 0.00201848 6.72299e-05 0.00195125 0 0 
953 0.548094 -20.543 1.82141 0.00277254 0.000739534 0.00203301 0 0 
954 0.547889 -8.77057 2.74297 0.00307026 0.0016772 0.00139306 0 0 
955 0.547801 4.69046 3.13642 0.00269338 0.00219285 0.000500533 0 0 
956 0.547848 17.2484 2.92601 0.00191819 0.0019085 9.69706e-06 0 0 
957 0.54802 26.4855 2.15224 0.00131294 0.00103258 0.000280366 0 0 
958 0.548285 30.6233 0.964102 0.00132132 0.000207198 0.00111412 0 0 
959 0.548591 28.8651 -0.409659 0.00193718 3.74099e-05 0.00189977 0 0 
960 0.54888 21.5494 -1.70455 0.00270907 0.000647678 0.00206139 0 0 
961 0.549095 10.0848 -2.67126 0.00307114 0.00159064 0.0014805 0 0 
962 0.549196 -3.32144 -3.12366 0.00275797 0.00217505 0.000582923 0 0 
963 0.549163 -16.0882 -2.97466 0.00199914 0.00197249 2.66455e-05 0 0 
964 0.549002 -25.7575 -2.25294 0.00135091 0.00113147 0.000219448 0 0 
965 0.548745 -30.4676 -1.09746 0.00128848 0.000268484 0.00102 0 0 
966 0.54844 -29.3118 0.269317 0.00185761 1.61685e-05 0.00184144 0 0 
967 0.548147 -22.5124 1.58424 0.00264109 0.00055948 0.00208161 0 0 
968 0.547922 -11.3787 2.59415 0.00306459 0.00150014 0.00156445 0 0 
969 0.547808 1.94573 3.1046 0.00281765 0.00214859 0.000669067 0 0 
970 0.547827 14.8956 3.01732 0.0020813 0.00202947 5.18319e-05 0 0 
971 0.547976 24.9776 2.3491 0.00139533 0.00123011 0.000165214 0 0 
972 0.548226 30.2506 1.22861 0.00126258 0.000336486 0.000926098 0 0 
973 0.548529 29.6993 -0.128433 0.00178039 3.67698e-06 0.00177671 0 0 
974 0.548826 23.4301 -1.46075 0.00256915 0.000475652 0.0020935 0 0 
975 0.54906 12.6497 -2.51182 0.00305067 0.00140643 0.00164424 0 0 
976 0.549186 -0.56609 -3.07928 0.00287195 0.00211368 0.000758269 0 0 
977 0.549181 -13.6729 -3.05389 0.00216402 0.00207897 8.50532e-05 0 0 
978 0.549044 -24.1473 -2.44052 0.00144582 0.00132772 0.000118101 0 0 
979 0.548803 -29.9725 -1.35728 0.00124384 0.000410655 0.000833188 0 0 
980 0.548503 -30.027 -0.0127112 0.00170615 3.60174e-08 0.00170611 0 0 
981 0.548203 -24.3004 1.3343 0.00249384 0.00039687 0.00209697 0 0 
982 0.54796 -13.8952 2.42442 0.00302949 0.00131025 0.00171923 0 0 
983 0.547821 -0.814689 3.04776 0.00292044 0.00207062 0.000849812 0 0 
984 0.547812 12.4227 3.0843 0.00224662 0.00212058 0.000126042 0 0 
985 0.547937 23.2683 2.52702 0.00150199 0.0014235 7.8489e-05 0 0 
986 0.548169 29.634 1.48321 0.00123241 0.000490394 0.000742013 0 0 
987 0.548466 30.2942 0.153829 0.00163549 5.27496e-06 0.00163021 0 0 
988 0.548769 25.1218 -1.20517 0.00241575 0.000323769 0.00209198 0 0 
989 0.54902 15.1126 -2.33213 0.00300122 0.0012124 0.00178882 0 0 
990 0.549171 2.19383 -3.01008 0.00296271 0.00201975 0.000942956 0 0 
991 0.549193 -11.1474 -3.1085 0.00232845 0.00215398 0.000174467 0 0 
992 0.549081 -22.3423 -2.60843 0.00156339 0.00151669 4.66966e-05 0 0 
993 0.548858 -29.2357 -1.60615 0.00122837 0.00057506 0.000653309 0 0 
994 0.548566 -30.5002 -0.294637 0.00156897 1.93516e-05 0.00154962 0 0 
995 0.548261 -25.8925 1.0736 0.00233552 0.000256938 0.00207858 0 0 
996 0.548002 -16.2996 2.23514 0.00296608 0.00111365 0.00185243 0 0 
997 0.547839 -3.56854 2.96634 0.00299842 0.00196147 0.00103695 0 0 
998 0.547803 9.84959 3.12642 0.00240883 0.0021789 0.000229938 0 0 
999 0.547902 21.3714 2.68457 0.00162952 0.00160654 2.29806e-05 0 0 
1000 0.548115 28.7785 1.72585 0.00123176 0.000663969 0.000567791 0 0 
1001 0.548403 30.6448 0.434851 0.00150714 4.21524e-05 0.00146499 0 0 
1002 0.54871 26.611 -0.939873 0.00225379 0.000196915 0.00205688 0 0 
1003 0.548976 17.4537 -2.13364 0.00292437 0.00101481 0.00190956 0 0 
1004 0.54915 4.93606 -2.91662 0.0030273 0.00189626 0.00113104 0 0 
1005 0.5492 -8.53196 -3.13805 0.00248713 0.00219513 0.000292008 0 0 
1006 0.549114 -20.3573 -2.7553 0.00169984 0.00169231 7.53201e-06 0 0 
1007 0.548911 -28.2632 -1.84207 0.00124255 0.000756407 0.000486148 0 0 
1008 0.548628 -30.7275 -0.574188 0.0014505 7.34936e-05 0.001377 0 0 
1009 0.548321 -27.2758 0.804248 0.00217123 0.000144185 0.00202704 0 0 
1010 0.548048 -18.5726 2.02784 0.00287642 0.000916661 0.00195975 0 0 
1011 0.547862 -6.29362 2.86101 0.00304911 0.00182465 0.00122446 0 0 
1012 0.547799 7.19711 3.14334 0.00256272 0.00220254 0.000360177 0 0 
1013 0.547871 19.3022 2.82048 0.00177379 0.00177332 4.75496e-07 0 0 
1014 0.548064 27.6909 1.95458 0.00126066 0.000851626 0.000409039 0 0 
1015 0.548341 30.7483 0.712367 0.00139949 0.000113122 0.00128637 0 0 
1016 0.548649 27.8856 -0.667002 0.0020885 9.91733e-05 0.00198932 0 0 
1017 0.548928 19.6541 -1.91795 0.0028226 0.000820004 0.0020026 0 0 
1018 0.549124 7.63849 -2.79963 0.00306367 0.0017472 0.00131647 0 0 
1019 0.5492 -5.84776 -3.1423 0.00263497 0.00220108 0.000433896 0 0 
1020 0.549142 -18.2081 -2.87997 0.00185078 0.00184891 1.86791e-06 0 0 
1021 0.54896 -27.0629 -2.06315 0.00128594 0.00094886 0.000337085 0 0 
1022 0.548689 -30.7071 -0.84911 0.00135453 0.00016072 0.00119381 0 0 
1023 0.548382 -28.4392 0.52841 0.00200626 6.2242e-05 0.00194402 0 0 
1024 0.548098 -20.6959 1.80419 0.00276337 0.000725617 0.00203775 0 0 
1025 0.547891 -8.96796 2.73261 0.00307086 0.00166455 0.00140631 0 0 
1026 0.547801 4.48662 3.13492 0.00270332 0.00219075 0.000512568 0 0 
1027 0.547846 17.0774 2.93365 0.00193017 0.00191848 1.1698e-05 0 0 
1028 0.548017 26.3802 2.16756 0.00131819 0.00104732 0.000270866 0 0 
1029 0.548281 30.604 0.984141 0.00131599 0.000215901 0.00110009 0 0 
1030 0.548587 28.9355 -0.388753 0.00192518 3.36891e-05 0.00189149 0 0 
1031 0.548876 21.696 -1.6868 0.00269919 0.000634261 0.00206493 0 0 
1032 0.549093 10.2793 -2.66008 0.00307063 0.00157736 0.00149327 0 0 
1033 0.549196 -3.11642 -3.12121 0.0027672 0.00217164 0.000595562 0 0 
1034 0.549165 -15.9122 -2.98141 0.00201134 0.00198146 2.98866e-05 0 0 
1035 0.549005 -25.6443 -2.26759 0.00135714 0.00114623 0.000210916 0 0 
1036 0.548749 -30.4391 -1.11719 0.00128417 0.000278222 0.00100594 0 0 
1037 0.548445 -29.3734 0.248313 0.00184591 1.37448e-05 0.00183217 0 0 
1038 0.548151 -22.6524 1.566 0.00263059 0.000546671 0.00208392 0 0 
1039 0.547924 -11.57 2.58219 0.00306298 0.00148633 0.00157664 0 0 
1040 0.547809 1.73995 3.10122 0.00282611 0.00214391 0.000682207 0 0 
1041 0.547826 14.7149 3.02317 0.00209363 0.00203734 5.6287e-05 0 0 
1042 0.547973 24.8568 2.36305 0.00140249 0.00124477 0.000157719 0 0 
1043 0.548222 30.2129 1.24798 0.00125933 0.000347181 0.000912147 0 0 
1044 0.548524 29.7521 -0.107371 0.0017691 2.56989e-06 0.00176653 0 0 
1045 0.548821 23.563 -1.44205 0.00255811 0.000463555 0.00209455 0 0 
1046 0.549057 12.8373 -2.49909 0.00304796 0.00139221 0.00165576 0 0 
1047 0.549185 -0.359961 -3.07497 0.00287957 0.00210777 0.000771805 0 0 
1048 0.549182 -13.488 -3.05882 0.00217637 0.00208569 9.06864e-05 0 0 
1049 0.549047 -24.0191 -2.45375 0.00145386 0.00134215 0.000111703 0 0 
1050 0.548807 -29.9258 -1.37626 0.00124167 0.000422221 0.000819448 0 0 
1051 0.548508 -30.0708 -0.033787 0.00169536 2.54472e-07 0.0016951 0 0 
1052 0.548207 -24.4262 1.31519 0.00248234 0.000385582 0.00209676 0 0 
1053 0.547963 -14.0788 2.41095 0.00302571 0.00129573 0.00172998 0 0 
1054 0.547822 -1.02075 3.04252 0.00292715 0.00206352 0.000863633 0 0 
1055 0.547812 12.2338 3.08831 0.0022589 0.0021261 0.000132808 0 0 
1056 0.547934 23.133 2.5395 0.00151084 0.0014376 7.32393e-05 0 0 
1057 0.548165 29.5783 1.50176 0.00123133 0.000502737 0.000728596 0 0 
1058 0.548461 30.3288 0.174877 0.00162528 6.8172e-06 0.00161846 0 0 
1059 0.548764 25.2401 -1.18567 0.00240389 0.00031338 0.00209051 0 0 
1060 0.549017 15.2918 -2.31794 0.0029964 0.0011977 0.0017987 0 0 
1061 0.54917 2.3994 -3.00394 0.00296846 0.00201151 0.000956952 0 0 
1062 0.549194 -10.955 -3.11157 0.00234056 0.00215825 0.000182311 0 0 
1063 0.549084 -22.2002 -2.62013 0.00157298 0.00153034 4.26379e-05 0 0 
1064 0.548862 -29.1711 -1.62423 0.0012284 0.00058808 0.000640322 0 0 
1065 0.54857 -30.5257 -0.315614 0.00155943 2.22052e-05 0.00153723 0 0 
1066 0.548265 -26.0031 1.05377 0.0023234 0.000247532 0.00207586 0 0 
1067 0.548005 -16.474 2.22027 0.00296027 0.00109888 0.00186138 0 0 
1068 0.54784 -3.77322 2.95929 0.00300318 0.00195217 0.00105101 0 0 
1069 0.547803 9.65408 3.12856 0.00242067 0.00218187 0.000238797 0 0 
1070 0.547899 21.2227 2.69548 0.00163976 0.00161962 2.01455e-05 0 0 
1071 0.548111 28.7052 1.74343 0.0012329 0.000677563 0.00055534 0 0 
1072 0.548398 30.661 0.455715 0.00149834 4.62943e-05 0.00145205 0 0 
1073 0.548705 26.7137 -0.919739 0.0022415 0.000188569 0.00205293 0 0 
1074 0.548972 17.623 -2.11811 0.0029176 0.00100009 0.00191751 0 0 
1075 0.549148 5.13942 -2.90868 0.00303101 0.00188597 0.00114505 0 0 
1076 0.5492 -8.33371 -3.13924 0.00249861 0.00219679 0.000301811 0 0 
1077 0.549116 -20.2023 -2.76539 0.00171066 0.00170472 5.94351e-06 0 0 
1078 0.548914 -28.1814 -1.85911 0.0012448 0.000770464 0.000474333 0 0 
1079 0.548633 -30.7346 -0.594897 0.00144251 7.88904e-05 0.00136362 0 0 
1080 0.548325 -27.3704 0.783855 0.00215887 0.000136966 0.00202191 0 0 
1081 0.548052 -18.7365 2.01169 0.00286874 0.000902117 0.00196663 0 0 
1082 0.547864 -6.49527 2.85221 0.00305175 0.00181344 0.0012383 0 0 
1083 0.547799 6.99653 3.14359 0.00257373 0.00220289 0.000370844 0 0 
1084 0.547869 19.1413 2.82972 0.00178511 0.00178496 1.46361e-07 0 0 
1085 0.548061 27.6007 1.97105 0.00126399 0.000866033 0.000397955 0 0 
1086 0.548337 30.7461 0.732879 0.00139238 0.000119731 0.00127265 0 0 
1087 0.548644 27.9719 -0.64639 0.00207617 9.31388e-05 0.00198303 0 0 
1088 0.548924 19.8122 -1.90121 0.00281409 0.00080575 0.00200834 0 0 
1089 0.549122 7.83801 -2.78998 0.00306521 0.00173518 0.00133003 0 0 
1090 0.5492 -5.64524 -3.1416 0.00264544 0.0022001 0.000445341 0 0 
1091 0.549144 -18.0416 -2.88835 0.00186249 0.00185969 2.8008e-06 0 0 
1092 0.548963 -26.9644 -2.07901 0.00129032 0.000963501 0.000326821 0 0 
1093 0.548694 -30.6956 -0.869384 0.00134836 0.000168486 0.00117988 0 0 
1094 0.548387 -28.517 0.507622 0.00199406 5.7441e-05 0.00193662 0 0 
1095 0.548102 -20.8479 1.78689 0.00275409 0.000711768 0.00204232 0 0 
1096 0.547893 -9.16495 2.72213 0.0030713 0.00165181 0.00141949 0 0 
1097 0.547802 4.28257 3.13327 0.00271315 0.00218845 0.0005247 0 0 
1098 0.547844 16.9056 2.94116 0.0019422 0.00192831 1.38854e-05 0 0 
1099 0.548013 26.2737 2.18277 0.00132359 0.00106208 0.000261506 0 0 
1100 0.548276 30.5833 1.00414 0.0013108 0.000224763 0.00108604 0 0 
1101 0.548582 29.0046 -0.36783 0.00191322 3.01603e-05 0.00188306 0 0 
1102 0.548872 21.8416 -1.66898 0.00268922 0.000620928 0.00206829 0 0 
1103 0.54909 10.4734 -2.64879 0.00306996 0.001564 0.00150596 0 0 
1104 0.549195 -2.91126 -3.11863 0.00277633 0.00216804 0.000608282 0 0 
1105 0.549166 -15.7354 -2.98803 0.00202357 0.00199026 3.33109e-05 0 0 
1106 0.549009 -25.53 -2.28214 0.00136351 0.00116098 0.000202535 0 0 
1107 0.548753 -30.4092 -1.13686 0.00128001 0.000288109 0.000991902 0 0 
1108 0.548449 -29.4337 0.227297 0.00183428 1.15167e-05 0.00182276 0 0 
1109 0.548155 -22.7913 1.54769 0.00262 0.000533962 0.00208604 0 0 
1110 0.547927 -11.7607 2.57011 0.0030612 0.00147246 0.00158874 0 0 
1111 0.547809 1.53409 3.0977 0.00283445 0.00213904 0.000695413 0 0 
1112 0.547825 14.5336 3.02888 0.00210597 0.00204505 6.09206e-05 0 0 
1113 0.54797 24.7349 2.3769 0.00140978 0.0012594 0.000150384 0 0 
1114 0.548217 30.1739 1.2673 0.00125623 0.000358012 0.00089822 0 0 
1115 0.548519 29.8035 -0.0863046 0.00175788 1.66039e-06 0.00175622 0 0 
1116 0.548817 23.695 -1.42329 0.00254699 0.000451572 0.00209542 0 0 
1117 0.549054 13.0244 -2.48624 0.0030451 0.00137793 0.00166716 0 0 
1118 0.549184 -0.153815 -3.07052 0.00288706 0.00210167 0.00078539 0 0 
1119 0.549183 -13.3024 -3.06362 0.00218872 0.00209223 9.64919e-05 0 0 
1120 0.54905 -23.8898 -2.46687 0.00146202 0.00135655 0.000105473 0 0 
1121 0.548811 -29.8777 -1.39518 0.00123966 0.000433909 0.00080575 0 0 
1122 0.548512 -30.1132 -0.0548613 0.00168465 6.70924e-07 0.00168398 0 0 
1123 0.548211 -24.5509 1.29602 0.00247078 0.000374422 0.00209636 0 0 
1124 0.547966 -14.2617 2.39737 0.00302178 0.00128118 0.0017406 0 0 
1125 0.547823 -1.22677 3.03715 0.00293372 0.00205623 0.000877488 0 0 
1126 0.547811 12.0444 3.09218 0.00227117 0.00213143 0.000139738 0 0 
1127 0.547931 22.9966 2.55187 0.0015198 0.00145164 6.81648e-05 0 0 
1128 0.548161 29.5213 1.52024 0.00123042 0.000515188 0.000715236 0 0 
1129 0.548456 30.3621 0.195917 0.00161517 8.55625e-06 0.00160661 0 0 
1130 0.54876 25.3573 -1.16613 0.00239199 0.000303133 0.00208886 0 0 
1131 0.549014 15.4703 -2.30365 0.00299143 0.00118297 0.00180846 0 0 
1132 0.549168 2.60487 -2.99765 0.00297407 0.00200311 0.000970966 0 0 
1133 0.549194 -10.7621 -3.11451 0.00235263 0.00216232 0.00019031 0 0 
1134 0.549087 -22.0571 -2.63172 0.00158266 0.0015439 3.87599e-05 0 0 
1135 0.548866 -29.1053 -1.64224 0.0012286 0.000601193 0.00062741 0 0 
1136 0.548575 -30.5498 -0.336577 0.00155 2.52528e-05 0.00152474 0 0 
1137 0.54827 -26.1125 1.03389 0.00231124 0.00023828 0.00207296 0 0 
1138 0.548008 -16.6477 2.2053 0.0029543 0.00108411 0.00187019 0 0 
1139 0.547842 -3.97773 2.95212 0.00300777 0.00194271 0.00106507 0 0 
1140 0.547802 9.45814 3.13056 0.00243246 0.00218466 0.000247801 0 0 
1141 0.547897 21.073 2.70626 0.0016501 0.0016326 1.74953e-05 0 0 
1142 0.548107 28.6306 1.76093 0.00123421 0.000691233 0.000542978 0 0 
1143 0.548394 30.676 0.476559 0.00148966 5.0626e-05 0.00143904 0 0 
1144 0.548701 26.8152 -0.899565 0.0022292 0.000180387 0.00204881 0 0 
1145 0.548969 17.7916 -2.10249 0.00291069 0.000985394 0.0019253 0 0 
1146 0.549147 5.34256 -2.90062 0.00303456 0.00187553 0.00115904 0 0 
1147 0.5492 -8.13508 -3.14029 0.00251001 0.00219827 0.000311747 0 0 
1148 0.549119 -20.0465 -2.77535 0.00172157 0.00171702 4.54245e-06 0 0 
1149 0.548918 -28.0982 -1.87607 0.0012472 0.00078458 0.000462621 0 0 
1150 0.548637 -30.7402 -0.615579 0.00143466 8.44712e-05 0.00135018 0 0 
1151 0.54833 -27.4637 0.763427 0.00214651 0.00012992 0.00201659 0 0 
full duration of calculation: 0.01 sec
