1 0.548497 -29.9994 0.013458 0.00209704 4.0374e-08 0.002097 0 0 
2 0.548494 -29.9983 0.0269157 0.00209712 1.61493e-07 0.00209696 0 0 
3 0.548491 -29.9965 0.040373 0.0020972 3.63347e-07 0.00209684 0 0 
4 0.548488 -29.9942 0.0538294 0.00209728 6.45922e-07 0.00209664 0 0 
5 0.548485 -29.9913 0.0672848 0.00209736 1.00919e-06 0.00209635 0 0 
6 0.548482 -29.9879 0.0807389 0.00209744 1.45314e-06 0.00209599 0 0 
7 0.548479 -29.9838 0.0941915 0.00209752 1.97772e-06 0.00209555 0 0 
8 0.548476 -29.9792 0.107642 0.00209761 2.58289e-06 0.00209502 0 0 
9 0.548473 -29.974 0.121091 0.00209769 3.26862e-06 0.00209442 0 0 
10 0.54847 -29.9682 0.134537 0.00209777 4.03484e-06 0.00209373 0 0 
11 0.548467 -29.9619 0.147981 0.00209785 4.88149e-06 0.00209297 0 0 
12 0.548464 -29.955 0.161422 0.00209793 5.80852e-06 0.00209212 0 0 
13 0.548461 -29.9475 0.17486 0.00209801 6.81585e-06 0.00209119 0 0 
14 0.548458 -29.9394 0.188294 0.00209809 7.90341e-06 0.00209018 0 0 
15 0.548455 -29.9307 0.201725 0.00209817 9.0711e-06 0.0020891 0 0 
16 0.548452 -29.9215 0.215152 0.00209825 1.03188e-05 0.00208793 0 0 
17 0.548449 -29.9117 0.228575 0.00209833 1.16465e-05 0.00208668 0 0 
18 0.548446 -29.9013 0.241993 0.00209841 1.30541e-05 0.00208535 0 0 
19 0.548443 -29.8903 0.255407 0.00209849 1.45414e-05 0.00208395 0 0 
20 0.54844 -29.8788 0.268816 0.00209857 1.61083e-05 0.00208246 0 0 
21 0.548437 -29.8667 0.282219 0.00209865 1.77547e-05 0.00208089 0 0 
22 0.548434 -29.854 0.295617 0.00209873 1.94805e-05 0.00207925 0 0 
23 0.548431 -29.8407 0.30901 0.00209881 2.12856e-05 0.00207752 0 0 
24 0.548428 -29.8269 0.322396 0.00209888 2.31697e-05 0.00207571 0 0 
25 0.548425 -29.8125 0.335777 0.00209896 2.51329e-05 0.00207383 0 0 
26 0.548422 -29.7975 0.349151 0.00209904 2.71748e-05 0.00207187 0 0 
27 0.548419 -29.7819 0.362518 0.00209912 2.92954e-05 0.00206983 0 0 
28 0.548416 -29.7658 0.375878 0.0020992 3.14945e-05 0.0020677 0 0 
29 0.548413 -29.7491 0.389231 0.00209928 3.37719e-05 0.00206551 0 0 
30 0.54841 -29.7318 0.402576 0.00209936 3.61274e-05 0.00206323 0 0 
31 0.548407 -29.714 0.415914 0.00209943 3.8561e-05 0.00206087 0 0 
32 0.548404 -29.6955 0.429244 0.00209951 4.10723e-05 0.00205844 0 0 
33 0.548401 -29.6766 0.442565 0.00209959 4.36611e-05 0.00205593 0 0 
34 0.548398 -29.657 0.455878 0.00209967 4.63274e-05 0.00205334 0 0 
35 0.548395 -29.6368 0.469182 0.00209974 4.90709e-05 0.00205067 0 0 
36 0.548392 -29.6161 0.482477 0.00209982 5.18913e-05 0.00204793 0 0 
37 0.548389 -29.5949 0.495763 0.0020999 5.47884e-05 0.00204511 0 0 
38 0.548387 -29.573 0.509039 0.00209997 5.77621e-05 0.00204221 0 0 
39 0.548384 -29.5506 0.522306 0.00210005 6.08121e-05 0.00203924 0 0 
40 0.548381 -29.5276 0.535562 0.00210013 6.39382e-05 0.00203619 0 0 
41 0.548378 -29.5041 0.548808 0.0021002 6.71401e-05 0.00203306 0 0 
42 0.548375 -29.4799 0.562044 0.00210028 7.04176e-05 0.00202986 0 0 
43 0.548372 -29.4552 0.575268 0.00210035 7.37703e-05 0.00202658 0 0 
44 0.548369 -29.43 0.588482 0.00210043 7.71982e-05 0.00202323 0 0 
45 0.548366 -29.4042 0.601684 0.0021005 8.07009e-05 0.0020198 0 0 
46 0.548363 -29.3778 0.614875 0.00210058 8.42781e-05 0.0020163 0 0 
47 0.54836 -29.3508 0.628054 0.00210065 8.79295e-05 0.00201272 0 0 
48 0.548357 -29.3233 0.641221 0.00210073 9.16549e-05 0.00200907 0 0 
49 0.548354 -29.2952 0.654375 0.0021008 9.5454e-05 0.00200535 0 0 
50 0.548351 -29.2666 0.667517 0.00210087 9.93266e-05 0.00200155 0 0 
51 0.548348 -29.2374 0.680646 0.00210095 0.000103272 0.00199767 0 0 
52 0.548345 -29.2076 0.693762 0.00210102 0.000107291 0.00199373 0 0 
53 0.548342 -29.1772 0.706864 0.00210109 0.000111381 0.00198971 0 0 
54 0.54834 -29.1463 0.719953 0.00210116 0.000115545 0.00198562 0 0 
55 0.548337 -29.1149 0.733028 0.00210124 0.000119779 0.00198146 0 0 
56 0.548334 -29.0829 0.746089 0.00210131 0.000124086 0.00197722 0 0 
57 0.548331 -29.0503 0.759136 0.00210138 0.000128463 0.00197291 0 0 
58 0.548328 -29.0171 0.772168 0.00210145 0.000132912 0.00196854 0 0 
59 0.548325 -28.9834 0.785185 0.00210152 0.000137431 0.00196409 0 0 
60 0.548322 -28.9492 0.798187 0.00210159 0.00014202 0.00195957 0 0 
61 0.548319 -28.9144 0.811173 0.00210166 0.000146679 0.00195498 0 0 
62 0.548316 -28.879 0.824144 0.00210173 0.000151408 0.00195032 0 0 
63 0.548313 -28.8431 0.8371 0.0021018 0.000156205 0.00194559 0 0 
64 0.548311 -28.8066 0.850039 0.00210187 0.000161071 0.0019408 0 0 
65 0.548308 -28.7696 0.862961 0.00210194 0.000166006 0.00193593 0 0 
66 0.548305 -28.732 0.875867 0.002102 0.000171008 0.00193099 0 0 
67 0.548302 -28.6938 0.888756 0.00210207 0.000176078 0.00192599 0 0 
68 0.548299 -28.6551 0.901628 0.00210214 0.000181216 0.00192092 0 0 
69 0.548296 -28.6159 0.914483 0.0021022 0.00018642 0.00191579 0 0 
70 0.548293 -28.5761 0.92732 0.00210227 0.00019169 0.00191058 0 0 
71 0.54829 -28.5357 0.940139 0.00210234 0.000197027 0.00190531 0 0 
72 0.548288 -28.4948 0.952941 0.0021024 0.000202429 0.00189997 0 0 
73 0.548285 -28.4534 0.965723 0.00210247 0.000207896 0.00189457 0 0 
74 0.548282 -28.4114 0.978488 0.00210253 0.000213428 0.0018891 0 0 
75 0.548279 -28.3688 0.991233 0.0021026 0.000219024 0.00188357 0 0 
76 0.548276 -28.3258 1.00396 0.00210266 0.000224684 0.00187798 0 0 
77 0.548273 -28.2821 1.01667 0.00210272 0.000230408 0.00187232 0 0 
78 0.548271 -28.2379 1.02935 0.00210279 0.000236194 0.00186659 0 0 
79 0.548268 -28.1932 1.04202 0.00210285 0.000242044 0.00186081 0 0 
80 0.548265 -28.148 1.05467 0.00210291 0.000247955 0.00185496 0 0 
81 0.548262 -28.1022 1.0673 0.00210297 0.000253928 0.00184905 0 0 
82 0.548259 -28.0558 1.0799 0.00210304 0.000259962 0.00184307 0 0 
83 0.548256 -28.0089 1.09249 0.0021031 0.000266057 0.00183704 0 0 
84 0.548254 -27.9615 1.10505 0.00210316 0.000272212 0.00183094 0 0 
85 0.548251 -27.9135 1.1176 0.00210322 0.000278427 0.00182479 0 0 
86 0.548248 -27.865 1.13012 0.00210328 0.000284701 0.00181857 0 0 
87 0.548245 -27.816 1.14262 0.00210333 0.000291034 0.0018123 0 0 
88 0.548243 -27.7664 1.1551 0.00210339 0.000297425 0.00180597 0 0 
89 0.54824 -27.7163 1.16755 0.00210345 0.000303874 0.00179958 0 0 
90 0.548237 -27.6657 1.17999 0.00210351 0.000310381 0.00179313 0 0 
91 0.548234 -27.6145 1.1924 0.00210356 0.000316944 0.00178662 0 0 
92 0.548231 -27.5628 1.20479 0.00210362 0.000323564 0.00178006 0 0 
93 0.548229 -27.5105 1.21715 0.00210368 0.000330239 0.00177344 0 0 
94 0.548226 -27.4578 1.22949 0.00210373 0.00033697 0.00176676 0 0 
95 0.548223 -27.4045 1.24181 0.00210379 0.000343756 0.00176003 0 0 
96 0.54822 -27.3506 1.2541 0.00210384 0.000350596 0.00175325 0 0 
97 0.548218 -27.2963 1.26637 0.0021039 0.000357489 0.00174641 0 0 
98 0.548215 -27.2414 1.27862 0.00210395 0.000364436 0.00173951 0 0 
99 0.548212 -27.186 1.29084 0.002104 0.000371436 0.00173257 0 0 
100 0.54821 -27.1301 1.30303 0.00210405 0.000378487 0.00172557 0 0 
101 0.548207 -27.0736 1.3152 0.00210411 0.000385591 0.00171851 0 0 
102 0.548204 -27.0167 1.32735 0.00210416 0.000392745 0.00171141 0 0 
103 0.548201 -26.9592 1.33947 0.00210421 0.00039995 0.00170426 0 0 
104 0.548199 -26.9012 1.35156 0.00210426 0.000407205 0.00169705 0 0 
105 0.548196 -26.8427 1.36363 0.00210431 0.000414509 0.0016898 0 0 
106 0.548193 -26.7836 1.37567 0.00210436 0.000421862 0.00168249 0 0 
107 0.548191 -26.7241 1.38769 0.0021044 0.000429263 0.00167514 0 0 
108 0.548188 -26.664 1.39968 0.00210445 0.000436712 0.00166774 0 0 
109 0.548185 -26.6034 1.41164 0.0021045 0.000444208 0.00166029 0 0 
110 0.548183 -26.5423 1.42357 0.00210454 0.000451751 0.00165279 0 0 
111 0.54818 -26.4807 1.43548 0.00210459 0.00045934 0.00164525 0 0 
112 0.548177 -26.4186 1.44736 0.00210464 0.000466973 0.00163766 0 0 
113 0.548175 -26.3559 1.45921 0.00210468 0.000474652 0.00163003 0 0 
114 0.548172 -26.2928 1.47103 0.00210473 0.000482375 0.00162235 0 0 
115 0.548169 -26.2292 1.48283 0.00210477 0.000490142 0.00161463 0 0 
116 0.548167 -26.165 1.49459 0.00210481 0.000497951 0.00160686 0 0 
117 0.548164 -26.1004 1.50633 0.00210485 0.000505803 0.00159905 0 0 
118 0.548162 -26.0352 1.51804 0.0021049 0.000513697 0.0015912 0 0 
119 0.548159 -25.9696 1.52972 0.00210494 0.000521632 0.00158331 0 0 
120 0.548156 -25.9034 1.54137 0.00210498 0.000529607 0.00157537 0 0 
121 0.548154 -25.8368 1.55299 0.00210502 0.000537623 0.0015674 0 0 
122 0.548151 -25.7696 1.56458 0.00210506 0.000545677 0.00155938 0 0 
123 0.548149 -25.702 1.57614 0.0021051 0.000553771 0.00155133 0 0 
124 0.548146 -25.6338 1.58767 0.00210513 0.000561903 0.00154323 0 0 
125 0.548144 -25.5652 1.59917 0.00210517 0.000570072 0.0015351 0 0 
126 0.548141 -25.4961 1.61064 0.00210521 0.000578278 0.00152693 0 0 
127 0.548138 -25.4265 1.62208 0.00210524 0.00058652 0.00151873 0 0 
128 0.548136 -25.3563 1.63348 0.00210528 0.000594797 0.00151048 0 0 
129 0.548133 -25.2858 1.64486 0.00210532 0.00060311 0.00150221 0 0 
130 0.548131 -25.2147 1.6562 0.00210535 0.000611457 0.00149389 0 0 
131 0.548128 -25.1431 1.66751 0.00210538 0.000619838 0.00148555 0 0 
132 0.548126 -25.0711 1.67879 0.00210542 0.000628251 0.00147717 0 0 
133 0.548123 -24.9985 1.69004 0.00210545 0.000636697 0.00146875 0 0 
134 0.548121 -24.9255 1.70125 0.00210548 0.000645175 0.00146031 0 0 
135 0.548118 -24.852 1.71243 0.00210551 0.000653684 0.00145183 0 0 
136 0.548116 -24.778 1.72358 0.00210554 0.000662223 0.00144332 0 0 
137 0.548113 -24.7036 1.7347 0.00210557 0.000670792 0.00143478 0 0 
138 0.548111 -24.6287 1.74578 0.0021056 0.00067939 0.00142621 0 0 
139 0.548108 -24.5533 1.75683 0.00210563 0.000688016 0.00141761 0 0 
140 0.548106 -24.4774 1.76784 0.00210566 0.000696671 0.00140899 0 0 
141 0.548103 -24.401 1.77882 0.00210568 0.000705352 0.00140033 0 0 
142 0.548101 -24.3242 1.78977 0.00210571 0.00071406 0.00139165 0 0 
143 0.548099 -24.2469 1.80068 0.00210574 0.000722793 0.00138294 0 0 
144 0.548096 -24.1692 1.81156 0.00210576 0.000731552 0.00137421 0 0 
145 0.548094 -24.091 1.8224 0.00210579 0.000740335 0.00136545 0 0 
146 0.548091 -24.0123 1.83321 0.00210581 0.000749141 0.00135667 0 0 
147 0.548089 -23.9332 1.84398 0.00210583 0.000757971 0.00134786 0 0 
148 0.548087 -23.8536 1.85472 0.00210586 0.000766823 0.00133903 0 0 
149 0.548084 -23.7735 1.86542 0.00210588 0.000775697 0.00133018 0 0 
150 0.548082 -23.693 1.87608 0.0021059 0.000784592 0.00132131 0 0 
151 0.548079 -23.612 1.88671 0.00210592 0.000793507 0.00131241 0 0 
152 0.548077 -23.5306 1.8973 0.00210594 0.000802442 0.0013035 0 0 
153 0.548075 -23.4487 1.90786 0.00210596 0.000811396 0.00129456 0 0 
154 0.548072 -23.3664 1.91838 0.00210598 0.000820368 0.00128561 0 0 
155 0.54807 -23.2836 1.92886 0.00210599 0.000829357 0.00127664 0 0 
156 0.548068 -23.2003 1.9393 0.00210601 0.000838364 0.00126765 0 0 
157 0.548065 -23.1167 1.94971 0.00210603 0.000847387 0.00125864 0 0 
158 0.548063 -23.0325 1.96008 0.00210604 0.000856425 0.00124962 0 0 
159 0.548061 -22.948 1.97041 0.00210606 0.000865478 0.00124058 0 0 
160 0.548058 -22.863 1.98071 0.00210607 0.000874545 0.00123153 0 0 
161 0.548056 -22.7775 1.99097 0.00210608 0.000883625 0.00122246 0 0 
162 0.548054 -22.6916 2.00118 0.0021061 0.000892718 0.00121338 0 0 
163 0.548052 -22.6053 2.01136 0.00210611 0.000901823 0.00120429 0 0 
164 0.548049 -22.5185 2.0215 0.00210612 0.00091094 0.00119518 0 0 
165 0.548047 -22.4314 2.03161 0.00210613 0.000920067 0.00118606 0 0 
166 0.548045 -22.3437 2.04167 0.00210614 0.000929204 0.00117694 0 0 
167 0.548043 -22.2557 2.05169 0.00210615 0.00093835 0.0011678 0 0 
168 0.54804 -22.1672 2.06168 0.00210616 0.000947504 0.00115865 0 0 
169 0.548038 -22.0783 2.07162 0.00210617 0.000956667 0.0011495 0 0 
170 0.548036 -21.9889 2.08152 0.00210617 0.000965836 0.00114034 0 0 
171 0.548034 -21.8992 2.09139 0.00210618 0.000975012 0.00113117 0 0 
172 0.548032 -21.809 2.10121 0.00210619 0.000984193 0.00112199 0 0 
173 0.548029 -21.7184 2.111 0.00210619 0.00099338 0.00111281 0 0 
174 0.548027 -21.6274 2.12074 0.0021062 0.00100257 0.00110362 0 0 
175 0.548025 -21.5359 2.13044 0.0021062 0.00101176 0.00109443 0 0 
176 0.548023 -21.4441 2.1401 0.0021062 0.00102096 0.00108524 0 0 
177 0.548021 -21.3518 2.14972 0.0021062 0.00103016 0.00107604 0 0 
178 0.548019 -21.2592 2.1593 0.00210621 0.00103936 0.00106684 0 0 
179 0.548017 -21.1661 2.16884 0.00210621 0.00104856 0.00105764 0 0 
180 0.548014 -21.0726 2.17833 0.00210621 0.00105776 0.00104844 0 0 
181 0.548012 -20.9787 2.18778 0.00210621 0.00106696 0.00103924 0 0 
182 0.54801 -20.8844 2.1972 0.0021062 0.00107616 0.00103004 0 0 
183 0.548008 -20.7897 2.20656 0.0021062 0.00108536 0.00102084 0 0 
184 0.548006 -20.6946 2.21589 0.0021062 0.00109455 0.00101164 0 0 
185 0.548004 -20.5991 2.22517 0.0021062 0.00110375 0.00100245 0 0 
186 0.548002 -20.5032 2.23442 0.00210619 0.00111293 0.00099326 0 0 
187 0.548 -20.4069 2.24361 0.00210619 0.00112211 0.000984074 0 0 
188 0.547998 -20.3102 2.25277 0.00210618 0.00113129 0.000974892 0 0 
189 0.547996 -20.2131 2.26188 0.00210617 0.00114046 0.000965717 0 0 
190 0.547994 -20.1157 2.27095 0.00210617 0.00114962 0.000956547 0 0 
191 0.547992 -20.0178 2.27997 0.00210616 0.00115877 0.000947385 0 0 
192 0.54799 -19.9196 2.28895 0.00210615 0.00116792 0.000938231 0 0 
193 0.547988 -19.821 2.29789 0.00210614 0.00117706 0.000929085 0 0 
194 0.547986 -19.722 2.30678 0.00210613 0.00118618 0.000919948 0 0 
195 0.547984 -19.6226 2.31562 0.00210612 0.0011953 0.000910821 0 0 
196 0.547982 -19.5228 2.32443 0.00210611 0.00120441 0.000901705 0 0 
197 0.54798 -19.4227 2.33319 0.0021061 0.0012135 0.0008926 0 0 
198 0.547978 -19.3222 2.3419 0.00210609 0.00122258 0.000883507 0 0 
199 0.547976 -19.2213 2.35057 0.00210607 0.00123165 0.000874427 0 0 
200 0.547974 -19.12 2.35919 0.00210606 0.0012407 0.00086536 0 0 
201 0.547972 -19.0184 2.36777 0.00210604 0.00124974 0.000856307 0 0 
202 0.54797 -18.9164 2.3763 0.00210603 0.00125876 0.00084727 0 0 
203 0.547968 -18.8141 2.38478 0.00210601 0.00126777 0.000838247 0 0 
204 0.547967 -18.7114 2.39322 0.002106 0.00127675 0.000829241 0 0 
205 0.547965 -18.6083 2.40162 0.00210598 0.00128573 0.000820252 0 0 
206 0.547963 -18.5048 2.40997 0.00210596 0.00129468 0.00081128 0 0 
207 0.547961 -18.4011 2.41827 0.00210594 0.00130361 0.000802326 0 0 
208 0.547959 -18.2969 2.42652 0.00210592 0.00131253 0.000793392 0 0 
209 0.547957 -18.1924 2.43473 0.0021059 0.00132142 0.000784477 0 0 
210 0.547955 -18.0876 2.44289 0.00210588 0.0013303 0.000775582 0 0 
211 0.547954 -17.9824 2.451 0.00210586 0.00133915 0.000766709 0 0 
212 0.547952 -17.8768 2.45907 0.00210584 0.00134798 0.000757857 0 0 
213 0.54795 -17.771 2.46709 0.00210581 0.00135679 0.000749028 0 0 
214 0.547948 -17.6647 2.47506 0.00210579 0.00136557 0.000740221 0 0 
215 0.547947 -17.5582 2.48299 0.00210576 0.00137433 0.000731439 0 0 
216 0.547945 -17.4513 2.49086 0.00210574 0.00138306 0.00072268 0 0 
217 0.547943 -17.344 2.49869 0.00210571 0.00139177 0.000713947 0 0 
218 0.547941 -17.2365 2.50647 0.00210569 0.00140045 0.00070524 0 0 
219 0.54794 -17.1285 2.51421 0.00210566 0.0014091 0.000696559 0 0 
220 0.547938 -17.0203 2.52189 0.00210563 0.00141773 0.000687905 0 0 
221 0.547936 -16.9117 2.52952 0.0021056 0.00142633 0.000679279 0 0 
222 0.547934 -16.8029 2.53711 0.00210558 0.00143489 0.000670681 0 0 
223 0.547933 -16.6936 2.54465 0.00210555 0.00144343 0.000662113 0 0 
224 0.547931 -16.5841 2.55214 0.00210552 0.00145194 0.000653574 0 0 
225 0.547929 -16.4743 2.55958 0.00210548 0.00146042 0.000645066 0 0 
226 0.547928 -16.3641 2.56697 0.00210545 0.00146886 0.000636588 0 0 
227 0.547926 -16.2536 2.57431 0.00210542 0.00147728 0.000628143 0 0 
228 0.547925 -16.1428 2.5816 0.00210539 0.00148566 0.00061973 0 0 
229 0.547923 -16.0317 2.58884 0.00210535 0.001494 0.00061135 0 0 
230 0.547921 -15.9203 2.59603 0.00210532 0.00150232 0.000603003 0 0 
231 0.54792 -15.8086 2.60318 0.00210528 0.00151059 0.000594691 0 0 
232 0.547918 -15.6965 2.61027 0.00210525 0.00151884 0.000586414 0 0 
233 0.547917 -15.5842 2.61731 0.00210521 0.00152704 0.000578172 0 0 
234 0.547915 -15.4716 2.6243 0.00210518 0.00153521 0.000569967 0 0 
235 0.547913 -15.3586 2.63124 0.00210514 0.00154334 0.000561798 0 0 
236 0.547912 -15.2454 2.63813 0.0021051 0.00155143 0.000553667 0 0 
237 0.54791 -15.1319 2.64497 0.00210506 0.00155949 0.000545574 0 0 
238 0.547909 -15.0181 2.65176 0.00210502 0.0015675 0.00053752 0 0 
239 0.547907 -14.904 2.65849 0.00210498 0.00157548 0.000529505 0 0 
240 0.547906 -14.7896 2.66518 0.00210494 0.00158341 0.00052153 0 0 
241 0.547904 -14.6749 2.67182 0.0021049 0.00159131 0.000513595 0 0 
242 0.547903 -14.56 2.6784 0.00210486 0.00159916 0.000505702 0 0 
243 0.547901 -14.4447 2.68493 0.00210482 0.00160697 0.000497851 0 0 
244 0.5479 -14.3292 2.69141 0.00210477 0.00161473 0.000490042 0 0 
245 0.547899 -14.2134 2.69784 0.00210473 0.00162245 0.000482276 0 0 
246 0.547897 -14.0974 2.70421 0.00210469 0.00163013 0.000474554 0 0 
247 0.547896 -13.9811 2.71054 0.00210464 0.00163777 0.000466875 0 0 
248 0.547894 -13.8644 2.71681 0.0021046 0.00164535 0.000459242 0 0 
249 0.547893 -13.7476 2.72303 0.00210455 0.0016529 0.000451654 0 0 
250 0.547892 -13.6304 2.7292 0.0021045 0.00166039 0.000444112 0 0 
251 0.54789 -13.5131 2.73531 0.00210446 0.00166784 0.000436617 0 0 
252 0.547889 -13.3954 2.74137 0.00210441 0.00167524 0.000429168 0 0 
253 0.547888 -13.2775 2.74738 0.00210436 0.00168259 0.000421768 0 0 
254 0.547886 -13.1593 2.75334 0.00210431 0.0016899 0.000414415 0 0 
255 0.547885 -13.0409 2.75924 0.00210426 0.00169715 0.000407112 0 0 
256 0.547884 -12.9222 2.76509 0.00210421 0.00170435 0.000399858 0 0 
257 0.547882 -12.8033 2.77089 0.00210416 0.00171151 0.000392653 0 0 
258 0.547881 -12.6841 2.77663 0.00210411 0.00171861 0.0003855 0 0 
259 0.54788 -12.5647 2.78232 0.00210406 0.00172566 0.000378397 0 0 
260 0.547879 -12.4451 2.78796 0.00210401 0.00173266 0.000371346 0 0 
261 0.547877 -12.3252 2.79354 0.00210395 0.00173961 0.000364347 0 0 
262 0.547876 -12.205 2.79907 0.0021039 0.0017465 0.000357401 0 0 
263 0.547875 -12.0847 2.80455 0.00210385 0.00175334 0.000350508 0 0 
264 0.547874 -11.9641 2.80997 0.00210379 0.00176012 0.000343669 0 0 
265 0.547872 -11.8432 2.81533 0.00210374 0.00176685 0.000336884 0 0 
266 0.547871 -11.7222 2.82065 0.00210368 0.00177353 0.000330154 0 0 
267 0.54787 -11.6009 2.82591 0.00210363 0.00178015 0.000323479 0 0 
268 0.547869 -11.4794 2.83111 0.00210357 0.00178671 0.00031686 0 0 
269 0.547868 -11.3577 2.83626 0.00210351 0.00179322 0.000310298 0 0 
270 0.547867 -11.2357 2.84136 0.00210346 0.00179967 0.000303792 0 0 
271 0.547865 -11.1136 2.8464 0.0021034 0.00180606 0.000297343 0 0 
272 0.547864 -10.9912 2.85138 0.00210334 0.00181239 0.000290953 0 0 
273 0.547863 -10.8686 2.85631 0.00210328 0.00181866 0.000284621 0 0 
274 0.547862 -10.7458 2.86119 0.00210322 0.00182488 0.000278347 0 0 
275 0.547861 -10.6228 2.86601 0.00210316 0.00183103 0.000272133 0 0 
276 0.54786 -10.4996 2.87077 0.0021031 0.00183712 0.000265979 0 0 
277 0.547859 -10.3762 2.87548 0.00210304 0.00184316 0.000259885 0 0 
278 0.547858 -10.2526 2.88014 0.00210298 0.00184913 0.000253851 0 0 
279 0.547857 -10.1287 2.88474 0.00210292 0.00185504 0.000247879 0 0 
280 0.547856 -10.0047 2.88928 0.00210286 0.00186089 0.000241969 0 0 
281 0.547855 -9.88055 2.89377 0.00210279 0.00186667 0.000236121 0 0 
282 0.547854 -9.75616 2.8982 0.00210273 0.0018724 0.000230335 0 0 
283 0.547853 -9.63158 2.90258 0.00210267 0.00187806 0.000224612 0 0 
284 0.547852 -9.50683 2.9069 0.0021026 0.00188365 0.000218953 0 0 
285 0.547851 -9.38188 2.91116 0.00210254 0.00188918 0.000213357 0 0 
286 0.54785 -9.25676 2.91537 0.00210248 0.00189465 0.000207826 0 0 
287 0.547849 -9.13146 2.91953 0.00210241 0.00190005 0.00020236 0 0 
288 0.547848 -9.00598 2.92362 0.00210234 0.00190539 0.000196959 0 0 
289 0.547847 -8.88033 2.92766 0.00210228 0.00191066 0.000191623 0 0 
290 0.547846 -8.75451 2.93165 0.00210221 0.00191586 0.000186353 0 0 
291 0.547846 -8.62852 2.93557 0.00210215 0.001921 0.00018115 0 0 
292 0.547845 -8.50236 2.93944 0.00210208 0.00192606 0.000176014 0 0 
293 0.547844 -8.37604 2.94326 0.00210201 0.00193107 0.000170945 0 0 
294 0.547843 -8.24956 2.94701 0.00210194 0.001936 0.000165943 0 0 
295 0.547842 -8.12292 2.95072 0.00210187 0.00194087 0.000161009 0 0 
296 0.547841 -7.99612 2.95436 0.00210181 0.00194566 0.000156144 0 0 
297 0.547841 -7.86917 2.95795 0.00210174 0.00195039 0.000151347 0 0 
298 0.54784 -7.74207 2.96148 0.00210167 0.00195505 0.00014662 0 0 
299 0.547839 -7.61482 2.96495 0.0021016 0.00195964 0.000141962 0 0 
300 0.547838 -7.48742 2.96837 0.00210153 0.00196415 0.000137373 0 0 
301 0.547838 -7.35988 2.97172 0.00210146 0.0019686 0.000132855 0 0 
302 0.547837 -7.2322 2.97503 0.00210139 0.00197298 0.000128408 0 0 
303 0.547836 -7.10437 2.97827 0.00210132 0.00197728 0.000124031 0 0 
304 0.547835 -6.97641 2.98146 0.00210124 0.00198152 0.000119725 0 0 
305 0.547835 -6.84832 2.98459 0.00210117 0.00198568 0.000115491 0 0 
306 0.547834 -6.72009 2.98766 0.0021011 0.00198977 0.000111329 0 0 
307 0.547833 -6.59174 2.99067 0.00210103 0.00199379 0.000107239 0 0 
308 0.547833 -6.46326 2.99363 0.00210095 0.00199773 0.000103222 0 0 
309 0.547832 -6.33465 2.99653 0.00210088 0.0020016 9.92772e-05 0 0 
310 0.547831 -6.20592 2.99937 0.00210081 0.0020054 9.54056e-05 0 0 
311 0.547831 -6.07707 3.00216 0.00210073 0.00200913 9.16074e-05 0 0 
312 0.54783 -5.94811 3.00488 0.00210066 0.00201278 8.7883e-05 0 0 
313 0.54783 -5.81903 3.00755 0.00210059 0.00201635 8.42325e-05 0 0 
314 0.547829 -5.68984 3.01016 0.00210051 0.00201986 8.06562e-05 0 0 
315 0.547828 -5.56054 3.01271 0.00210044 0.00202328 7.71545e-05 0 0 
316 0.547828 -5.43113 3.01521 0.00210036 0.00202663 7.37276e-05 0 0 
317 0.547827 -5.30162 3.01764 0.00210029 0.00202991 7.03758e-05 0 0 
318 0.547827 -5.172 3.02002 0.00210021 0.00203311 6.70993e-05 0 0 
319 0.547826 -5.04229 3.02234 0.00210013 0.00203624 6.38983e-05 0 0 
320 0.547826 -4.91248 3.0246 0.00210006 0.00203929 6.07732e-05 0 0 
321 0.547825 -4.78257 3.02681 0.00209998 0.00204226 5.77242e-05 0 0 
322 0.547825 -4.65257 3.02895 0.00209991 0.00204515 5.47515e-05 0 0 
323 0.547824 -4.52249 3.03104 0.00209983 0.00204797 5.18553e-05 0 0 
324 0.547824 -4.39231 3.03307 0.00209975 0.00205072 4.90358e-05 0 0 
325 0.547823 -4.26205 3.03504 0.00209968 0.00205338 4.62934e-05 0 0 
326 0.547823 -4.13171 3.03695 0.0020996 0.00205597 4.36281e-05 0 0 
327 0.547823 -4.00129 3.03881 0.00209952 0.00205848 4.10402e-05 0 0 
328 0.547822 -3.87079 3.0406 0.00209944 0.00206091 3.85299e-05 0 0 
329 0.547822 -3.74022 3.04234 0.00209936 0.00206327 3.60973e-05 0 0 
330 0.547821 -3.60957 3.04402 0.00209929 0.00206554 3.37428e-05 0 0 
331 0.547821 -3.47886 3.04563 0.00209921 0.00206774 3.14663e-05 0 0 
332 0.547821 -3.34808 3.0472 0.00209913 0.00206986 2.92682e-05 0 0 
333 0.54782 -3.21723 3.0487 0.00209905 0.0020719 2.71486e-05 0 0 
334 0.54782 -3.08633 3.05014 0.00209897 0.00207386 2.51077e-05 0 0 
335 0.54782 -2.95536 3.05152 0.00209889 0.00207575 2.31456e-05 0 0 
336 0.547819 -2.82434 3.05285 0.00209881 0.00207755 2.12624e-05 0 0 
337 0.547819 -2.69326 3.05412 0.00209873 0.00207928 1.94584e-05 0 0 
338 0.547819 -2.56213 3.05533 0.00209866 0.00208092 1.77335e-05 0 0 
339 0.547819 -2.43095 3.05648 0.00209858 0.00208249 1.60881e-05 0 0 
340 0.547818 -2.29972 3.05757 0.0020985 0.00208397 1.45222e-05 0 0 
341 0.547818 -2.16845 3.0586 0.00209842 0.00208538 1.30359e-05 0 0 
342 0.547818 -2.03714 3.05957 0.00209834 0.00208671 1.16294e-05 0 0 
343 0.547818 -1.90579 3.06048 0.00209826 0.00208795 1.03027e-05 0 0 
344 0.547818 -1.7744 3.06134 0.00209818 0.00208912 9.05596e-06 0 0 
345 0.547817 -1.64298 3.06213 0.0020981 0.00209021 7.88927e-06 0 0 
346 0.547817 -1.51153 3.06287 0.00209802 0.00209121 6.80273e-06 0 0 
347 0.547817 -1.38004 3.06355 0.00209794 0.00209214 5.7964e-06 0 0 
348 0.547817 -1.24853 3.06417 0.00209786 0.00209299 4.87038e-06 0 0 
349 0.547817 -1.117 3.06473 0.00209778 0.00209375 4.02474e-06 0 0 
350 0.547817 -0.985446 3.06523 0.00209769 0.00209444 3.25953e-06 0 0 
351 0.547817 -0.853872 3.06567 0.00209761 0.00209504 2.57481e-06 0 0 
352 0.547817 -0.722281 3.06606 0.00209753 0.00209556 1.97065e-06 0 0 
353 0.547816 -0.590677 3.06638 0.00209745 0.00209601 1.44708e-06 0 0 
354 0.547816 -0.459061 3.06664 0.00209737 0.00209637 1.00415e-06 0 0 
355 0.547816 -0.327437 3.06685 0.00209729 0.00209665 6.41886e-07 0 0 
356 0.547816 -0.195806 3.067 0.00209721 0.00209685 3.60323e-07 0 0 
357 0.547816 -0.0641716 3.06709 0.00209713 0.00209697 1.59479e-07 0 0 
358 0.547816 0.0674642 3.06711 0.00209705 0.00209701 3.93703e-08 0 0 
359 0.547816 0.199099 3.06708 0.00209697 0.00209697 6.31506e-12 0 0 
360 0.547816 0.330729 3.06699 0.00209689 0.00209685 4.139e-08 0 0 
361 0.547816 0.462354 3.06685 0.00209681 0.00209664 1.63518e-07 0 0 
362 0.547816 0.593969 3.06664 0.00209673 0.00209636 3.66381e-07 0 0 
363 0.547816 0.725573 3.06637 0.00209665 0.002096 6.49964e-07 0 0 
364 0.547817 0.857163 3.06605 0.00209657 0.00209555 1.01424e-06 0 0 
365 0.547817 0.988736 3.06566 0.00209648 0.00209503 1.45919e-06 0 0 
366 0.547817 1.12029 3.06522 0.0020964 0.00209442 1.98478e-06 0 0 
367 0.547817 1.25182 3.06472 0.00209632 0.00209373 2.59096e-06 0 0 
368 0.547817 1.38333 3.06415 0.00209624 0.00209297 3.27769e-06 0 0 
369 0.547817 1.51481 3.06353 0.00209616 0.00209212 4.04491e-06 0 0 
370 0.547817 1.64627 3.06285 0.00209608 0.00209119 4.89257e-06 0 0 
371 0.547817 1.77769 3.06212 0.002096 0.00209018 5.8206e-06 0 0 
372 0.547818 1.90908 3.06132 0.00209592 0.00208909 6.82893e-06 0 0 
373 0.547818 2.04043 3.06046 0.00209584 0.00208792 7.91748e-06 0 0 
374 0.547818 2.17174 3.05955 0.00209576 0.00208668 9.08617e-06 0 0 
375 0.547818 2.30301 3.05857 0.00209568 0.00208535 1.03349e-05 0 0 
376 0.547818 2.43423 3.05754 0.0020956 0.00208394 1.16636e-05 0 0 
377 0.547819 2.56541 3.05645 0.00209552 0.00208245 1.30721e-05 0 0 
378 0.547819 2.69654 3.0553 0.00209544 0.00208088 1.45604e-05 0 0 
379 0.547819 2.82761 3.05409 0.00209536 0.00207923 1.61283e-05 0 0 
380 0.547819 2.95864 3.05282 0.00209528 0.00207751 1.77757e-05 0 0 
381 0.54782 3.0896 3.05149 0.0020952 0.0020757 1.95025e-05 0 0 
382 0.54782 3.22051 3.0501 0.00209512 0.00207382 2.13085e-05 0 0 
383 0.54782 3.35135 3.04866 0.00209505 0.00207185 2.31937e-05 0 0 
384 0.547821 3.48213 3.04716 0.00209497 0.00206981 2.51578e-05 0 0 
385 0.547821 3.61284 3.04559 0.00209489 0.00206769 2.72007e-05 0 0 
386 0.547821 3.74349 3.04397 0.00209481 0.00206549 2.93223e-05 0 0 
387 0.547822 3.87406 3.04229 0.00209473 0.00206321 3.15223e-05 0 0 
388 0.547822 4.00455 3.04056 0.00209465 0.00206085 3.38007e-05 0 0 
389 0.547823 4.13497 3.03876 0.00209458 0.00205842 3.61572e-05 0 0 
390 0.547823 4.26531 3.03691 0.0020945 0.00205591 3.85917e-05 0 0 
391 0.547823 4.39557 3.03499 0.00209442 0.00205332 4.1104e-05 0 0 
392 0.547824 4.52574 3.03302 0.00209434 0.00205065 4.36938e-05 0 0 
393 0.547824 4.65583 3.03099 0.00209427 0.0020479 4.6361e-05 0 0 
394 0.547825 4.78582 3.0289 0.00209419 0.00204508 4.91054e-05 0 0 
395 0.547825 4.91573 3.02675 0.00209411 0.00204218 5.19268e-05 0 0 
396 0.547826 5.04553 3.02455 0.00209404 0.00203921 5.48249e-05 0 0 
397 0.547826 5.17525 3.02229 0.00209396 0.00203616 5.77995e-05 0 0 
398 0.547827 5.30486 3.01996 0.00209388 0.00203303 6.08505e-05 0 0 
399 0.547827 5.43437 3.01758 0.00209381 0.00202983 6.39775e-05 0 0 
400 0.547828 5.56377 3.01515 0.00209373 0.00202655 6.71803e-05 0 0 
401 0.547828 5.69307 3.01265 0.00209366 0.0020232 7.04587e-05 0 0 
402 0.547829 5.82226 3.0101 0.00209358 0.00201977 7.38124e-05 0 0 
403 0.54783 5.95134 3.00748 0.00209351 0.00201626 7.72412e-05 0 0 
404 0.54783 6.0803 3.00481 0.00209343 0.00201269 8.07448e-05 0 0 
405 0.547831 6.20914 3.00209 0.00209336 0.00200903 8.43229e-05 0 0 
406 0.547831 6.33787 2.9993 0.00209328 0.00200531 8.79752e-05 0 0 
407 0.547832 6.46647 2.99646 0.00209321 0.00200151 9.17015e-05 0 0 
408 0.547833 6.59495 2.99356 0.00209314 0.00199763 9.55016e-05 0 0 
409 0.547833 6.7233 2.9906 0.00209306 0.00199369 9.9375e-05 0 0 
410 0.547834 6.85153 2.98758 0.00209299 0.00198967 0.000103321 0 0 
411 0.547835 6.97962 2.98451 0.00209292 0.00198558 0.000107341 0 0 
412 0.547835 7.10757 2.98138 0.00209285 0.00198141 0.000111433 0 0 
413 0.547836 7.23539 2.97819 0.00209277 0.00197718 0.000115596 0 0 
414 0.547837 7.36307 2.97494 0.0020927 0.00197287 0.000119832 0 0 
415 0.547838 7.49061 2.97164 0.00209263 0.00196849 0.00012414 0 0 
416 0.547838 7.618 2.96828 0.00209256 0.00196404 0.000128518 0 0 
417 0.547839 7.74525 2.96486 0.00209249 0.00195952 0.000132967 0 0 
418 0.54784 7.87235 2.96139 0.00209242 0.00195493 0.000137487 0 0 
419 0.547841 7.9993 2.95786 0.00209235 0.00195027 0.000142077 0 0 
420 0.547841 8.12609 2.95427 0.00209228 0.00194554 0.000146737 0 0 
421 0.547842 8.25273 2.95062 0.00209221 0.00194074 0.000151466 0 0 
422 0.547843 8.3792 2.94692 0.00209214 0.00193588 0.000156265 0 0 
423 0.547844 8.50552 2.94316 0.00209207 0.00193094 0.000161132 0 0 
424 0.547845 8.63167 2.93935 0.00209201 0.00192594 0.000166067 0 0 
425 0.547846 8.75766 2.93547 0.00209194 0.00192087 0.000171071 0 0 
426 0.547847 8.88347 2.93155 0.00209187 0.00191573 0.000176141 0 0 
427 0.547847 9.00912 2.92756 0.0020918 0.00191052 0.00018128 0 0 
428 0.547848 9.13459 2.92352 0.00209174 0.00190525 0.000186484 0 0 
429 0.547849 9.25989 2.91942 0.00209167 0.00189992 0.000191756 0 0 
430 0.54785 9.38501 2.91527 0.00209161 0.00189451 0.000197093 0 0 
431 0.547851 9.50995 2.91106 0.00209154 0.00188905 0.000202496 0 0 
432 0.547852 9.6347 2.90679 0.00209148 0.00188351 0.000207964 0 0 
433 0.547853 9.75927 2.90247 0.00209141 0.00187792 0.000213497 0 0 
434 0.547854 9.88365 2.89809 0.00209135 0.00187225 0.000219094 0 0 
435 0.547855 10.0078 2.89366 0.00209128 0.00186653 0.000224754 0 0 
436 0.547856 10.1318 2.88917 0.00209122 0.00186074 0.000230479 0 0 
437 0.547857 10.2556 2.88462 0.00209116 0.00185489 0.000236266 0 0 
438 0.547858 10.3793 2.88002 0.0020911 0.00184898 0.000242116 0 0 
439 0.547859 10.5027 2.87537 0.00209104 0.00184301 0.000248028 0 0 
440 0.54786 10.6259 2.87065 0.00209097 0.00183697 0.000254002 0 0 
441 0.547861 10.7489 2.86589 0.00209091 0.00183088 0.000260036 0 0 
442 0.547862 10.8717 2.86107 0.00209085 0.00182472 0.000266132 0 0 
443 0.547863 10.9942 2.85619 0.00209079 0.00181851 0.000272288 0 0 
444 0.547864 11.1166 2.85126 0.00209073 0.00181223 0.000278503 0 0 
445 0.547866 11.2388 2.84627 0.00209068 0.0018059 0.000284778 0 0 
446 0.547867 11.3607 2.84123 0.00209062 0.0017995 0.000291112 0 0 
447 0.547868 11.4824 2.83613 0.00209056 0.00179305 0.000297504 0 0 
448 0.547869 11.6039 2.83098 0.0020905 0.00178655 0.000303954 0 0 
449 0.54787 11.7252 2.82578 0.00209044 0.00177998 0.000310461 0 0 
450 0.547871 11.8463 2.82052 0.00209039 0.00177336 0.000317025 0 0 
451 0.547872 11.9671 2.8152 0.00209033 0.00176669 0.000323645 0 0 
452 0.547874 12.0877 2.80983 0.00209028 0.00175996 0.000330322 0 0 
453 0.547875 12.208 2.80441 0.00209022 0.00175317 0.000337053 0 0 
454 0.547876 12.3282 2.79893 0.00209017 0.00174633 0.000343839 0 0 
455 0.547877 12.4481 2.7934 0.00209011 0.00173943 0.00035068 0 0 
456 0.547879 12.5677 2.78782 0.00209006 0.00173249 0.000357574 0 0 
457 0.54788 12.6871 2.78218 0.00209001 0.00172549 0.000364522 0 0 
458 0.547881 12.8063 2.77649 0.00208996 0.00171843 0.000371522 0 0 
459 0.547882 12.9252 2.77074 0.0020899 0.00171133 0.000378574 0 0 
460 0.547884 13.0439 2.76495 0.00208985 0.00170418 0.000385678 0 0 
461 0.547885 13.1623 2.7591 0.0020898 0.00169697 0.000392833 0 0 
462 0.547886 13.2804 2.75319 0.00208975 0.00168971 0.000400039 0 0 
463 0.547888 13.3983 2.74723 0.0020897 0.00168241 0.000407294 0 0 
464 0.547889 13.516 2.74122 0.00208965 0.00167506 0.000414599 0 0 
465 0.54789 13.6334 2.73516 0.00208961 0.00166765 0.000421952 0 0 
466 0.547892 13.7505 2.72904 0.00208956 0.0016602 0.000429354 0 0 
467 0.547893 13.8674 2.72287 0.00208951 0.00165271 0.000436804 0 0 
468 0.547894 13.984 2.71665 0.00208946 0.00164516 0.0004443 0 0 
469 0.547896 14.1003 2.71038 0.00208942 0.00163758 0.000451843 0 0 
470 0.547897 14.2163 2.70406 0.00208937 0.00162994 0.000459432 0 0 
471 0.547899 14.3321 2.69768 0.00208933 0.00162226 0.000467067 0 0 
472 0.5479 14.4476 2.69125 0.00208928 0.00161454 0.000474746 0 0 
473 0.547902 14.5629 2.68477 0.00208924 0.00160677 0.00048247 0 0 
474 0.547903 14.6778 2.67823 0.0020892 0.00159896 0.000490237 0 0 
475 0.547904 14.7925 2.67165 0.00208916 0.00159111 0.000498047 0 0 
476 0.547906 14.9068 2.66501 0.00208911 0.00158321 0.000505899 0 0 
477 0.547907 15.0209 2.65833 0.00208907 0.00157528 0.000513793 0 0 
478 0.547909 15.1347 2.65159 0.00208903 0.0015673 0.000521729 0 0 
479 0.54791 15.2482 2.6448 0.00208899 0.00155929 0.000529705 0 0 
480 0.547912 15.3615 2.63796 0.00208895 0.00155123 0.000537721 0 0 
481 0.547913 15.4744 2.63107 0.00208891 0.00154314 0.000545776 0 0 
482 0.547915 15.587 2.62413 0.00208888 0.00153501 0.00055387 0 0 
483 0.547917 15.6993 2.61713 0.00208884 0.00152684 0.000562002 0 0 
484 0.547918 15.8114 2.61009 0.0020888 0.00151863 0.000570171 0 0 
485 0.54792 15.9231 2.603 0.00208876 0.00151039 0.000578378 0 0 
486 0.547921 16.0345 2.59585 0.00208873 0.00150211 0.00058662 0 0 
487 0.547923 16.1456 2.58866 0.00208869 0.0014938 0.000594898 0 0 
488 0.547925 16.2564 2.58142 0.00208866 0.00148545 0.000603211 0 0 
489 0.547926 16.3668 2.57413 0.00208863 0.00147707 0.000611559 0 0 
490 0.547928 16.477 2.56678 0.00208859 0.00146865 0.00061994 0 0 
491 0.547929 16.5869 2.55939 0.00208856 0.00146021 0.000628354 0 0 
492 0.547931 16.6964 2.55195 0.00208853 0.00145173 0.0006368 0 0 
493 0.547933 16.8056 2.54446 0.0020885 0.00144322 0.000645278 0 0 
494 0.547934 16.9145 2.53692 0.00208847 0.00143468 0.000653787 0 0 
495 0.547936 17.023 2.52933 0.00208844 0.00142611 0.000662327 0 0 
496 0.547938 17.1312 2.5217 0.00208841 0.00141751 0.000670896 0 0 
497 0.54794 17.2391 2.51401 0.00208838 0.00140889 0.000679494 0 0 
498 0.547941 17.3467 2.50628 0.00208835 0.00140023 0.000688121 0 0 
499 0.547943 17.4539 2.4985 0.00208833 0.00139155 0.000696776 0 0 
500 0.547945 17.5608 2.49067 0.0020883 0.00138284 0.000705457 0 0 
501 0.547947 17.6674 2.48279 0.00208827 0.00137411 0.000714165 0 0 
502 0.547948 17.7736 2.47486 0.00208825 0.00136535 0.000722899 0 0 
503 0.54795 17.8795 2.46689 0.00208822 0.00135657 0.000731658 0 0 
504 0.547952 17.985 2.45887 0.0020882 0.00134776 0.000740441 0 0 
505 0.547954 18.0902 2.4508 0.00208818 0.00133893 0.000749248 0 0 
506 0.547955 18.195 2.44269 0.00208815 0.00133008 0.000758078 0 0 
507 0.547957 18.2995 2.43452 0.00208813 0.0013212 0.000766931 0 0 
508 0.547959 18.4037 2.42632 0.00208811 0.00131231 0.000775805 0 0 
509 0.547961 18.5074 2.41806 0.00208809 0.00130339 0.0007847 0 0 
510 0.547963 18.6109 2.40976 0.00208807 0.00129446 0.000793615 0 0 
511 0.547965 18.7139 2.40141 0.00208805 0.0012855 0.00080255 0 0 
512 0.547967 18.8166 2.39301 0.00208803 0.00127653 0.000811504 0 0 
513 0.547968 18.919 2.38457 0.00208802 0.00126754 0.000820476 0 0 
514 0.54797 19.021 2.37609 0.002088 0.00125853 0.000829466 0 0 
515 0.547972 19.1226 2.36755 0.00208798 0.00124951 0.000838473 0 0 
516 0.547974 19.2238 2.35897 0.00208797 0.00124047 0.000847495 0 0 
517 0.547976 19.3247 2.35035 0.00208795 0.00123142 0.000856534 0 0 
518 0.547978 19.4252 2.34168 0.00208794 0.00122235 0.000865587 0 0 
519 0.54798 19.5253 2.33297 0.00208793 0.00121327 0.000874654 0 0 
520 0.547982 19.6251 2.32421 0.00208791 0.00120418 0.000883735 0 0 
521 0.547984 19.7244 2.3154 0.0020879 0.00119507 0.000892828 0 0 
522 0.547986 19.8234 2.30656 0.00208789 0.00118596 0.000901933 0 0 
523 0.547988 19.922 2.29766 0.00208788 0.00117683 0.000911049 0 0 
524 0.54799 20.0203 2.28873 0.00208787 0.00116769 0.000920177 0 0 
525 0.547992 20.1181 2.27974 0.00208786 0.00115855 0.000929314 0 0 
526 0.547994 20.2156 2.27072 0.00208785 0.00114939 0.00093846 0 0 
527 0.547996 20.3126 2.26165 0.00208784 0.00114023 0.000947614 0 0 
528 0.547998 20.4093 2.25254 0.00208784 0.00113106 0.000956777 0 0 
529 0.548 20.5056 2.24338 0.00208783 0.00112188 0.000965946 0 0 
530 0.548002 20.6015 2.23418 0.00208782 0.0011127 0.000975122 0 0 
531 0.548004 20.697 2.22494 0.00208782 0.00110352 0.000984304 0 0 
532 0.548006 20.7921 2.21566 0.00208781 0.00109432 0.00099349 0 0 
533 0.548008 20.8868 2.20633 0.00208781 0.00108513 0.00100268 0 0 
534 0.54801 20.981 2.19696 0.00208781 0.00107593 0.00101187 0 0 
535 0.548012 21.0749 2.18755 0.00208781 0.00106673 0.00102107 0 0 
536 0.548014 21.1684 2.17809 0.0020878 0.00105753 0.00103027 0 0 
537 0.548017 21.2615 2.1686 0.0020878 0.00104833 0.00103947 0 0 
538 0.548019 21.3541 2.15906 0.0020878 0.00103913 0.00104867 0 0 
539 0.548021 21.4464 2.14948 0.0020878 0.00102993 0.00105787 0 0 
540 0.548023 21.5382 2.13986 0.00208781 0.00102073 0.00106707 0 0 
541 0.548025 21.6297 2.1302 0.00208781 0.00101153 0.00107627 0 0 
542 0.548027 21.7207 2.1205 0.00208781 0.00100234 0.00108547 0 0 
543 0.548029 21.8113 2.11075 0.00208781 0.00099315 0.00109466 0 0 
544 0.548032 21.9014 2.10097 0.00208782 0.000983964 0.00110385 0 0 
545 0.548034 21.9912 2.09114 0.00208782 0.000974782 0.00111304 0 0 
546 0.548036 22.0805 2.08128 0.00208783 0.000965607 0.00112222 0 0 
547 0.548038 22.1694 2.07137 0.00208784 0.000956437 0.0011314 0 0 
548 0.54804 22.2579 2.06143 0.00208784 0.000947275 0.00114057 0 0 
549 0.548043 22.3459 2.05144 0.00208785 0.000938121 0.00114973 0 0 
550 0.548045 22.4335 2.04142 0.00208786 0.000928975 0.00115888 0 0 
551 0.548047 22.5207 2.03135 0.00208787 0.000919838 0.00116803 0 0 
552 0.548049 22.6075 2.02125 0.00208788 0.000910712 0.00117717 0 0 
553 0.548052 22.6938 2.01111 0.00208789 0.000901595 0.00118629 0 0 
554 0.548054 22.7797 2.00093 0.0020879 0.000892491 0.00119541 0 0 
555 0.548056 22.8651 1.99071 0.00208791 0.000883398 0.00120451 0 0 
556 0.548059 22.9501 1.98045 0.00208792 0.000874318 0.00121361 0 0 
557 0.548061 23.0347 1.97016 0.00208794 0.000865251 0.00122269 0 0 
558 0.548063 23.1188 1.95982 0.00208795 0.000856198 0.00123175 0 0 
559 0.548065 23.2024 1.94945 0.00208797 0.000847161 0.00124081 0 0 
560 0.548068 23.2857 1.93904 0.00208798 0.000838138 0.00124984 0 0 
561 0.54807 23.3684 1.9286 0.002088 0.000829132 0.00125887 0 0 
562 0.548072 23.4508 1.91811 0.00208801 0.000820143 0.00126787 0 0 
563 0.548075 23.5326 1.90759 0.00208803 0.000811172 0.00127686 0 0 
564 0.548077 23.614 1.89704 0.00208805 0.000802218 0.00128583 0 0 
565 0.548079 23.695 1.88644 0.00208807 0.000793284 0.00129479 0 0 
566 0.548082 23.7755 1.87581 0.00208809 0.000784369 0.00130372 0 0 
567 0.548084 23.8556 1.86515 0.00208811 0.000775475 0.00131263 0 0 
568 0.548087 23.9351 1.85445 0.00208813 0.000766602 0.00132153 0 0 
569 0.548089 24.0143 1.84371 0.00208815 0.00075775 0.0013304 0 0 
570 0.548091 24.0929 1.83294 0.00208817 0.000748921 0.00133925 0 0 
571 0.548094 24.1711 1.82213 0.0020882 0.000740115 0.00134808 0 0 
572 0.548096 24.2489 1.81129 0.00208822 0.000731332 0.00135689 0 0 
573 0.548099 24.3262 1.80041 0.00208825 0.000722574 0.00136567 0 0 
574 0.548101 24.403 1.7895 0.00208827 0.000713842 0.00137443 0 0 
575 0.548104 24.4793 1.77855 0.0020883 0.000705135 0.00138316 0 0 
576 0.548106 24.5552 1.76757 0.00208832 0.000696454 0.00139187 0 0 
577 0.548108 24.6305 1.75655 0.00208835 0.0006878 0.00140055 0 0 
578 0.548111 24.7055 1.7455 0.00208838 0.000679175 0.0014092 0 0 
579 0.548113 24.7799 1.73442 0.00208841 0.000670577 0.00141783 0 0 
580 0.548116 24.8539 1.7233 0.00208844 0.000662009 0.00142643 0 0 
581 0.548118 24.9273 1.71215 0.00208846 0.000653471 0.00143499 0 0 
582 0.548121 25.0003 1.70097 0.0020885 0.000644963 0.00144353 0 0 
583 0.548123 25.0729 1.68976 0.00208853 0.000636486 0.00145204 0 0 
584 0.548126 25.1449 1.67851 0.00208856 0.000628041 0.00146052 0 0 
585 0.548128 25.2165 1.66723 0.00208859 0.000619628 0.00146896 0 0 
586 0.548131 25.2875 1.65592 0.00208862 0.000611248 0.00147738 0 0 
587 0.548133 25.3581 1.64457 0.00208866 0.000602902 0.00148576 0 0 
588 0.548136 25.4282 1.6332 0.00208869 0.00059459 0.0014941 0 0 
589 0.548138 25.4978 1.62179 0.00208873 0.000586313 0.00150241 0 0 
590 0.548141 25.5669 1.61035 0.00208876 0.000578072 0.00151069 0 0 
591 0.548144 25.6355 1.59888 0.0020888 0.000569867 0.00151893 0 0 
592 0.548146 25.7037 1.58738 0.00208883 0.000561699 0.00152714 0 0 
593 0.548149 25.7713 1.57585 0.00208887 0.000553568 0.0015353 0 0 
594 0.548151 25.8384 1.56429 0.00208891 0.000545475 0.00154343 0 0 
595 0.548154 25.9051 1.5527 0.00208895 0.000537422 0.00155153 0 0 
596 0.548156 25.9712 1.54108 0.00208899 0.000529407 0.00155958 0 0 
597 0.548159 26.0369 1.52943 0.00208903 0.000521433 0.0015676 0 0 
598 0.548162 26.102 1.51775 0.00208907 0.000513499 0.00157557 0 0 
599 0.548164 26.1666 1.50604 0.00208911 0.000505606 0.0015835 0 0 
600 0.548167 26.2308 1.4943 0.00208915 0.000497755 0.0015914 0 0 
601 0.54817 26.2944 1.48253 0.00208919 0.000489947 0.00159925 0 0 
602 0.548172 26.3575 1.47074 0.00208924 0.000482181 0.00160706 0 0 
603 0.548175 26.4201 1.45891 0.00208928 0.00047446 0.00161482 0 0 
604 0.548177 26.4822 1.44706 0.00208932 0.000466782 0.00162254 0 0 
605 0.54818 26.5438 1.43518 0.00208937 0.000459149 0.00163022 0 0 
606 0.548183 26.6049 1.42327 0.00208941 0.000451562 0.00163785 0 0 
607 0.548185 26.6655 1.41134 0.00208946 0.00044402 0.00164544 0 0 
608 0.548188 26.7256 1.39938 0.00208951 0.000436525 0.00165298 0 0 
609 0.548191 26.7851 1.38739 0.00208955 0.000429078 0.00166048 0 0 
610 0.548193 26.8441 1.37537 0.0020896 0.000421677 0.00166792 0 0 
611 0.548196 26.9026 1.36333 0.00208965 0.000414326 0.00167532 0 0 
612 0.548199 26.9606 1.35126 0.0020897 0.000407023 0.00168268 0 0 
613 0.548201 27.0181 1.33917 0.00208975 0.000399769 0.00168998 0 0 
614 0.548204 27.0751 1.32705 0.0020898 0.000392566 0.00169723 0 0 
615 0.548207 27.1315 1.3149 0.00208985 0.000385412 0.00170444 0 0 
616 0.54821 27.1874 1.30273 0.0020899 0.00037831 0.00171159 0 0 
617 0.548212 27.2428 1.29053 0.00208995 0.00037126 0.00171869 0 0 
618 0.548215 27.2977 1.27831 0.00209 0.000364262 0.00172574 0 0 
619 0.548218 27.352 1.26607 0.00209006 0.000357316 0.00173274 0 0 
620 0.548221 27.4058 1.25379 0.00209011 0.000350424 0.00173969 0 0 
621 0.548223 27.4591 1.2415 0.00209016 0.000343585 0.00174658 0 0 
622 0.548226 27.5118 1.22918 0.00209022 0.000336801 0.00175342 0 0 
623 0.548229 27.5641 1.21684 0.00209027 0.000330072 0.0017602 0 0 
624 0.548232 27.6158 1.20448 0.00209033 0.000323398 0.00176693 0 0 
625 0.548234 27.6669 1.19209 0.00209038 0.000316779 0.0017736 0 0 
626 0.548237 27.7176 1.17968 0.00209044 0.000310217 0.00178022 0 0 
627 0.54824 27.7677 1.16724 0.0020905 0.000303712 0.00178678 0 0 
628 0.548243 27.8172 1.15479 0.00209055 0.000297265 0.00179329 0 0 
629 0.548245 27.8662 1.14231 0.00209061 0.000290875 0.00179974 0 0 
630 0.548248 27.9147 1.12981 0.00209067 0.000284543 0.00180613 0 0 
631 0.548251 27.9627 1.11728 0.00209073 0.00027827 0.00181246 0 0 
632 0.548254 28.0101 1.10474 0.00209079 0.000272057 0.00181873 0 0 
633 0.548257 28.057 1.09217 0.00209085 0.000265903 0.00182494 0 0 
634 0.548259 28.1033 1.07959 0.00209091 0.00025981 0.0018311 0 0 
635 0.548262 28.1491 1.06698 0.00209097 0.000253778 0.00183719 0 0 
636 0.548265 28.1943 1.05435 0.00209103 0.000247806 0.00184322 0 0 
637 0.548268 28.2391 1.0417 0.00209109 0.000241897 0.00184919 0 0 
638 0.548271 28.2832 1.02904 0.00209115 0.000236049 0.0018551 0 0 
639 0.548273 28.3268 1.01635 0.00209122 0.000230264 0.00186095 0 0 
640 0.548276 28.3699 1.00364 0.00209128 0.000224542 0.00186674 0 0 
641 0.548279 28.4124 0.990914 0.00209134 0.000218883 0.00187246 0 0 
642 0.548282 28.4544 0.978169 0.00209141 0.000213289 0.00187812 0 0 
643 0.548285 28.4959 0.965404 0.00209147 0.000207758 0.00188371 0 0 
644 0.548288 28.5367 0.952621 0.00209154 0.000202293 0.00188924 0 0 
645 0.54829 28.5771 0.939819 0.0020916 0.000196893 0.00189471 0 0 
646 0.548293 28.6169 0.926999 0.00209167 0.000191558 0.00190011 0 0 
647 0.548296 28.6561 0.914162 0.00209173 0.000186289 0.00190544 0 0 
648 0.548299 28.6948 0.901307 0.0020918 0.000181086 0.00191071 0 0 
649 0.548302 28.7329 0.888434 0.00209187 0.000175951 0.00191591 0 0 
650 0.548305 28.7705 0.875545 0.00209193 0.000170882 0.00192105 0 0 
651 0.548308 28.8075 0.862638 0.002092 0.000165882 0.00192612 0 0 
652 0.548311 28.844 0.849715 0.00209207 0.000160949 0.00193112 0 0 
653 0.548313 28.8799 0.836776 0.00209214 0.000156084 0.00193605 0 0 
654 0.548316 28.9153 0.82382 0.0020922 0.000151288 0.00194092 0 0 
655 0.548319 28.9501 0.810849 0.00209227 0.000146562 0.00194571 0 0 
656 0.548322 28.9843 0.797862 0.00209234 0.000141904 0.00195044 0 0 
657 0.548325 29.018 0.784859 0.00209241 0.000137317 0.0019551 0 0 
658 0.548328 29.0511 0.771842 0.00209248 0.0001328 0.00195968 0 0 
659 0.548331 29.0837 0.75881 0.00209255 0.000128353 0.0019642 0 0 
660 0.548334 29.1157 0.745763 0.00209262 0.000123977 0.00196865 0 0 
661 0.548337 29.1471 0.732701 0.0020927 0.000119673 0.00197302 0 0 
662 0.54834 29.178 0.719626 0.00209277 0.00011544 0.00197733 0 0 
663 0.548343 29.2083 0.706537 0.00209284 0.000111278 0.00198156 0 0 
664 0.548345 29.2381 0.693434 0.00209291 0.000107189 0.00198572 0 0 
665 0.548348 29.2673 0.680318 0.00209298 0.000103173 0.00198981 0 0 
666 0.548351 29.2959 0.667188 0.00209306 9.92288e-05 0.00199383 0 0 
667 0.548354 29.324 0.654046 0.00209313 9.53581e-05 0.00199777 0 0 
668 0.548357 29.3515 0.640892 0.0020932 9.15608e-05 0.00200164 0 0 
669 0.54836 29.3784 0.627724 0.00209328 8.78373e-05 0.00200544 0 0 
670 0.548363 29.4048 0.614545 0.00209335 8.41877e-05 0.00200916 0 0 
671 0.548366 29.4306 0.601354 0.00209343 8.06123e-05 0.00201281 0 0 
672 0.548369 29.4559 0.588152 0.0020935 7.71115e-05 0.00201639 0 0 
673 0.548372 29.4805 0.574938 0.00209357 7.36856e-05 0.00201989 0 0 
674 0.548375 29.5047 0.561713 0.00209365 7.03347e-05 0.00202331 0 0 
675 0.548378 29.5282 0.548477 0.00209372 6.70591e-05 0.00202667 0 0 
676 0.548381 29.5512 0.535231 0.0020938 6.38591e-05 0.00202994 0 0 
677 0.548384 29.5736 0.521974 0.00209388 6.07349e-05 0.00203314 0 0 
678 0.548387 29.5954 0.508707 0.00209395 5.76868e-05 0.00203627 0 0 
679 0.54839 29.6167 0.495431 0.00209403 5.4715e-05 0.00203931 0 0 
680 0.548393 29.6374 0.482145 0.00209411 5.18198e-05 0.00204229 0 0 
681 0.548395 29.6575 0.468849 0.00209418 4.90013e-05 0.00204518 0 0 
682 0.548398 29.677 0.455545 0.00209426 4.62598e-05 0.002048 0 0 
683 0.548401 29.696 0.442232 0.00209434 4.35954e-05 0.00205074 0 0 
684 0.548404 29.7144 0.42891 0.00209441 4.10085e-05 0.0020534 0 0 
685 0.548407 29.7323 0.41558 0.00209449 3.84991e-05 0.00205599 0 0 
686 0.54841 29.7495 0.402243 0.00209457 3.60676e-05 0.0020585 0 0 
687 0.548413 29.7662 0.388897 0.00209465 3.3714e-05 0.00206093 0 0 
688 0.548416 29.7823 0.375544 0.00209472 3.14385e-05 0.00206329 0 0 
689 0.548419 29.7979 0.362183 0.0020948 2.92414e-05 0.00206556 0 0 
690 0.548422 29.8128 0.348816 0.00209488 2.71228e-05 0.00206776 0 0 
691 0.548425 29.8272 0.335442 0.00209496 2.50828e-05 0.00206988 0 0 
692 0.548428 29.8411 0.322062 0.00209504 2.31216e-05 0.00207192 0 0 
693 0.548431 29.8543 0.308675 0.00209512 2.12395e-05 0.00207388 0 0 
694 0.548434 29.867 0.295282 0.0020952 1.94364e-05 0.00207576 0 0 
695 0.548437 29.8791 0.281884 0.00209528 1.77126e-05 0.00207756 0 0 
696 0.54844 29.8906 0.26848 0.00209536 1.60681e-05 0.00207929 0 0 
697 0.548443 29.9016 0.255071 0.00209544 1.45032e-05 0.00208093 0 0 
698 0.548446 29.9119 0.241657 0.00209551 1.30179e-05 0.0020825 0 0 
699 0.548449 29.9217 0.228239 0.00209559 1.16124e-05 0.00208398 0 0 
700 0.548452 29.9309 0.214816 0.00209567 1.02867e-05 0.00208539 0 0 
701 0.548455 29.9396 0.201389 0.00209575 9.04091e-06 0.00208671 0 0 
702 0.548458 29.9476 0.187958 0.00209583 7.87523e-06 0.00208796 0 0 
703 0.548461 29.9551 0.174524 0.00209591 6.78968e-06 0.00208912 0 0 
704 0.548464 29.9621 0.161086 0.00209599 5.78435e-06 0.00209021 0 0 
705 0.548467 29.9684 0.147645 0.00209608 4.85934e-06 0.00209122 0 0 
706 0.54847 29.9741 0.134201 0.00209616 4.01469e-06 0.00209214 0 0 
707 0.548473 29.9793 0.120755 0.00209624 3.25048e-06 0.00209299 0 0 
708 0.548476 29.9839 0.107306 0.00209632 2.56677e-06 0.00209375 0 0 
709 0.548479 29.988 0.093855 0.0020964 1.96361e-06 0.00209443 0 0 
710 0.548482 29.9914 0.0804024 0.00209648 1.44105e-06 0.00209504 0 0 
711 0.548485 29.9943 0.0669483 0.00209656 9.99124e-07 0.00209556 0 0 
712 0.548488 29.9966 0.0534928 0.00209664 6.3787e-07 0.002096 0 0 
713 0.548491 29.9983 0.0400364 0.00209672 3.57314e-07 0.00209636 0 0 
714 0.548494 29.9994 0.0265791 0.0020968 1.57479e-07 0.00209664 0 0 
715 0.548497 30 0.0131214 0.00209688 3.83795e-08 0.00209684 0 0 
716 0.5485 30 -0.000336627 0.00209696 2.52604e-11 0.00209696 0 0 
717 0.548503 29.9994 -0.0137946 0.00209704 4.2419e-08 0.002097 0 0 
718 0.548506 29.9982 -0.0272524 0.00209712 1.65557e-07 0.00209696 0 0 
719 0.548509 29.9965 -0.0407096 0.0020972 3.69431e-07 0.00209683 0 0 
720 0.548512 29.9942 -0.054166 0.00209728 6.54024e-07 0.00209663 0 0 
721 0.548515 29.9913 -0.0676214 0.00209737 1.01932e-06 0.00209635 0 0 
722 0.548518 29.9878 -0.0810754 0.00209745 1.46528e-06 0.00209598 0 0 
723 0.548521 29.9837 -0.094528 0.00209753 1.99187e-06 0.00209553 0 0 
724 0.548524 29.9791 -0.107979 0.00209761 2.59906e-06 0.00209501 0 0 
725 0.548527 29.9739 -0.121427 0.00209769 3.2868e-06 0.0020944 0 0 
726 0.54853 29.9681 -0.134874 0.00209777 4.05503e-06 0.00209371 0 0 
727 0.548533 29.9617 -0.148317 0.00209785 4.9037e-06 0.00209294 0 0 
728 0.548536 29.9548 -0.161758 0.00209793 5.83274e-06 0.0020921 0 0 
729 0.548539 29.9473 -0.175196 0.00209801 6.84208e-06 0.00209117 0 0 
730 0.548542 29.9392 -0.18863 0.00209809 7.93164e-06 0.00209016 0 0 
731 0.548545 29.9305 -0.202061 0.00209817 9.10133e-06 0.00208907 0 0 
732 0.548548 29.9212 -0.215488 0.00209825 1.03511e-05 0.0020879 0 0 
733 0.548551 29.9114 -0.22891 0.00209833 1.16808e-05 0.00208665 0 0 
734 0.548554 29.901 -0.242329 0.00209841 1.30903e-05 0.00208532 0 0 
735 0.548557 29.89 -0.255742 0.00209849 1.45796e-05 0.00208391 0 0 
736 0.54856 29.8785 -0.269151 0.00209857 1.61485e-05 0.00208242 0 0 
737 0.548563 29.8664 -0.282554 0.00209865 1.77969e-05 0.00208085 0 0 
738 0.548566 29.8537 -0.295952 0.00209873 1.95247e-05 0.0020792 0 0 
739 0.548569 29.8404 -0.309345 0.00209881 2.13317e-05 0.00207748 0 0 
740 0.548572 29.8265 -0.322731 0.00209889 2.32179e-05 0.00207567 0 0 
741 0.548575 29.8121 -0.336111 0.00209897 2.5183e-05 0.00207378 0 0 
742 0.548578 29.7971 -0.349485 0.00209904 2.72269e-05 0.00207182 0 0 
743 0.548581 29.7815 -0.362852 0.00209912 2.93494e-05 0.00206977 0 0 
744 0.548584 29.7654 -0.376212 0.0020992 3.15505e-05 0.00206765 0 0 
745 0.548587 29.7487 -0.389565 0.00209928 3.38298e-05 0.00206545 0 0 
746 0.54859 29.7314 -0.40291 0.00209936 3.61874e-05 0.00206317 0 0 
747 0.548593 29.7135 -0.416248 0.00209944 3.86228e-05 0.00206081 0 0 
748 0.548596 29.6951 -0.429577 0.00209951 4.11361e-05 0.00205838 0 0 
749 0.548599 29.6761 -0.442898 0.00209959 4.37269e-05 0.00205586 0 0 
750 0.548602 29.6565 -0.456211 0.00209967 4.63951e-05 0.00205327 0 0 
751 0.548605 29.6363 -0.469515 0.00209975 4.91405e-05 0.00205061 0 0 
752 0.548608 29.6156 -0.48281 0.00209982 5.19628e-05 0.00204786 0 0 
753 0.548611 29.5943 -0.496095 0.0020999 5.48619e-05 0.00204504 0 0 
754 0.548614 29.5725 -0.509371 0.00209998 5.78375e-05 0.00204214 0 0 
755 0.548617 29.55 -0.522637 0.00210005 6.08894e-05 0.00203916 0 0 
756 0.548619 29.527 -0.535894 0.00210013 6.40174e-05 0.00203611 0 0 
757 0.548622 29.5035 -0.549139 0.0021002 6.72212e-05 0.00203298 0 0 
758 0.548625 29.4793 -0.562375 0.00210028 7.05005e-05 0.00202978 0 0 
759 0.548628 29.4546 -0.575599 0.00210036 7.38552e-05 0.0020265 0 0 
760 0.548631 29.4294 -0.588812 0.00210043 7.72849e-05 0.00202315 0 0 
761 0.548634 29.4035 -0.602014 0.0021005 8.07894e-05 0.00201972 0 0 
762 0.548637 29.3771 -0.615205 0.00210058 8.43685e-05 0.00201621 0 0 
763 0.54864 29.3501 -0.628383 0.00210065 8.80218e-05 0.00201263 0 0 
764 0.548643 29.3226 -0.64155 0.00210073 9.17491e-05 0.00200898 0 0 
765 0.548646 29.2945 -0.654704 0.0021008 9.555e-05 0.00200525 0 0 
766 0.548649 29.2658 -0.667846 0.00210087 9.94244e-05 0.00200145 0 0 
767 0.548652 29.2366 -0.680974 0.00210095 0.000103372 0.00199758 0 0 
768 0.548655 29.2068 -0.69409 0.00210102 0.000107392 0.00199363 0 0 
769 0.548658 29.1765 -0.707192 0.00210109 0.000111485 0.00198961 0 0 
770 0.548661 29.1456 -0.720281 0.00210117 0.00011565 0.00198552 0 0 
771 0.548663 29.1141 -0.733355 0.00210124 0.000119886 0.00198135 0 0 
772 0.548666 29.0821 -0.746416 0.00210131 0.000124194 0.00197711 0 0 
773 0.548669 29.0495 -0.759462 0.00210138 0.000128574 0.00197281 0 0 
774 0.548672 29.0163 -0.772494 0.00210145 0.000133024 0.00196843 0 0 
775 0.548675 28.9826 -0.78551 0.00210152 0.000137545 0.00196398 0 0 
776 0.548678 28.9483 -0.798512 0.00210159 0.000142136 0.00195946 0 0 
777 0.548681 28.9135 -0.811498 0.00210166 0.000146797 0.00195486 0 0 
778 0.548684 28.8781 -0.824469 0.00210173 0.000151527 0.0019502 0 0 
779 0.548687 28.8422 -0.837423 0.0021018 0.000156326 0.00194547 0 0 
780 0.54869 28.8057 -0.850362 0.00210187 0.000161194 0.00194067 0 0 
781 0.548692 28.7686 -0.863284 0.00210194 0.00016613 0.00193581 0 0 
782 0.548695 28.731 -0.87619 0.00210201 0.000171134 0.00193087 0 0 
783 0.548698 28.6929 -0.889079 0.00210207 0.000176206 0.00192587 0 0 
784 0.548701 28.6541 -0.90195 0.00210214 0.000181345 0.00192079 0 0 
785 0.548704 28.6149 -0.914804 0.00210221 0.000186551 0.00191566 0 0 
786 0.548707 28.5751 -0.927641 0.00210227 0.000191823 0.00191045 0 0 
787 0.54871 28.5347 -0.94046 0.00210234 0.000197161 0.00190518 0 0 
788 0.548712 28.4938 -0.953261 0.0021024 0.000202565 0.00189984 0 0 
789 0.548715 28.4523 -0.966043 0.00210247 0.000208034 0.00189444 0 0 
790 0.548718 28.4103 -0.978807 0.00210253 0.000213567 0.00188897 0 0 
791 0.548721 28.3678 -0.991551 0.0021026 0.000219165 0.00188343 0 0 
792 0.548724 28.3247 -1.00428 0.00210266 0.000224827 0.00187784 0 0 
793 0.548727 28.281 -1.01698 0.00210273 0.000230552 0.00187217 0 0 
794 0.54873 28.2368 -1.02967 0.00210279 0.00023634 0.00186645 0 0 
795 0.548732 28.1921 -1.04234 0.00210285 0.000242191 0.00186066 0 0 
796 0.548735 28.1468 -1.05498 0.00210291 0.000248104 0.00185481 0 0 
797 0.548738 28.101 -1.06761 0.00210298 0.000254078 0.0018489 0 0 
798 0.548741 28.0546 -1.08022 0.00210304 0.000260114 0.00184292 0 0 
799 0.548744 28.0077 -1.0928 0.0021031 0.00026621 0.00183689 0 0 
800 0.548746 27.9603 -1.10537 0.00210316 0.000272366 0.00183079 0 0 
801 0.548749 27.9123 -1.11791 0.00210322 0.000278583 0.00182463 0 0 
802 0.548752 27.8638 -1.13043 0.00210328 0.000284858 0.00181842 0 0 
803 0.548755 27.8147 -1.14293 0.00210334 0.000291193 0.00181214 0 0 
804 0.548758 27.7652 -1.15541 0.00210339 0.000297586 0.00180581 0 0 
805 0.54876 27.715 -1.16786 0.00210345 0.000304036 0.00179942 0 0 
806 0.548763 27.6644 -1.1803 0.00210351 0.000310544 0.00179297 0 0 
807 0.548766 27.6132 -1.19271 0.00210357 0.000317109 0.00178646 0 0 
808 0.548769 27.5615 -1.20509 0.00210362 0.00032373 0.00177989 0 0 
809 0.548771 27.5092 -1.21746 0.00210368 0.000330407 0.00177327 0 0 
810 0.548774 27.4564 -1.2298 0.00210373 0.000337139 0.00176659 0 0 
811 0.548777 27.4031 -1.24212 0.00210379 0.000343926 0.00175986 0 0 
812 0.54878 27.3493 -1.25441 0.00210384 0.000350767 0.00175308 0 0 
813 0.548782 27.2949 -1.26668 0.0021039 0.000357662 0.00174623 0 0 
814 0.548785 27.24 -1.27892 0.00210395 0.000364611 0.00173934 0 0 
815 0.548788 27.1846 -1.29114 0.002104 0.000371612 0.00173239 0 0 
816 0.548791 27.1287 -1.30334 0.00210405 0.000378665 0.00172539 0 0 
817 0.548793 27.0722 -1.31551 0.00210411 0.000385769 0.00171834 0 0 
818 0.548796 27.0152 -1.32765 0.00210416 0.000392925 0.00171123 0 0 
819 0.548799 26.9577 -1.33977 0.00210421 0.000400131 0.00170408 0 0 
820 0.548801 26.8997 -1.35186 0.00210426 0.000407387 0.00169687 0 0 
821 0.548804 26.8412 -1.36393 0.00210431 0.000414692 0.00168962 0 0 
822 0.548807 26.7821 -1.37597 0.00210436 0.000422047 0.00168231 0 0 
823 0.548809 26.7226 -1.38799 0.0021044 0.000429449 0.00167496 0 0 
824 0.548812 26.6625 -1.39997 0.00210445 0.000436899 0.00166755 0 0 
825 0.548815 26.6019 -1.41194 0.0021045 0.000444396 0.0016601 0 0 
826 0.548817 26.5408 -1.42387 0.00210455 0.00045194 0.00165261 0 0 
827 0.54882 26.4791 -1.43578 0.00210459 0.00045953 0.00164506 0 0 
828 0.548823 26.417 -1.44765 0.00210464 0.000467165 0.00163747 0 0 
829 0.548825 26.3544 -1.4595 0.00210468 0.000474845 0.00162984 0 0 
830 0.548828 26.2912 -1.47133 0.00210473 0.000482569 0.00162216 0 0 
831 0.548831 26.2276 -1.48312 0.00210477 0.000490336 0.00161443 0 0 
832 0.548833 26.1634 -1.49489 0.00210481 0.000498147 0.00160667 0 0 
833 0.548836 26.0988 -1.50662 0.00210486 0.000506 0.00159886 0 0 
834 0.548838 26.0336 -1.51833 0.0021049 0.000513895 0.001591 0 0 
835 0.548841 25.9679 -1.53001 0.00210494 0.000521831 0.00158311 0 0 
836 0.548844 25.9018 -1.54166 0.00210498 0.000529807 0.00157517 0 0 
837 0.548846 25.8351 -1.55328 0.00210502 0.000537824 0.0015672 0 0 
838 0.548849 25.7679 -1.56487 0.00210506 0.000545879 0.00155918 0 0 
839 0.548851 25.7003 -1.57643 0.0021051 0.000553974 0.00155112 0 0 
840 0.548854 25.6321 -1.58796 0.00210514 0.000562106 0.00154303 0 0 
841 0.548857 25.5635 -1.59946 0.00210517 0.000570276 0.0015349 0 0 
842 0.548859 25.4943 -1.61092 0.00210521 0.000578483 0.00152673 0 0 
843 0.548862 25.4247 -1.62236 0.00210525 0.000586726 0.00151852 0 0 
844 0.548864 25.3546 -1.63377 0.00210528 0.000595005 0.00151028 0 0 
845 0.548867 25.284 -1.64514 0.00210532 0.000603319 0.001502 0 0 
846 0.548869 25.2129 -1.65648 0.00210535 0.000611666 0.00149368 0 0 
847 0.548872 25.1413 -1.66779 0.00210538 0.000620048 0.00148534 0 0 
848 0.548874 25.0692 -1.67907 0.00210542 0.000628462 0.00147696 0 0 
849 0.548877 24.9967 -1.69032 0.00210545 0.000636909 0.00146854 0 0 
850 0.548879 24.9237 -1.70153 0.00210548 0.000645388 0.00146009 0 0 
851 0.548882 24.8502 -1.71271 0.00210551 0.000653897 0.00145162 0 0 
852 0.548884 24.7762 -1.72386 0.00210554 0.000662437 0.00144311 0 0 
853 0.548887 24.7017 -1.73497 0.00210557 0.000671007 0.00143457 0 0 
854 0.548889 24.6268 -1.74606 0.0021056 0.000679605 0.001426 0 0 
855 0.548892 24.5514 -1.7571 0.00210563 0.000688233 0.0014174 0 0 
856 0.548894 24.4755 -1.76812 0.00210566 0.000696888 0.00140877 0 0 
857 0.548897 24.3991 -1.7791 0.00210569 0.000705569 0.00140012 0 0 
858 0.548899 24.3223 -1.79004 0.00210571 0.000714278 0.00139143 0 0 
859 0.548901 24.245 -1.80095 0.00210574 0.000723012 0.00138273 0 0 
860 0.548904 24.1672 -1.81183 0.00210576 0.000731771 0.00137399 0 0 
861 0.548906 24.089 -1.82267 0.00210579 0.000740555 0.00136523 0 0 
862 0.548909 24.0103 -1.83348 0.00210581 0.000749362 0.00135645 0 0 
863 0.548911 23.9312 -1.84425 0.00210583 0.000758192 0.00134764 0 0 
864 0.548914 23.8516 -1.85498 0.00210586 0.000767045 0.00133881 0 0 
865 0.548916 23.7715 -1.86568 0.00210588 0.000775919 0.00132996 0 0 
866 0.548918 23.691 -1.87635 0.0021059 0.000784815 0.00132108 0 0 
867 0.548921 23.61 -1.88698 0.00210592 0.000793731 0.00131219 0 0 
868 0.548923 23.5285 -1.89757 0.00210594 0.000802666 0.00130327 0 0 
869 0.548925 23.4466 -1.90812 0.00210596 0.00081162 0.00129434 0 0 
870 0.548928 23.3643 -1.91864 0.00210598 0.000820593 0.00128538 0 0 
871 0.54893 23.2815 -1.92912 0.00210599 0.000829583 0.00127641 0 0 
872 0.548932 23.1983 -1.93956 0.00210601 0.000838589 0.00126742 0 0 
873 0.548935 23.1146 -1.94997 0.00210603 0.000847612 0.00125841 0 0 
874 0.548937 23.0304 -1.96034 0.00210604 0.000856651 0.00124939 0 0 
875 0.548939 22.9459 -1.97067 0.00210606 0.000865704 0.00124035 0 0 
876 0.548942 22.8608 -1.98097 0.00210607 0.000874772 0.0012313 0 0 
877 0.548944 22.7754 -1.99122 0.00210608 0.000883852 0.00122223 0 0 
878 0.548946 22.6895 -2.00144 0.0021061 0.000892946 0.00121315 0 0 
879 0.548948 22.6031 -2.01162 0.00210611 0.000902051 0.00120406 0 0 
880 0.548951 22.5164 -2.02176 0.00210612 0.000911168 0.00119495 0 0 
881 0.548953 22.4292 -2.03186 0.00210613 0.000920295 0.00118584 0 0 
882 0.548955 22.3415 -2.04192 0.00210614 0.000929432 0.00117671 0 0 
883 0.548957 22.2535 -2.05194 0.00210615 0.000938579 0.00116757 0 0 
884 0.54896 22.165 -2.06192 0.00210616 0.000947733 0.00115843 0 0 
885 0.548962 22.0761 -2.07187 0.00210617 0.000956896 0.00114927 0 0 
886 0.548964 21.9867 -2.08177 0.00210617 0.000966066 0.00114011 0 0 
887 0.548966 21.8969 -2.09163 0.00210618 0.000975242 0.00113094 0 0 
888 0.548968 21.8067 -2.10146 0.00210619 0.000984423 0.00112176 0 0 
889 0.548971 21.7161 -2.11124 0.00210619 0.00099361 0.00111258 0 0 
890 0.548973 21.6251 -2.12098 0.0021062 0.0010028 0.0011034 0 0 
891 0.548975 21.5337 -2.13068 0.0021062 0.00101199 0.0010942 0 0 
892 0.548977 21.4418 -2.14034 0.0021062 0.00102119 0.00108501 0 0 
893 0.548979 21.3495 -2.14996 0.0021062 0.00103039 0.00107581 0 0 
894 0.548981 21.2568 -2.15954 0.00210621 0.00103959 0.00106661 0 0 
895 0.548984 21.1637 -2.16907 0.00210621 0.00104879 0.00105741 0 0 
896 0.548986 21.0702 -2.17857 0.00210621 0.00105799 0.00104821 0 0 
897 0.548988 20.9763 -2.18802 0.00210621 0.00106719 0.00103901 0 0 
898 0.54899 20.882 -2.19743 0.0021062 0.00107639 0.00102981 0 0 
899 0.548992 20.7873 -2.2068 0.0021062 0.00108559 0.00102061 0 0 
900 0.548994 20.6922 -2.21612 0.0021062 0.00109478 0.00101141 0 0 
901 0.548996 20.5967 -2.22541 0.0021062 0.00110398 0.00100222 0 0 
902 0.548998 20.5008 -2.23465 0.00210619 0.00111316 0.00099303 0 0 
903 0.549 20.4045 -2.24384 0.00210619 0.00112234 0.000983844 0 0 
904 0.549002 20.3078 -2.253 0.00210618 0.00113152 0.000974663 0 0 
905 0.549004 20.2107 -2.26211 0.00210617 0.00114069 0.000965487 0 0 
906 0.549006 20.1132 -2.27117 0.00210617 0.00114985 0.000956318 0 0 
907 0.549008 20.0154 -2.2802 0.00210616 0.001159 0.000947156 0 0 
908 0.54901 19.9171 -2.28917 0.00210615 0.00116815 0.000938002 0 0 
909 0.549012 19.8185 -2.29811 0.00210614 0.00117729 0.000928856 0 0 
910 0.549014 19.7195 -2.307 0.00210613 0.00118641 0.00091972 0 0 
911 0.549016 19.6201 -2.31585 0.00210612 0.00119553 0.000910593 0 0 
912 0.549018 19.5203 -2.32465 0.00210611 0.00120463 0.000901477 0 0 
913 0.54902 19.4202 -2.3334 0.0021061 0.00121373 0.000892373 0 0 
914 0.549022 19.3196 -2.34212 0.00210609 0.00122281 0.00088328 0 0 
915 0.549024 19.2188 -2.35078 0.00210607 0.00123187 0.0008742 0 0 
916 0.549026 19.1175 -2.3594 0.00210606 0.00124092 0.000865134 0 0 
917 0.549028 19.0159 -2.36798 0.00210604 0.00124996 0.000856081 0 0 
918 0.54903 18.9139 -2.37651 0.00210603 0.00125898 0.000847044 0 0 
919 0.549032 18.8115 -2.385 0.00210601 0.00126799 0.000838022 0 0 
920 0.549034 18.7088 -2.39343 0.002106 0.00127698 0.000829016 0 0 
921 0.549035 18.6057 -2.40183 0.00210598 0.00128595 0.000820027 0 0 
922 0.549037 18.5023 -2.41017 0.00210596 0.0012949 0.000811056 0 0 
923 0.549039 18.3985 -2.41847 0.00210594 0.00130384 0.000802103 0 0 
924 0.549041 18.2943 -2.42673 0.00210592 0.00131275 0.000793169 0 0 
925 0.549043 18.1898 -2.43493 0.0021059 0.00132165 0.000784254 0 0 
926 0.549045 18.085 -2.44309 0.00210588 0.00133052 0.00077536 0 0 
927 0.549046 17.9797 -2.45121 0.00210586 0.00133937 0.000766487 0 0 
928 0.549048 17.8742 -2.45927 0.00210584 0.0013482 0.000757636 0 0 
929 0.54905 17.7683 -2.46729 0.00210581 0.00135701 0.000748807 0 0 
930 0.549052 17.6621 -2.47526 0.00210579 0.00136579 0.000740001 0 0 
931 0.549054 17.5555 -2.48319 0.00210576 0.00137455 0.000731219 0 0 
932 0.549055 17.4486 -2.49106 0.00210574 0.00138328 0.000722462 0 0 
933 0.549057 17.3413 -2.49889 0.00210571 0.00139198 0.000713729 0 0 
934 0.549059 17.2338 -2.50667 0.00210569 0.00140066 0.000705022 0 0 
935 0.54906 17.1258 -2.5144 0.00210566 0.00140932 0.000696342 0 0 
936 0.549062 17.0176 -2.52208 0.00210563 0.00141794 0.000687689 0 0 
937 0.549064 16.909 -2.52972 0.0021056 0.00142654 0.000679064 0 0 
938 0.549066 16.8001 -2.5373 0.00210557 0.00143511 0.000670467 0 0 
939 0.549067 16.6909 -2.54484 0.00210554 0.00144365 0.000661899 0 0 
940 0.549069 16.5814 -2.55232 0.00210551 0.00145215 0.000653361 0 0 
941 0.549071 16.4715 -2.55976 0.00210548 0.00146063 0.000644853 0 0 
942 0.549072 16.3613 -2.56715 0.00210545 0.00146907 0.000636377 0 0 
943 0.549074 16.2508 -2.57449 0.00210542 0.00147749 0.000627932 0 0 
944 0.549076 16.14 -2.58178 0.00210539 0.00148587 0.00061952 0 0 
945 0.549077 16.0289 -2.58902 0.00210535 0.00149421 0.00061114 0 0 
946 0.549079 15.9175 -2.59621 0.00210532 0.00150252 0.000602795 0 0 
947 0.54908 15.8058 -2.60335 0.00210528 0.0015108 0.000594483 0 0 
948 0.549082 15.6937 -2.61044 0.00210525 0.00151904 0.000586207 0 0 
949 0.549083 15.5814 -2.61748 0.00210521 0.00152725 0.000577966 0 0 
950 0.549085 15.4687 -2.62447 0.00210518 0.00153541 0.000569762 0 0 
951 0.549087 15.3558 -2.63141 0.00210514 0.00154354 0.000561594 0 0 
952 0.549088 15.2426 -2.6383 0.0021051 0.00155164 0.000553464 0 0 
953 0.54909 15.129 -2.64514 0.00210506 0.00155969 0.000545372 0 0 
954 0.549091 15.0152 -2.65193 0.00210502 0.0015677 0.000537319 0 0 
955 0.549093 14.9011 -2.65866 0.00210498 0.00157568 0.000529305 0 0 
956 0.549094 14.7867 -2.66535 0.00210494 0.00158361 0.000521331 0 0 
957 0.549096 14.6721 -2.67198 0.0021049 0.0015915 0.000513397 0 0 
958 0.549097 14.5571 -2.67856 0.00210486 0.00159935 0.000505505 0 0 
959 0.549099 14.4419 -2.68509 0.00210482 0.00160716 0.000497655 0 0 
960 0.5491 14.3263 -2.69157 0.00210477 0.00161493 0.000489847 0 0 
961 0.549101 14.2105 -2.698 0.00210473 0.00162265 0.000482082 0 0 
962 0.549103 14.0945 -2.70437 0.00210468 0.00163032 0.000474361 0 0 
963 0.549104 13.9781 -2.7107 0.00210464 0.00163796 0.000466684 0 0 
964 0.549106 13.8615 -2.71697 0.00210459 0.00164554 0.000459052 0 0 
965 0.549107 13.7447 -2.72318 0.00210455 0.00165308 0.000451465 0 0 
966 0.549108 13.6275 -2.72935 0.0021045 0.00166058 0.000443924 0 0 
967 0.54911 13.5101 -2.73546 0.00210446 0.00166803 0.00043643 0 0 
968 0.549111 13.3925 -2.74152 0.00210441 0.00167542 0.000428983 0 0 
969 0.549112 13.2745 -2.74753 0.00210436 0.00168278 0.000421583 0 0 
970 0.549114 13.1564 -2.75349 0.00210431 0.00169008 0.000414232 0 0 
971 0.549115 13.0379 -2.75939 0.00210426 0.00169733 0.00040693 0 0 
972 0.549116 12.9192 -2.76524 0.00210421 0.00170453 0.000399677 0 0 
973 0.549118 12.8003 -2.77103 0.00210416 0.00171169 0.000392474 0 0 
974 0.549119 12.6811 -2.77678 0.00210411 0.00171879 0.000385322 0 0 
975 0.54912 12.5617 -2.78246 0.00210406 0.00172584 0.00037822 0 0 
976 0.549122 12.4421 -2.7881 0.00210401 0.00173284 0.00037117 0 0 
977 0.549123 12.3222 -2.79368 0.00210395 0.00173978 0.000364173 0 0 
978 0.549124 12.202 -2.79921 0.0021039 0.00174667 0.000357228 0 0 
979 0.549125 12.0817 -2.80468 0.00210385 0.00175351 0.000350336 0 0 
980 0.549126 11.961 -2.8101 0.00210379 0.00176029 0.000343499 0 0 
981 0.549128 11.8402 -2.81547 0.00210374 0.00176702 0.000336715 0 0 
982 0.549129 11.7191 -2.82078 0.00210368 0.0017737 0.000329986 0 0 
983 0.54913 11.5979 -2.82604 0.00210363 0.00178031 0.000323313 0 0 
984 0.549131 11.4763 -2.83124 0.00210357 0.00178687 0.000316695 0 0 
985 0.549132 11.3546 -2.83639 0.00210351 0.00179338 0.000310134 0 0 
986 0.549133 11.2327 -2.84148 0.00210346 0.00179983 0.00030363 0 0 
987 0.549135 11.1105 -2.84652 0.0021034 0.00180622 0.000297183 0 0 
988 0.549136 10.9881 -2.8515 0.00210334 0.00181255 0.000290794 0 0 
989 0.549137 10.8655 -2.85643 0.00210328 0.00181882 0.000284463 0 0 
990 0.549138 10.7427 -2.86131 0.00210322 0.00182503 0.000278191 0 0 
991 0.549139 10.6197 -2.86613 0.00210316 0.00183118 0.000271978 0 0 
992 0.54914 10.4965 -2.87089 0.0021031 0.00183728 0.000265826 0 0 
993 0.549141 10.3731 -2.8756 0.00210304 0.00184331 0.000259733 0 0 
994 0.549142 10.2495 -2.88025 0.00210298 0.00184928 0.000253701 0 0 
995 0.549143 10.1256 -2.88485 0.00210292 0.00185519 0.000247731 0 0 
996 0.549144 10.0016 -2.88939 0.00210286 0.00186103 0.000241822 0 0 
997 0.549145 9.87744 -2.89388 0.00210279 0.00186682 0.000235975 0 0 
998 0.549146 9.75305 -2.89831 0.00210273 0.00187254 0.000230191 0 0 
999 0.549147 9.62847 -2.90269 0.00210267 0.0018782 0.00022447 0 0 
1000 0.549148 9.5037 -2.90701 0.0021026 0.00188379 0.000218812 0 0 
1001 0.549149 9.37875 -2.91127 0.00210254 0.00188932 0.000213218 0 0 
1002 0.54915 9.25363 -2.91548 0.00210247 0.00189479 0.000207689 0 0 
1003 0.549151 9.12832 -2.91963 0.00210241 0.00190018 0.000202224 0 0 
1004 0.549152 9.00284 -2.92372 0.00210234 0.00190552 0.000196824 0 0 
1005 0.549153 8.87718 -2.92776 0.00210228 0.00191079 0.00019149 0 0 
1006 0.549154 8.75136 -2.93174 0.00210221 0.00191599 0.000186222 0 0 
1007 0.549154 8.62536 -2.93567 0.00210214 0.00192112 0.000181021 0 0 
1008 0.549155 8.4992 -2.93954 0.00210208 0.00192619 0.000175886 0 0 
1009 0.549156 8.37288 -2.94335 0.00210201 0.00193119 0.000170819 0 0 
1010 0.549157 8.24639 -2.94711 0.00210194 0.00193612 0.000165819 0 0 
1011 0.549158 8.11975 -2.95081 0.00210187 0.00194099 0.000160887 0 0 
1012 0.549159 7.99295 -2.95445 0.0021018 0.00194578 0.000156023 0 0 
1013 0.549159 7.866 -2.95804 0.00210174 0.00195051 0.000151228 0 0 
1014 0.54916 7.73889 -2.96156 0.00210167 0.00195516 0.000146502 0 0 
1015 0.549161 7.61163 -2.96504 0.0021016 0.00195975 0.000141846 0 0 
1016 0.549162 7.48423 -2.96845 0.00210153 0.00196427 0.000137259 0 0 
1017 0.549162 7.35669 -2.97181 0.00210146 0.00196871 0.000132743 0 0 
1018 0.549163 7.229 -2.97511 0.00210138 0.00197309 0.000128297 0 0 
1019 0.549164 7.10117 -2.97835 0.00210131 0.00197739 0.000123922 0 0 
1020 0.549165 6.97321 -2.98154 0.00210124 0.00198162 0.000119619 0 0 
1021 0.549165 6.84511 -2.98466 0.00210117 0.00198578 0.000115386 0 0 
1022 0.549166 6.71689 -2.98774 0.0021011 0.00198987 0.000111226 0 0 
1023 0.549167 6.58853 -2.99075 0.00210103 0.00199389 0.000107138 0 0 
1024 0.549167 6.46004 -2.9937 0.00210095 0.00199783 0.000103122 0 0 
1025 0.549168 6.33143 -2.9966 0.00210088 0.0020017 9.91795e-05 0 0 
1026 0.549169 6.2027 -2.99944 0.00210081 0.0020055 9.53097e-05 0 0 
1027 0.549169 6.07385 -3.00223 0.00210073 0.00200922 9.15134e-05 0 0 
1028 0.54917 5.94488 -3.00495 0.00210066 0.00201287 8.77907e-05 0 0 
1029 0.54917 5.8158 -3.00762 0.00210058 0.00201644 8.41421e-05 0 0 
1030 0.549171 5.68661 -3.01023 0.00210051 0.00201994 8.05677e-05 0 0 
1031 0.549172 5.5573 -3.01278 0.00210043 0.00202337 7.70679e-05 0 0 
1032 0.549172 5.42789 -3.01527 0.00210036 0.00202672 7.36428e-05 0 0 
1033 0.549173 5.29838 -3.0177 0.00210028 0.00202999 7.02929e-05 0 0 
1034 0.549173 5.16876 -3.02008 0.00210021 0.00203319 6.70183e-05 0 0 
1035 0.549174 5.03904 -3.0224 0.00210013 0.00203631 6.38192e-05 0 0 
1036 0.549174 4.90923 -3.02466 0.00210006 0.00203936 6.0696e-05 0 0 
1037 0.549175 4.77932 -3.02686 0.00209998 0.00204233 5.76489e-05 0 0 
1038 0.549175 4.64932 -3.02901 0.0020999 0.00204523 5.46781e-05 0 0 
1039 0.549176 4.51923 -3.03109 0.00209983 0.00204804 5.17838e-05 0 0 
1040 0.549176 4.38905 -3.03312 0.00209975 0.00205078 4.89663e-05 0 0 
1041 0.549177 4.25879 -3.03509 0.00209967 0.00205345 4.62258e-05 0 0 
1042 0.549177 4.12845 -3.037 0.0020996 0.00205603 4.35624e-05 0 0 
1043 0.549177 3.99803 -3.03885 0.00209952 0.00205854 4.09764e-05 0 0 
1044 0.549178 3.86753 -3.04065 0.00209944 0.00206097 3.84681e-05 0 0 
1045 0.549178 3.73695 -3.04238 0.00209936 0.00206333 3.60375e-05 0 0 
1046 0.549179 3.60631 -3.04406 0.00209928 0.0020656 3.36849e-05 0 0 
1047 0.549179 3.47559 -3.04567 0.00209921 0.0020678 3.14104e-05 0 0 
1048 0.549179 3.34481 -3.04723 0.00209913 0.00206991 2.92143e-05 0 0 
1049 0.54918 3.21396 -3.04873 0.00209905 0.00207195 2.70966e-05 0 0 
1050 0.54918 3.08305 -3.05018 0.00209897 0.00207391 2.50577e-05 0 0 
1051 0.54918 2.95208 -3.05156 0.00209889 0.00207579 2.30975e-05 0 0 
1052 0.549181 2.82106 -3.05288 0.00209881 0.0020776 2.12163e-05 0 0 
1053 0.549181 2.68998 -3.05415 0.00209873 0.00207932 1.94142e-05 0 0 
1054 0.549181 2.55885 -3.05536 0.00209865 0.00208096 1.76914e-05 0 0 
1055 0.549181 2.42767 -3.0565 0.00209857 0.00208253 1.6048e-05 0 0 
1056 0.549182 2.29644 -3.05759 0.00209849 0.00208401 1.44841e-05 0 0 
1057 0.549182 2.16517 -3.05862 0.00209841 0.00208541 1.29998e-05 0 0 
1058 0.549182 2.03386 -3.05959 0.00209833 0.00208674 1.15952e-05 0 0 
1059 0.549182 1.9025 -3.06051 0.00209825 0.00208798 1.02705e-05 0 0 
1060 0.549182 1.77112 -3.06136 0.00209817 0.00208915 9.0258e-06 0 0 
1061 0.549183 1.63969 -3.06215 0.00209809 0.00209023 7.86112e-06 0 0 
1062 0.549183 1.50824 -3.06289 0.00209801 0.00209124 6.77658e-06 0 0 
1063 0.549183 1.37675 -3.06357 0.00209793 0.00209216 5.77226e-06 0 0 
1064 0.549183 1.24524 -3.06418 0.00209785 0.00209301 4.84825e-06 0 0 
1065 0.549183 1.11371 -3.06474 0.00209777 0.00209377 4.00462e-06 0 0 
1066 0.549183 0.982155 -3.06524 0.00209769 0.00209445 3.24142e-06 0 0 
1067 0.549183 0.85058 -3.06568 0.00209761 0.00209505 2.55872e-06 0 0 
1068 0.549183 0.71899 -3.06606 0.00209753 0.00209558 1.95657e-06 0 0 
1069 0.549184 0.587385 -3.06639 0.00209745 0.00209602 1.43502e-06 0 0 
1070 0.549184 0.455769 -3.06665 0.00209737 0.00209638 9.94103e-07 0 0 
1071 0.549184 0.324144 -3.06685 0.00209729 0.00209666 6.33859e-07 0 0 
1072 0.549184 0.192514 -3.067 0.00209721 0.00209685 3.54315e-07 0 0 
1073 0.549184 0.060879 -3.06709 0.00209713 0.00209697 1.5549e-07 0 0 
1074 0.549184 -0.0707568 -3.06711 0.00209705 0.00209701 3.7401e-08 0 0 
1075 0.549184 -0.202391 -3.06708 0.00209697 0.00209697 5.68355e-11 0 0 
1076 0.549184 -0.334022 -3.06699 0.00209689 0.00209684 4.34602e-08 0 0 
1077 0.549184 -0.465646 -3.06684 0.00209681 0.00209664 1.67608e-07 0 0 
1078 0.549184 -0.597261 -3.06663 0.00209672 0.00209635 3.7249e-07 0 0 
1079 0.549184 -0.728865 -3.06636 0.00209664 0.00209599 6.58092e-07 0 0 
1080 0.549183 -0.860454 -3.06604 0.00209656 0.00209554 1.02439e-06 0 0 
1081 0.549183 -0.992027 -3.06565 0.00209648 0.00209501 1.47136e-06 0 0 
1082 0.549183 -1.12358 -3.06521 0.0020964 0.0020944 1.99896e-06 0 0 
1083 0.549183 -1.25511 -3.0647 0.00209632 0.00209371 2.60715e-06 0 0 
1084 0.549183 -1.38662 -3.06414 0.00209624 0.00209294 3.29589e-06 0 0 
1085 0.549183 -1.5181 -3.06352 0.00209616 0.0020921 4.06513e-06 0 0 
1086 0.549183 -1.64956 -3.06284 0.00209608 0.00209117 4.9148e-06 0 0 
1087 0.549183 -1.78098 -3.0621 0.002096 0.00209015 5.84484e-06 0 0 
1088 0.549182 -1.91236 -3.0613 0.00209592 0.00208906 6.85518e-06 0 0 
1089 0.549182 -2.04371 -3.06044 0.00209584 0.00208789 7.94573e-06 0 0 
1090 0.549182 -2.17502 -3.05952 0.00209576 0.00208664 9.11642e-06 0 0 
1091 0.549182 -2.30629 -3.05855 0.00209568 0.00208531 1.03672e-05 0 0 
1092 0.549182 -2.43751 -3.05751 0.0020956 0.0020839 1.16978e-05 0 0 
1093 0.549181 -2.56869 -3.05642 0.00209552 0.00208241 1.31084e-05 0 0 
1094 0.549181 -2.69982 -3.05527 0.00209544 0.00208084 1.45987e-05 0 0 
1095 0.549181 -2.83089 -3.05406 0.00209536 0.00207919 1.61685e-05 0 0 
1096 0.549181 -2.96191 -3.05279 0.00209528 0.00207746 1.78179e-05 0 0 
1097 0.54918 -3.09288 -3.05146 0.0020952 0.00207566 1.95467e-05 0 0 
1098 0.54918 -3.22378 -3.05007 0.00209512 0.00207377 2.13547e-05 0 0 
1099 0.54918 -3.35462 -3.04862 0.00209504 0.0020718 2.32419e-05 0 0 
1100 0.549179 -3.4854 -3.04712 0.00209497 0.00206976 2.52079e-05 0 0 
1101 0.549179 -3.61611 -3.04555 0.00209489 0.00206763 2.72528e-05 0 0 
1102 0.549179 -3.74675 -3.04393 0.00209481 0.00206543 2.93763e-05 0 0 
1103 0.549178 -3.87732 -3.04225 0.00209473 0.00206315 3.15784e-05 0 0 
1104 0.549178 -4.00782 -3.04051 0.00209465 0.00206079 3.38587e-05 0 0 
1105 0.549177 -4.13823 -3.03871 0.00209457 0.00205836 3.62172e-05 0 0 
1106 0.549177 -4.26857 -3.03686 0.0020945 0.00205584 3.86536e-05 0 0 
1107 0.549177 -4.39882 -3.03494 0.00209442 0.00205325 4.11678e-05 0 0 
1108 0.549176 -4.529 -3.03297 0.00209434 0.00205058 4.37596e-05 0 0 
1109 0.549176 -4.65908 -3.03094 0.00209426 0.00204783 4.64287e-05 0 0 
1110 0.549175 -4.78907 -3.02885 0.00209419 0.00204501 4.91751e-05 0 0 
1111 0.549175 -4.91897 -3.0267 0.00209411 0.00204211 5.19983e-05 0 0 
1112 0.549174 -5.04878 -3.02449 0.00209403 0.00203913 5.48984e-05 0 0 
1113 0.549174 -5.17849 -3.02223 0.00209396 0.00203608 5.78749e-05 0 0 
1114 0.549173 -5.3081 -3.01991 0.00209388 0.00203295 6.09278e-05 0 0 
1115 0.549173 -5.43761 -3.01752 0.00209381 0.00202975 6.40567e-05 0 0 
1116 0.549172 -5.56701 -3.01508 0.00209373 0.00202647 6.72614e-05 0 0 
1117 0.549172 -5.6963 -3.01259 0.00209365 0.00202311 7.05417e-05 0 0 
1118 0.549171 -5.82549 -3.01003 0.00209358 0.00201968 7.38972e-05 0 0 
1119 0.54917 -5.95456 -3.00742 0.0020935 0.00201618 7.73279e-05 0 0 
1120 0.54917 -6.08352 -3.00475 0.00209343 0.0020126 8.08333e-05 0 0 
1121 0.549169 -6.21237 -3.00202 0.00209336 0.00200894 8.44133e-05 0 0 
1122 0.549169 -6.34109 -2.99923 0.00209328 0.00200521 8.80675e-05 0 0 
1123 0.549168 -6.46969 -2.99639 0.00209321 0.00200141 9.17957e-05 0 0 
1124 0.549167 -6.59816 -2.99348 0.00209313 0.00199754 9.55976e-05 0 0 
1125 0.549167 -6.72651 -2.99052 0.00209306 0.00199359 9.94728e-05 0 0 
1126 0.549166 -6.85473 -2.98751 0.00209299 0.00198957 0.000103421 0 0 
1127 0.549165 -6.98282 -2.98443 0.00209292 0.00198547 0.000107442 0 0 
1128 0.549165 -7.11077 -2.9813 0.00209284 0.00198131 0.000111536 0 0 
1129 0.549164 -7.23859 -2.97811 0.00209277 0.00197707 0.000115702 0 0 
1130 0.549163 -7.36626 -2.97486 0.0020927 0.00197276 0.000119939 0 0 
1131 0.549162 -7.4938 -2.97156 0.00209263 0.00196838 0.000124248 0 0 
1132 0.549162 -7.62119 -2.9682 0.00209256 0.00196393 0.000128629 0 0 
1133 0.549161 -7.74843 -2.96478 0.00209249 0.00195941 0.00013308 0 0 
1134 0.54916 -7.87553 -2.9613 0.00209242 0.00195482 0.000137601 0 0 
1135 0.549159 -8.00247 -2.95777 0.00209235 0.00195015 0.000142193 0 0 
1136 0.549159 -8.12926 -2.95418 0.00209228 0.00194542 0.000146855 0 0 
1137 0.549158 -8.25589 -2.95053 0.00209221 0.00194062 0.000151586 0 0 
1138 0.549157 -8.38236 -2.94683 0.00209214 0.00193575 0.000156386 0 0 
1139 0.549156 -8.50868 -2.94307 0.00209207 0.00193082 0.000161254 0 0 
1140 0.549155 -8.63482 -2.93925 0.002092 0.00192581 0.000166191 0 0 
1141 0.549154 -8.76081 -2.93538 0.00209194 0.00192074 0.000171197 0 0 
1142 0.549153 -8.88662 -2.93145 0.00209187 0.0019156 0.000176269 0 0 
1143 0.549153 -9.01226 -2.92746 0.0020918 0.00191039 0.000181409 0 0 
1144 0.549152 -9.13773 -2.92342 0.00209174 0.00190512 0.000186615 0 0 
1145 0.549151 -9.26302 -2.91932 0.00209167 0.00189978 0.000191888 0 0 
1146 0.54915 -9.38814 -2.91516 0.0020916 0.00189438 0.000197227 0 0 
1147 0.549149 -9.51307 -2.91095 0.00209154 0.00188891 0.000202632 0 0 
1148 0.549148 -9.63782 -2.90668 0.00209147 0.00188337 0.000208101 0 0 
1149 0.549147 -9.76239 -2.90236 0.00209141 0.00187777 0.000213636 0 0 
1150 0.549146 -9.88676 -2.89798 0.00209135 0.00187211 0.000219234 0 0 
1151 0.549145 -10.0109 -2.89355 0.00209128 0.00186639 0.000224897 0 0 
full duration of calculation: 0.015 sec
