0.5482 -27.112 0.00040374 0.002097 0.00250074 1.3458 
0.547958 -19.0041 0.00131899 0.00171269 0.00303169 2.43249 
0.54782 -7.23728 0.00207483 0.000841493 0.00291632 3.05085 
0.547813 5.92295 0.00211717 0.000122041 0.00223921 3.08182 
0.547938 17.9428 0.00141498 8.17395e-05 0.00149672 2.51944 
0.548172 26.5081 0.000483003 0.000750131 0.00123313 1.47199 
0.548469 29.9698 4.4401e-06 0.00163725 0.00164169 0.141132 
0.548771 27.6612 0.000330102 0.00209277 0.00242288 -1.2169 
0.549022 20.0271 0.00122126 0.00178279 0.00300405 -2.34063 
0.549172 8.53701 0.00202464 0.000934523 0.00295916 -3.01372 
0.549193 -4.59668 0.00215132 0.000169812 0.00232113 -3.10658 
0.54908 -16.8454 0.00150843 4.92316e-05 0.00155766 -2.60131 
0.548856 -25.8508 0.000567252 0.000661175 0.00122843 -1.59521 
0.548563 -29.8791 1.77246e-05 0.00155705 0.00157478 -0.28198 
0.548258 -28.1547 0.000262684 0.00208013 0.00234281 1.08554 
0.548 -21.0096 0.00112256 0.00184696 0.00296952 2.24406 
0.547838 -9.81954 0.00196701 0.00102847 0.00299548 2.97052 
0.547803 3.26114 0.00217701 0.000224666 0.00240167 3.12507 
0.547903 15.7139 0.0015986 2.47796e-05 0.00162338 2.67794 
0.548118 25.1413 0.000655809 0.000575342 0.00123115 1.71521 
0.548406 29.7281 3.97464e-05 0.00147276 0.0015125 0.422259 
0.548712 28.5914 0.000202027 0.00205917 0.00226119 -0.951995 
0.548978 21.9498 0.00102369 0.0019047 0.00292839 -2.14296 
0.549151 11.0823 0.00190241 0.00112258 0.00302499 -2.92133 
0.549199 -1.91902 0.00219402 0.000286162 0.00248019 -3.13726 
0.549113 -14.5508 0.00168477 8.58053e-06 0.00169335 -2.74916 
0.548908 -24.3811 0.000747959 0.000493322 0.00124128 -1.83176 
0.548625 -29.5173 7.0328e-05 0.00138504 0.00145537 -0.561686 
0.548318 -28.9704 0.000148623 0.00203006 0.00217868 0.81653 
0.548046 -22.8458 0.000925448 0.00195553 0.00288098 2.03754 
0.547861 -12.3226 0.00183134 0.0012161 0.00304744 2.86625 
0.547799 0.573031 0.00220224 0.000353804 0.00255604 3.14312 
0.547873 13.3584 0.00176624 7.65091e-07 0.001767 2.81484 
0.548067 23.5718 0.000842959 0.000415779 0.00125874 1.94461 
0.548344 29.2469 0.000109223 0.00129462 0.00140384 0.699981 
0.548651 29.291 0.0001029 0.00199303 0.00209593 -0.679418 
0.54893 23.6957 0.000828625 0.00199905 0.00282768 -1.92801 
0.549125 13.5382 0.0017544 0.00130826 0.00306266 -2.80539 
0.549201 0.774111 0.00220157 0.000427046 0.00262862 -3.14265 
0.549141 -12.139 0.00184234 1.39625e-06 0.00184374 -2.87485 
0.548958 -22.7149 0.000940043 0.000343336 0.00128338 -2.05354 
0.548687 -28.9175 0.000156117 0.0012022 0.00135832 -0.836864 
0.548379 -29.5525 6.52279e-05 0.0019484 0.00201362 0.540936 
0.548095 -24.4978 0.000734003 0.00203491 0.00276891 1.81459 
0.547889 -14.7264 0.00167219 0.00139833 0.00307052 2.73888 
0.547801 -2.11969 0.00219204 0.000505298 0.00269734 3.13584 
0.547847 10.8951 0.00191247 1.04689e-05 0.00192294 2.92905 
0.548019 21.8122 0.00103843 0.000276579 0.00131501 2.15833 
0.548283 28.5298 0.000210633 0.00110855 0.00131919 0.97206 
0.548589 29.7545 3.59102e-05 0.00189651 0.00193242 -0.401364 
0.548878 25.2505 0.000642343 0.00206282 0.00270516 -1.69751 
0.549094 15.8849 0.00158538 0.00148558 0.00307095 -2.66684 
0.549196 3.461 0.00217372 0.00058793 0.00276165 -3.12271 
0.549164 -9.62926 0.00197607 2.791e-05 0.00200398 -2.97736 
0.549004 -20.8656 0.00113732 0.000216044 0.00135337 -2.25877 
0.548746 -28.0846 0.000272332 0.00101442 0.00128675 -1.1053 
0.548442 -29.8964 1.51832e-05 0.00183778 0.00185296 0.260982 
0.548148 -25.9522 0.000554385 0.00208255 0.00263693 1.57701 
0.547923 -17.0114 0.00149467 0.0015693 0.00306397 2.58942 
0.547808 -4.79533 0.00214675 0.000674274 0.00282103 3.10328 
0.547827 8.34401 0.00203262 5.35788e-05 0.00208619 3.01965 
0.547975 19.8769 0.00123593 0.00016222 0.00139815 2.35465 
0.548224 27.5828 0.000340715 0.000920558 0.00126127 1.2363 
0.548527 29.9781 3.21394e-06 0.00177269 0.0017759 -0.120074 
0.548824 26.6017 0.000470837 0.00209394 0.00256478 -1.45333 
0.549059 18.1036 0.00140079 0.00164883 0.00304961 -2.50678 
0.549186 6.11999 0.00211136 0.000763636 0.00287499 -3.07759 
0.549181 -7.04193 0.00208165 8.72684e-05 0.00216892 -3.05586 
0.549045 -18.848 0.00133345 0.000115542 0.001449 -2.44579 
0.548804 -27.0253 0.000415231 0.00082773 0.00124296 -1.36482 
0.548505 -29.9993 9.90215e-08 0.00170176 0.00170185 -0.0210763 
0.548204 -27.1975 0.000392375 0.00209691 0.00248928 1.32672 
0.547961 -19.1593 0.0013045 0.00172351 0.00302801 2.41908 
0.547821 -7.4323 0.00206782 0.000855293 0.00292312 3.04569 
0.547812 5.72565 0.00212279 0.000128707 0.0022515 3.08591 
0.547936 17.7812 0.00142911 7.63845e-05 0.00150549 2.53199 
0.548168 26.4133 0.00049528 0.000736681 0.00123196 1.49058 
0.548464 29.9601 5.8635e-06 0.00162556 0.00163142 0.162184 
0.548767 27.7385 0.000319629 0.00209142 0.00241105 -1.19744 
0.549019 20.1764 0.00120657 0.00179276 0.00299932 -2.32651 
0.54917 8.72964 0.0020165 0.000948509 0.00296501 -3.00766 
0.549193 -4.39782 0.0021557 0.000177561 0.00233326 -3.10974 
0.549082 -16.6786 0.00152212 4.50641e-05 0.00156718 -2.61309 
0.54886 -25.7481 0.000580216 0.000648146 0.00122836 -1.61334 
0.548568 -29.8604 2.04609e-05 0.00154471 0.00156517 -0.302965 
0.548262 -28.2235 0.000253186 0.00207752 0.00233071 1.06574 
0.548003 -21.1527 0.00110779 0.001856 0.00296379 2.22925 
0.547839 -10.0094 0.0019578 0.00104253 0.00300033 2.96356 
0.547803 3.06113 0.0021801 0.000233437 0.00241354 3.12729 
0.547901 15.5422 0.00161174 2.18332e-05 0.00163357 2.68891 
0.548114 25.031 0.000669355 0.000562838 0.00123219 1.73284 
0.548401 29.7005 4.37736e-05 0.00145986 0.00150364 0.443134 
0.548708 28.6516 0.000193583 0.00205533 0.00224892 -0.931887 
0.548974 22.0864 0.00100896 0.00191273 0.0029217 -2.12749 
0.549149 11.2689 0.00189219 0.0011366 0.00302879 -2.91348 
0.5492 -1.71826 0.00219581 0.000295883 0.00249169 -3.13854 
0.549115 -14.3746 0.00169725 6.87912e-06 0.00170413 -2.75932 
0.548912 -24.2634 0.000761979 0.000481446 0.00124342 -1.84885 
0.54863 -29.4807 7.56135e-05 0.0013717 0.00144731 -0.582411 
0.548323 -29.022 0.000141299 0.00202503 0.00216633 0.796159 
0.548049 -22.9756 0.000910884 0.0019625 0.00287339 2.02144 
0.547863 -12.5057 0.00182022 0.00122996 0.00305018 2.85753 
0.547799 0.371926 0.0022027 0.000364396 0.0025671 3.14346 
0.54787 13.178 0.00177795 3.22307e-07 0.00177828 2.82416 
0.548063 23.4468 0.000857339 0.000404626 0.00126196 1.96113 
0.548339 29.2014 0.000115724 0.00128093 0.00139665 0.720513 
0.548647 29.3338 9.67566e-05 0.00198685 0.0020836 -0.658825 
0.548926 23.8185 0.000814341 0.0020049 0.00281924 -1.91132 
0.549123 13.7173 0.00174244 0.00132186 0.0030643 -2.79582 
0.5492 0.975156 0.00220071 0.000438425 0.00263914 -3.14204 
0.549143 -11.9548 0.0018532 2.21566e-06 0.00185542 -2.88331 
0.548961 -22.583 0.000954668 0.000332996 0.00128766 -2.06945 
0.548691 -28.8633 0.000163782 0.00118828 0.00135207 -0.857161 
0.548384 -29.5865 6.0314e-05 0.0019411 0.00200142 0.520162 
0.548099 -24.6133 0.000720112 0.00203959 0.0027597 1.79734 
0.547892 -14.9013 0.00165951 0.00141155 0.00307105 2.72847 
0.547801 -2.32027 0.00218986 0.000517372 0.00270723 3.13428 
0.547845 10.7075 0.0019224 1.25439e-05 0.00193494 2.93664 
0.548015 21.6737 0.00105318 0.000267134 0.00132031 2.17361 
0.548279 28.467 0.0002194 0.00109451 0.00131391 0.992082 
0.548585 29.7795 3.22655e-05 0.00188816 0.00192043 -0.380451 
0.548874 25.3585 0.000628959 0.00206629 0.00269525 -1.67973 
0.549092 16.0552 0.00157207 0.00149831 0.00307038 -2.65562 
0.549196 3.66071 0.00217024 0.000600601 0.00277084 -3.12021 
0.549165 -9.43856 0.00198497 3.12238e-05 0.0020162 -2.98405 
0.549007 -20.7206 0.00115208 0.000207571 0.00135965 -2.27338 
0.548751 -28.0133 0.000282129 0.00100037 0.0012825 -1.125 
0.548447 -29.9125 1.2837e-05 0.00182845 0.00184129 0.239973 
0.548153 -26.0526 0.000541615 0.00208478 0.0026264 1.55874 
0.547925 -17.1767 0.00148084 0.00158145 0.00306229 2.57741 
0.547809 -4.99376 0.002142 0.000687441 0.00282944 3.09984 
0.547826 8.15063 0.00204042 5.81048e-05 0.00209853 3.02545 
0.547972 19.7258 0.00125058 0.000154788 0.00140537 2.36856 
0.54822 27.5031 0.000351464 0.000906616 0.00125808 1.25565 
0.548522 29.9851 2.18525e-06 0.00176245 0.00176464 -0.0990103 
0.54882 26.6941 0.000458785 0.00209492 0.0025537 -1.43461 
0.549056 18.2636 0.00138655 0.0016603 0.00304685 -2.494 
0.549185 6.31675 0.00210537 0.000777191 0.00288256 -3.07322 
0.549182 -6.84626 0.00208831 9.29701e-05 0.00218128 -3.06074 
0.549048 -18.6911 0.00134787 0.00010921 0.00145708 -2.45897 
0.548808 -26.9374 0.000426845 0.000814006 0.00124085 -1.38377 
0.548509 -29.9973 3.96068e-07 0.0016907 0.0016911 -0.0421517 
0.548209 -27.2818 0.000381137 0.00209662 0.00247776 1.30759 
0.547964 -19.3136 0.00128996 0.00173421 0.00302417 2.40557 
0.547822 -7.627 0.00206065 0.000869129 0.00292978 3.0404 
0.547811 5.52809 0.00212823 0.000135539 0.00226377 3.08986 
0.547933 17.6188 0.00144318 7.12042e-05 0.00151438 2.54442 
0.548164 26.3174 0.000507666 0.000723286 0.00123095 1.5091 
0.548459 29.949 7.48389e-06 0.00161377 0.00162125 0.183229 
0.548763 27.8145 0.000309296 0.00208988 0.00239917 -1.17792 
0.549015 20.3247 0.00119186 0.00180259 0.00299445 -2.31229 
0.549169 8.92187 0.00200819 0.000962512 0.00297071 -3.00146 
0.549194 -4.19876 0.00215988 0.000185467 0.00234535 -3.11275 
0.549085 -16.511 0.00153573 4.1077e-05 0.00157681 -2.62475 
0.548864 -25.6443 0.000593274 0.000635188 0.00122846 -1.63139 
0.548572 -29.8403 2.33916e-05 0.00153228 0.00155567 -0.323936 
0.548267 -28.2911 0.000243842 0.00207473 0.00231858 1.04588 
0.548006 -21.2949 0.00109302 0.0018649 0.00295792 2.21434 
0.547841 -10.1987 0.00194843 0.00105659 0.00300502 2.95646 
0.547802 2.86098 0.002183 0.000242353 0.00242536 3.12937 
0.547898 15.3699 0.00162478 1.90715e-05 0.00164385 2.69977 
0.54811 24.9196 0.00068298 0.000550422 0.0012334 1.75038 
0.548397 29.6714 4.79909e-05 0.00144689 0.00149489 0.46399 
0.548703 28.7106 0.000185302 0.00205132 0.00223662 -0.911737 
0.548971 22.2221 0.000994256 0.00192062 0.00291487 -2.11193 
0.549148 11.4551 0.00188184 0.0011506 0.00303244 -2.9055 
0.5492 -1.51742 0.0021974 0.000305739 0.00250314 -3.13967 
0.549117 -14.1977 0.00170962 5.36498e-06 0.00171498 -2.76936 
0.548916 -24.1445 0.000776059 0.000469672 0.00124573 -1.86585 
0.548634 -29.4427 8.10835e-05 0.00135829 0.00143938 -0.603109 
0.548327 -29.0723 0.000134149 0.00201982 0.00215397 0.775751 
0.548053 -23.1044 0.000896355 0.00196931 0.00286566 2.00525 
0.547865 -12.6883 0.00180896 0.00124379 0.00305275 2.84868 
0.547799 0.170804 0.00220297 0.000375112 0.00257808 3.14365 
0.547868 12.997 0.00178955 6.79756e-08 0.00178962 2.83336 
0.548059 23.3208 0.000871763 0.000393588 0.00126535 1.97756 
0.548335 29.1547 0.000122403 0.0012672 0.0013896 0.741012 
0.548642 29.3753 9.07939e-05 0.00198049 0.00207128 -0.638202 
0.548922 23.9402 0.000800108 0.00201058 0.00281068 -1.89454 
0.549121 13.8959 0.00173037 0.0013354 0.00306578 -2.78612 
0.5492 1.17616 0.00219965 0.000449914 0.00264957 -3.14128 
0.549145 -11.77 0.00186393 3.22319e-06 0.00186716 -2.89164 
0.548965 -22.4501 0.000969319 0.000322783 0.0012921 -2.08527 
0.548696 -28.8078 0.000171615 0.00117434 0.00134595 -0.87742 
0.548389 -29.6191 5.55874e-05 0.00193365 0.00198923 0.499365 
0.548103 -24.7277 0.000706291 0.00204409 0.00275038 1.78001 
0.547894 -15.0755 0.00164672 0.00142471 0.00307143 2.71794 
0.547802 -2.52075 0.00218749 0.000529541 0.00271703 3.13258 
0.547844 10.5193 0.00193217 1.48052e-05 0.00194698 2.9441 
0.548012 21.5341 0.00106794 0.00025783 0.00132577 2.18879 
0.548274 28.4029 0.000228324 0.00108046 0.00130879 1.01206 
0.54858 29.8032 2.88131e-05 0.00187967 0.00190848 -0.359521 
0.54887 25.4654 0.00061566 0.00206957 0.00268523 -1.66188 
0.549089 16.2247 0.00155867 0.00151097 0.00306964 -2.64428 
0.549195 3.86025 0.00216656 0.000613352 0.00277992 -3.11756 
0.549167 -9.24743 0.00199371 3.47206e-05 0.00202843 -2.99062 
0.54901 -20.5747 0.00116683 0.00019925 0.00136608 -2.28788 
0.548755 -27.9407 0.000292073 0.000986331 0.0012784 -1.14466 
0.548451 -29.9271 1.06866e-05 0.00181899 0.00182967 0.218952 
0.548157 -26.1517 0.000528946 0.00208683 0.00261577 1.54041 
0.547928 -17.3412 0.00146694 0.00159351 0.00306045 2.56528 
0.54781 -5.19197 0.00213705 0.000700672 0.00283773 3.09626 
0.547824 7.95688 0.00204806 6.28089e-05 0.00211087 3.03111 
0.547969 19.5738 0.0012652 0.000147517 0.00141272 2.38237 
0.548216 27.4221 0.000362347 0.0008927 0.00125505 1.27495 
0.548517 29.9908 1.35421e-06 0.00175209 0.00175345 -0.0779422 
0.548816 26.7853 0.000446848 0.00209571 0.00254256 -1.41583 
0.549053 18.4227 0.00137226 0.00167166 0.00304392 -2.48112 
0.549184 6.51323 0.0020992 0.000790795 0.00288999 -3.06871 
0.549183 -6.65028 0.00209478 9.88436e-05 0.00219362 -3.06548 
0.549051 -18.5334 0.00136224 0.000103047 0.00146529 -2.47205 
0.548813 -26.8482 0.000438581 0.000800325 0.00123891 -1.40267 
0.548514 -29.9939 8.91087e-07 0.00167953 0.00168042 -0.0632251 
0.548213 -27.3648 0.000370028 0.00209615 0.00246618 1.28839 
0.547967 -19.4671 0.00127539 0.00174478 0.00302017 2.39195 
0.547823 -7.82135 0.0020533 0.000882996 0.00293629 3.03498 
0.54781 5.33028 0.00213349 0.000142534 0.00227603 3.09368 
0.54793 17.4556 0.00145719 6.61996e-05 0.00152339 2.55675 
0.548159 26.2202 0.000520159 0.00070995 0.00123011 1.52756 
0.548454 29.9366 9.30098e-06 0.00160188 0.00161118 0.204265 
0.548758 27.8892 0.000299105 0.00208815 0.00238725 -1.15835 
0.549012 20.4722 0.00117713 0.00181229 0.00298942 -2.29795 
0.549168 9.11369 0.00199972 0.000976531 0.00297626 -2.99512 
0.549195 -3.99952 0.00216388 0.000193528 0.00235741 -3.11563 
0.549088 -16.3427 0.00154927 3.72711e-05 0.00158654 -2.63629 
0.548868 -25.5394 0.000606423 0.000622305 0.00122873 -1.64937 
0.548577 -29.8189 2.65161e-05 0.00151977 0.00154628 -0.344893 
0.548271 -28.3573 0.000234651 0.00207176 0.00230641 1.02598 
0.54801 -21.4361 0.00107825 0.00187364 0.0029519 2.19933 
0.547843 -10.3877 0.00193891 0.00107065 0.00300956 2.94923 
0.547802 2.6607 0.00218571 0.000251415 0.00243713 3.13131 
0.547896 15.1968 0.00163773 1.64948e-05 0.00165423 2.71051 
0.548106 24.807 0.000696679 0.000538096 0.00123478 1.76785 
0.548392 29.6411 5.23976e-05 0.00143385 0.00148625 0.484825 
0.548699 28.7683 0.000177186 0.00204712 0.00222431 -0.891546 
0.548967 22.3567 0.000979566 0.00192834 0.00290791 -2.09627 
0.549146 11.6407 0.00187135 0.00116458 0.00303593 -2.89739 
0.5492 -1.31651 0.0021988 0.000315728 0.00251452 -3.14067 
0.54912 -14.0202 0.00172188 4.03838e-06 0.00172592 -2.77927 
0.54892 -24.0246 0.000790199 0.000458002 0.0012482 -1.88277 
0.548639 -29.4035 8.67369e-05 0.00134484 0.00143157 -0.62378 
0.548332 -29.1212 0.000127172 0.00201444 0.00214161 0.755309 
0.548057 -23.2322 0.000881862 0.00197595 0.00285781 1.98898 
0.547867 -12.8702 0.00179757 0.00125758 0.00305516 2.8397 
0.547799 -0.0303255 0.00220304 0.000385948 0.00258899 3.1437 
0.547866 12.8154 0.00180102 2.14275e-09 0.00180102 2.84242 
0.548056 23.1938 0.000886228 0.000382668 0.0012689 1.9939 
0.54833 29.1066 0.000129257 0.00125343 0.00138269 0.761477 
0.548638 29.4155 8.50129e-05 0.00197396 0.00205898 -0.61755 
0.548919 24.0609 0.000785929 0.00201608 0.00280201 -1.87768 
0.549119 14.0738 0.00171819 0.0013489 0.00306709 -2.77629 
0.5492 1.3771 0.0021984 0.00046151 0.00265991 -3.14038 
0.549146 -11.5848 0.00187452 4.41865e-06 0.00187894 -2.89985 
0.548968 -22.3162 0.000983993 0.000312702 0.0012967 -2.101 
0.5487 -28.751 0.000179616 0.00116037 0.00133998 -0.897639 
0.548393 -29.6504 5.10489e-05 0.00192603 0.00197708 0.478545 
0.548107 -24.8411 0.00069254 0.00204841 0.00274095 1.76259 
0.547897 -15.2491 0.00163384 0.00143779 0.00307163 2.70729 
0.547802 -2.72111 0.00218491 0.000541804 0.00272672 3.13074 
0.547842 10.3307 0.0019418 1.72523e-05 0.00195905 2.95142 
0.548009 21.3936 0.00108271 0.000248668 0.00133137 2.20386 
0.54827 28.3375 0.000237406 0.00106641 0.00130381 1.03199 
0.548575 29.8255 2.55535e-05 0.00187102 0.00189657 -0.338575 
0.548866 25.5712 0.000602449 0.00207268 0.00267513 -1.64395 
0.549087 16.3935 0.00154519 0.00152355 0.00306874 -2.63282 
0.549194 4.05962 0.0021627 0.000626182 0.00278888 -3.11478 
0.549168 -9.05589 0.0020023 3.83996e-05 0.00204069 -2.99705 
0.549013 -20.4279 0.00118157 0.000191081 0.00137265 -2.30229 
0.54876 -27.8668 0.000302163 0.000972302 0.00127447 -1.16426 
0.548456 -29.9405 8.73234e-06 0.00180938 0.00181811 0.197922 
0.548161 -26.2497 0.00051638 0.00208869 0.00260507 1.522 
0.547931 -17.5049 0.00145297 0.00160547 0.00305845 2.55304 
0.547811 -5.38995 0.00213193 0.000713965 0.00284589 3.09254 
0.547823 7.76278 0.00205553 6.76902e-05 0.00212322 3.03663 
0.547966 19.4209 0.00127979 0.000140407 0.0014202 2.39607 
0.548212 27.3399 0.000373364 0.000878811 0.00125218 1.29418 
0.548513 29.9951 7.2097e-07 0.00174161 0.00174233 -0.0568707 
0.548811 26.8752 0.000435029 0.00209631 0.00253134 -1.39698 
0.54905 18.5811 0.00135791 0.00168291 0.00304082 -2.46812 
0.549183 6.70941 0.00209285 0.000804446 0.00289729 -3.06407 
0.549184 -6.45401 0.00210108 0.000104888 0.00220596 -3.07009 
0.549054 -18.3748 0.00137657 9.70544e-05 0.00147363 -2.48501 
0.548817 -26.7579 0.000450436 0.000786688 0.00123712 -1.4215 
0.548519 -29.9892 1.58399e-06 0.00166825 0.00166983 -0.0842957 
0.548217 -27.4466 0.000359051 0.00209549 0.00245454 1.26914 
0.54797 -19.6197 0.00126079 0.00175523 0.00301602 2.37822 
0.547825 -8.01534 0.00204578 0.000896893 0.00294267 3.02942 
0.54781 5.13223 0.00213856 0.000149693 0.00228826 3.09735 
0.547927 17.2917 0.00147114 6.13716e-05 0.00153251 2.56895 
0.548155 26.1219 0.000532756 0.000696675 0.00122943 1.54594 
0.54845 29.9229 1.13144e-05 0.00158989 0.0016012 0.225292 
0.548754 27.9627 0.000289059 0.00208623 0.00237529 -1.13874 
0.549009 20.6188 0.00116239 0.00182185 0.00298424 -2.28352 
0.549166 9.30511 0.00199109 0.000990563 0.00298166 -2.98865 
0.549195 -3.8001 0.00216769 0.000201743 0.00236943 -3.11837 
0.54909 -16.1737 0.00156272 3.36469e-05 0.00159637 -2.64771 
0.548872 -25.4333 0.000619661 0.000609499 0.00122916 -1.66727 
0.548582 -29.7962 2.98339e-05 0.00150716 0.001537 -0.365834 
0.548276 -28.4223 0.000225617 0.0020686 0.00229422 1.00604 
0.548013 -21.5763 0.00106349 0.00188224 0.00294573 2.18422 
0.547844 -10.5761 0.00192924 0.0010847 0.00301394 2.94186 
0.547802 2.4603 0.00218822 0.00026062 0.00244884 3.13311 
0.547893 15.023 0.00165059 1.41037e-05 0.00166469 2.72113 
0.548102 24.6934 0.000710451 0.000525862 0.00123631 1.78524 
0.548387 29.6094 5.6993e-05 0.00142074 0.00147774 0.505639 
0.548694 28.8247 0.000169235 0.00204275 0.00221199 -0.871315 
0.548964 22.4903 0.000964898 0.00193591 0.00290081 -2.08051 
0.549144 11.8258 0.00186071 0.00117855 0.00303926 -2.88914 
0.5492 -1.11555 0.00219999 0.000325849 0.00252584 -3.14152 
0.549122 -13.8421 0.00173403 2.89957e-06 0.00173693 -2.78906 
0.548923 -23.9036 0.000804394 0.000446438 0.00125083 -1.89961 
0.548644 -29.3629 9.25728e-05 0.00133132 0.0014239 -0.644424 
0.548336 -29.1689 0.00012037 0.00200888 0.00212925 0.734834 
0.54806 -23.3589 0.000867409 0.00198242 0.00284983 1.97261 
0.547869 -13.0516 0.00178606 0.00127134 0.00305741 2.8306 
0.547799 -0.231454 0.00220291 0.000396904 0.00259981 3.1436 
0.547864 12.6333 0.00181237 1.2482e-07 0.00181249 2.85136 
0.548052 23.0657 0.000900732 0.000371868 0.0012726 2.01015 
0.548326 29.0572 0.000136287 0.00123962 0.00137591 0.781909 
0.548633 29.4543 7.94147e-05 0.00196727 0.00204669 -0.59687 
0.548915 24.1805 0.000771807 0.00202141 0.00279321 -1.86073 
0.549117 14.2511 0.0017059 0.00136234 0.00306824 -2.76634 
0.5492 1.57799 0.00219694 0.000473212 0.00267016 -3.13935 
0.549148 -11.399 0.00188498 5.80183e-06 0.00189078 -2.90792 
0.548972 -22.1813 0.000998689 0.000302752 0.00130144 -2.11663 
0.548705 -28.693 0.000187782 0.00114638 0.00133416 -0.917818 
0.548398 -29.6803 4.66992e-05 0.00191826 0.00196496 0.457703 
0.548111 -24.9533 0.000678863 0.00205255 0.00273141 1.7451 
0.547899 -15.4219 0.00162086 0.00145081 0.00307167 2.69651 
0.547803 -2.92135 0.00218215 0.000554157 0.00273631 3.12876 
0.54784 10.1417 0.00195127 1.98848e-05 0.00197116 2.95862 
0.548005 21.2521 0.00109747 0.000239649 0.00133712 2.21884 
0.548266 28.2708 0.000246643 0.00105235 0.00129899 1.05188 
0.548571 29.8465 2.24874e-05 0.00186223 0.00188472 -0.317614 
0.548862 25.6758 0.000589327 0.00207559 0.00266492 -1.62595 
0.549084 16.5616 0.00153163 0.00153604 0.00306767 -2.62124 
0.549194 4.25881 0.00215864 0.000639088 0.00279773 -3.11186 
0.549169 -8.86394 0.00201072 4.22603e-05 0.00205298 -3.00334 
0.549016 -20.2801 0.00119629 0.000183067 0.00137936 -2.31659 
0.548764 -27.7917 0.000312397 0.000958288 0.00127068 -1.18381 
0.548461 -29.9525 6.97453e-06 0.00179964 0.00180661 0.176883 
0.548165 -26.3465 0.00050392 0.00209036 0.00259428 1.50352 
0.547934 -17.6679 0.00143894 0.00161734 0.00305628 2.54069 
0.547811 -5.58769 0.00212661 0.000727319 0.00285393 3.08869 
0.547822 7.56832 0.00206283 7.27478e-05 0.00213558 3.04201 
0.547963 19.2672 0.00129435 0.000133461 0.00142781 2.40966 
0.548207 27.2565 0.000384512 0.000864953 0.00124946 1.31336 
0.548508 29.9981 2.85642e-07 0.001731 0.00173128 -0.0357965 
0.548807 26.964 0.00042333 0.00209673 0.00252006 -1.37806 
0.549047 18.7385 0.00134353 0.00169405 0.00303757 -2.45501 
0.549182 6.9053 0.00208632 0.00081814 0.00290446 -3.05929 
0.549185 -6.25744 0.00210719 0.000111102 0.00221829 -3.07455 
0.549057 -18.2154 0.00139085 9.12326e-05 0.00148208 -2.49787 
0.548821 -26.6664 0.000462407 0.000773098 0.00123551 -1.44026 
0.548523 -29.9831 2.47465e-06 0.00165685 0.00165932 -0.105363 
0.548221 -27.5272 0.000348208 0.00209464 0.00244285 1.24982 
0.547973 -19.7714 0.00124616 0.00176555 0.00301172 2.36438 
0.547826 -8.20898 0.00203809 0.000910818 0.0029489 3.02372 
0.547809 4.93395 0.00214345 0.000157013 0.00230046 3.10089 
0.547925 17.1269 0.00148502 5.67212e-05 0.00154174 2.58104 
0.548151 26.0224 0.000545455 0.000683463 0.00122892 1.56426 
0.548445 29.9078 1.35239e-05 0.0015778 0.00159132 0.246309 
0.548749 28.0349 0.000279159 0.00208413 0.00236329 -1.11906 
0.549006 20.7644 0.00114763 0.00183128 0.00297891 -2.26898 
0.549165 9.49611 0.0019823 0.00100461 0.00298691 -2.98205 
0.549196 -3.6005 0.00217131 0.00021011 0.00238142 -3.12097 
0.549093 -16.0039 0.00157609 3.02052e-05 0.0016063 -2.65901 
0.548876 -25.326 0.000632986 0.000596771 0.00122976 -1.6851 
0.548586 -29.7721 3.33443e-05 0.00149448 0.00152783 -0.386759 
0.54828 -28.4861 0.000216739 0.00206526 0.002282 0.986049 
0.548016 -21.7156 0.00104873 0.00189069 0.00293942 2.16901 
0.547846 -10.7641 0.00191942 0.00109875 0.00301817 2.93437 
0.547801 2.2598 0.00219054 0.000269967 0.00246051 3.13477 
0.547891 14.8486 0.00166334 1.18986e-05 0.00167524 2.73162 
0.548098 24.5786 0.000724294 0.000513721 0.00123801 1.80255 
0.548383 29.5764 6.17761e-05 0.00140757 0.00146934 0.526429 
0.54869 28.8798 0.000161453 0.0020382 0.00219965 -0.851045 
0.54896 22.6229 0.000950255 0.00194332 0.00289357 -2.06467 
0.549142 12.0104 0.00184994 0.00119248 0.00304243 -2.88077 
0.5492 -0.914535 0.00220099 0.0003361 0.00253709 -3.14224 
0.549124 -13.6634 0.00174606 1.94875e-06 0.00174801 -2.79872 
0.548927 -23.7816 0.000818643 0.000434982 0.00125362 -1.91636 
0.548648 -29.321 9.85901e-05 0.00131776 0.00141635 -0.665038 
0.548341 -29.2153 0.000113745 0.00200316 0.0021169 0.714325 
0.548064 -23.4846 0.000852998 0.00198873 0.00284173 1.95616 
0.547871 -13.2324 0.00177443 0.00128506 0.00305949 2.82137 
0.547799 -0.432572 0.00220258 0.000407977 0.00261056 3.14337 
0.547862 12.4506 0.00182359 4.35986e-07 0.00182402 2.86018 
0.548048 22.9366 0.000915272 0.000361189 0.00127646 2.0263 
0.548321 29.0066 0.000143489 0.00122578 0.00136927 0.802305 
0.548628 29.4918 7.40002e-05 0.00196042 0.00203442 -0.576164 
0.548911 24.299 0.000757744 0.00202656 0.00278431 -1.8437 
0.549114 14.4278 0.0016935 0.00137573 0.00306922 -2.75627 
0.5492 1.77881 0.00219529 0.000485017 0.00268031 -3.13817 
0.54915 -11.2127 0.00189529 7.37247e-06 0.00190266 -2.91586 
0.548975 -22.0454 0.0010134 0.000292937 0.00130634 -2.13216 
0.548709 -28.6336 0.000196112 0.00113237 0.00132849 -0.937955 
0.548403 -29.7089 4.25391e-05 0.00191033 0.00195287 0.436841 
0.548115 -25.0644 0.000665262 0.00205651 0.00272177 1.72753 
0.547901 -15.5941 0.00160779 0.00146376 0.00307155 2.68562 
0.547803 -3.12145 0.00217919 0.0005666 0.00274579 3.12663 
0.547839 9.95217 0.00196059 2.27023e-05 0.0019833 2.96567 
0.548002 21.1097 0.00111224 0.000230776 0.00134302 2.23373 
0.548261 28.2029 0.000256034 0.00103829 0.00129433 1.07171 
0.548566 29.8661 1.96153e-05 0.00185329 0.0018729 -0.296638 
0.548858 25.7792 0.000576297 0.00207833 0.00265463 -1.60788 
0.549082 16.7289 0.001518 0.00154844 0.00306644 -2.60955 
0.549193 4.45781 0.0021544 0.000652067 0.00280646 -3.1088 
0.549171 -8.67159 0.00201897 4.63019e-05 0.00206527 -3.0095 
0.54902 -20.1314 0.001211 0.000175208 0.00138621 -2.33078 
0.548768 -27.7153 0.000322772 0.000944289 0.00126706 -1.20331 
0.548465 -29.9631 5.41352e-06 0.00178976 0.00179518 0.155837 
0.548169 -26.4421 0.000491566 0.00209185 0.00258341 1.48498 
0.547936 -17.83 0.00142485 0.00162909 0.00305395 2.52822 
0.547812 -5.78517 0.00212111 0.000740731 0.00286185 3.08469 
0.547821 7.37353 0.00206995 7.79809e-05 0.00214793 3.04726 
0.54796 19.1126 0.00130887 0.00012668 0.00143555 2.42314 
0.548203 27.1719 0.000395788 0.000851128 0.00124692 1.33248 
0.548503 29.9997 4.83063e-08 0.00172026 0.00172031 -0.0147208 
0.548803 27.0516 0.000411753 0.00209695 0.00250871 -1.35909 
0.549044 18.8952 0.0013291 0.00170507 0.00303416 -2.44179 
0.549181 7.10087 0.00207961 0.000831876 0.00291149 -3.05437 
0.549186 -6.0606 0.00211313 0.000117484 0.00223061 -3.07888 
0.54906 -18.0552 0.00140507 8.55829e-05 0.00149066 -2.51061 
0.548825 -26.5736 0.000474494 0.000759558 0.00123405 -1.45897 
0.548528 -29.9757 3.5629e-06 0.00164534 0.00164891 -0.126425 
0.548226 -27.6066 0.0003375 0.00209361 0.00243111 1.23046 
0.547976 -19.9222 0.00123151 0.00177574 0.00300725 2.35044 
0.547827 -8.40225 0.00203023 0.000924767 0.002955 3.01788 
0.547808 4.73545 0.00214815 0.000164493 0.00231264 3.10429 
0.547922 16.9614 0.00149883 5.2249e-05 0.00155108 2.59302 
0.548147 25.9218 0.000558255 0.000670317 0.00122857 1.58251 
0.54844 29.8913 1.5929e-05 0.00156562 0.00158154 0.267315 
0.548745 28.1059 0.000269406 0.00208184 0.00235124 -1.09934 
0.549003 20.9091 0.00113287 0.00184056 0.00297343 -2.25434 
0.549163 9.68669 0.00197336 0.00101866 0.00299201 -2.97531 
0.549196 -3.40075 0.00217473 0.000218628 0.00239336 -3.12343 
0.549095 -15.8334 0.00158938 2.69466e-05 0.00161632 -2.6702 
0.54888 -25.2177 0.000646395 0.000584125 0.00123052 -1.70286 
0.548591 -29.7467 3.70468e-05 0.00148172 0.00151876 -0.407667 
0.548285 -28.5485 0.000208021 0.00206174 0.00226976 0.966014 
0.54802 -21.8538 0.00103398 0.00189899 0.00293298 2.15371 
0.547848 -10.9516 0.00190945 0.00111279 0.00302224 2.92674 
0.547801 2.05919 0.00219266 0.000279454 0.00247211 3.13628 
0.547889 14.6735 0.00167599 9.8798e-06 0.00168587 2.74199 
0.548094 24.4627 0.000738204 0.000501677 0.00123988 1.81978 
0.548378 29.542 6.67462e-05 0.00139433 0.00146107 0.547196 
0.548685 28.9336 0.000153839 0.00203347 0.00218731 -0.830736 
0.548957 22.7545 0.000935639 0.00195057 0.0028862 -2.04873 
0.54914 12.1944 0.00183904 0.0012064 0.00304544 -2.87227 
0.549201 -0.713479 0.00220179 0.00034648 0.00254827 -3.14281 
0.549126 -13.484 0.00175798 1.18609e-06 0.00175917 -2.80826 
0.548931 -23.6584 0.000832942 0.000423637 0.00125658 -1.93302 
0.548653 -29.2778 0.000104788 0.00130415 0.00140894 -0.685622 
0.548345 -29.2603 0.000107297 0.00199726 0.00210455 0.693784 
0.548068 -23.6093 0.000838631 0.00199487 0.0028335 1.93961 
0.547873 -13.4126 0.00176268 0.00129873 0.00306141 2.81201 
0.547799 -0.63367 0.00220206 0.000419165 0.00262122 3.143 
0.54786 12.2673 0.00183467 9.35583e-07 0.00183561 2.86886 
0.548045 22.8064 0.000929846 0.000350634 0.00128048 2.04237 
0.548317 28.9546 0.000150865 0.00121191 0.00136278 0.822666 
0.548624 29.528 6.87705e-05 0.0019534 0.00202217 -0.555432 
0.548907 24.4164 0.000743743 0.00203154 0.00277528 -1.82659 
0.549112 14.6038 0.00168099 0.00138906 0.00307004 -2.74607 
0.549199 1.97954 0.00219345 0.000496923 0.00269037 -3.13685 
0.549152 -11.0259 0.00190546 9.1303e-06 0.00191459 -2.92368 
0.548979 -21.9084 0.00102813 0.000283258 0.00131139 -2.1476 
0.548714 -28.5729 0.000204606 0.00111835 0.00132296 -0.95805 
0.548407 -29.7362 3.85695e-05 0.00190224 0.00194081 0.41596 
0.548119 -25.1743 0.00065174 0.00206029 0.00271203 1.70988 
0.547904 -15.7656 0.00159463 0.00147663 0.00307126 2.6746 
0.547804 -3.32142 0.00217604 0.000579129 0.00275516 3.12437 
0.547837 9.76221 0.00196976 2.57042e-05 0.00199546 2.9726 
0.547999 20.9663 0.00112701 0.000222051 0.00134906 2.24851 
0.548257 28.1337 0.000265577 0.00102423 0.00128981 1.0915 
0.548561 29.8845 1.69377e-05 0.00184421 0.00186114 -0.275649 
0.548854 25.8815 0.000563362 0.00208088 0.00264424 -1.58973 
0.549079 16.8955 0.00150429 0.00156075 0.00306504 -2.59774 
0.549192 4.6566 0.00214996 0.000665118 0.00281508 -3.1056 
0.549172 -8.47885 0.00202706 5.05236e-05 0.00207759 -3.01553 
0.549023 -19.9819 0.00122569 0.000167506 0.00139319 -2.34487 
0.548773 -27.6377 0.000333288 0.00093031 0.0012636 -1.22275 
0.54847 -29.9724 4.04957e-06 0.00177975 0.0017838 0.134783 
0.548173 -26.5365 0.000479323 0.00209315 0.00257247 1.46637 
0.547939 -17.9914 0.0014107 0.00164075 0.00305145 2.51563 
0.547813 -5.98239 0.00211543 0.000754198 0.00286963 3.08056 
0.54782 7.1784 0.0020769 8.33885e-05 0.00216029 3.05237 
0.547957 18.9571 0.00132336 0.000120064 0.00144342 2.43651 
0.548199 27.086 0.000407192 0.000837339 0.00124453 1.35154 
0.548499 29.9999 9.00438e-09 0.00170941 0.00170942 0.0063556 
0.548799 27.1379 0.000400299 0.00209699 0.00249729 -1.34005 
0.549041 19.051 0.00131463 0.00171597 0.00303059 -2.42846 
0.54918 7.29612 0.00207273 0.000845651 0.00291838 -3.04931 
0.549187 -5.86348 0.00211888 0.000124034 0.00224292 -3.08307 
0.549062 -17.8942 0.00141924 8.01063e-05 0.00149935 -2.52324 
0.548829 -26.4797 0.000486694 0.00074607 0.00123276 -1.4776 
0.548533 -29.967 4.84856e-06 0.00163373 0.00163858 -0.147481 
0.54823 -27.6847 0.000326929 0.00209238 0.00241931 1.21103 
0.547979 -20.0722 0.00121683 0.00178581 0.00300264 2.33639 
0.547829 -8.59514 0.0020222 0.000938739 0.00296094 3.01191 
0.547807 4.53673 0.00215266 0.000172132 0.00232479 3.10754 
0.547919 16.7951 0.00151257 4.79559e-05 0.00156052 2.60487 
0.548143 25.8199 0.000571152 0.000657239 0.00122839 1.60068 
0.548436 29.8736 1.85292e-05 0.00155334 0.00157187 0.288309 
0.548741 28.1756 0.000259804 0.00207936 0.00233917 -1.07957 
0.548999 21.0529 0.00111811 0.0018497 0.00296781 -2.2396 
0.549162 9.87682 0.00196425 0.00103271 0.00299696 -2.96844 
0.549197 -3.20084 0.00217796 0.000227295 0.00240526 -3.12575 
0.549098 -15.6622 0.00160257 2.38717e-05 0.00162645 -2.68126 
0.548884 -25.1081 0.000659886 0.000571562 0.00123145 -1.72054 
0.548596 -29.7199 4.09407e-05 0.00146888 0.00150982 -0.428556 
0.548289 -28.6097 0.000199464 0.00205803 0.00225749 0.945936 
0.548023 -21.9911 0.00101925 0.00190714 0.00292638 2.1383 
0.547849 -11.1386 0.00189934 0.00112681 0.00302615 2.91898 
0.547801 1.85849 0.00219458 0.000289079 0.00248366 3.13766 
0.547886 14.4978 0.00168854 8.04777e-06 0.00169659 2.75224 
0.548091 24.3457 0.00075218 0.000489731 0.00124191 1.83692 
0.548373 29.5064 7.19024e-05 0.00138102 0.00145293 0.567938 
0.548681 28.9861 0.000146396 0.00202856 0.00217495 -0.810391 
0.548953 22.885 0.000921053 0.00195765 0.0028787 -2.03269 
0.549138 12.3779 0.001828 0.00122028 0.00304828 -2.86364 
0.549201 -0.51239 0.0022024 0.000356985 0.00255938 -3.14324 
0.549128 -13.304 0.00176978 6.11728e-07 0.00177039 -2.81767 
0.548935 -23.5342 0.00084729 0.000412404 0.00125969 -1.9496 
0.548657 -29.2333 0.000111165 0.00129049 0.00140166 -0.706176 
0.54835 -29.304 0.000101028 0.00199119 0.00209221 0.673211 
0.548071 -23.7328 0.000824312 0.00200083 0.00282515 1.92298 
0.547875 -13.5922 0.00175081 0.00131236 0.00306317 2.80252 
0.547799 -0.83474 0.00220133 0.000430466 0.0026318 3.14248 
0.547859 12.0835 0.00184563 1.62352e-06 0.00184725 2.87741 
0.548041 22.6752 0.00094445 0.000340205 0.00128466 2.05835 
0.548312 28.9013 0.000158411 0.00119801 0.00135642 0.842989 
0.548619 29.5629 6.37264e-05 0.00194621 0.00200994 -0.534674 
0.548903 24.5327 0.000729807 0.00203634 0.00276615 -1.8094 
0.54911 14.7792 0.00166837 0.00140232 0.0030707 -2.73575 
0.549199 2.18019 0.0021914 0.000508929 0.00270033 -3.13538 
0.549153 -10.8386 0.00191548 1.1075e-05 0.00192656 -2.93136 
0.548982 -21.7706 0.00104288 0.000273716 0.00131659 -2.16295 
0.548718 -28.511 0.00021326 0.00110432 0.00131758 -0.978102 
0.548412 -29.7622 3.47909e-05 0.001894 0.0019288 0.395059 
0.548123 -25.2832 0.000638298 0.00206388 0.00270218 1.69216 
0.547906 -15.9363 0.00158137 0.00148943 0.0030708 2.66346 
0.547804 -3.52124 0.00217269 0.000591742 0.00276443 3.12197 
0.547836 9.5718 0.00197877 2.889e-05 0.00200766 2.97939 
0.547996 20.822 0.00114178 0.000213473 0.00135525 2.26318 
0.548252 28.0632 0.00027527 0.00101018 0.00128545 1.11124 
0.548557 29.9014 1.44551e-05 0.00183498 0.00184943 -0.254648 
0.54885 25.9826 0.000550523 0.00208324 0.00263376 -1.57151 
0.549076 17.0613 0.00149051 0.00157297 0.00306348 -2.58581 
0.549192 4.85519 0.00214534 0.000678238 0.00282357 -3.10225 
0.549174 -8.28573 0.00203499 5.49248e-05 0.00208991 -3.02142 
0.549026 -19.8314 0.00124035 0.000159962 0.00140031 -2.35886 
0.548777 -27.5589 0.000343942 0.000916351 0.00126029 -1.24214 
0.548475 -29.9804 2.88294e-06 0.00176961 0.0017725 0.113723 
0.548177 -26.6297 0.000467191 0.00209426 0.00256145 1.44769 
0.547942 -18.1519 0.0013965 0.0016523 0.0030488 2.50294 
0.547814 -6.17935 0.00210957 0.000767718 0.00287729 3.07629 
0.547818 6.98296 0.00208368 8.89696e-05 0.00217265 3.05735 
0.547954 18.8008 0.00133781 0.000113615 0.00145142 2.44977 
0.548194 26.9989 0.00041872 0.000823587 0.00124231 1.37054 
0.548494 29.9989 1.67744e-07 0.00169843 0.0016986 0.0274317 
0.548794 27.2231 0.000388972 0.00209684 0.00248581 -1.32096 
0.549038 19.2059 0.00130012 0.00172675 0.00302687 -2.41502 
0.549179 7.49105 0.00206568 0.000859462 0.00292514 -3.04411 
0.549188 -5.6661 0.00212445 0.00013075 0.0022552 -3.08712 
0.549065 -17.7323 0.00143336 7.48039e-05 0.00150816 -2.53575 
0.548834 -26.3845 0.000499004 0.000732636 0.00123164 -1.49617 
0.548538 -29.9569 6.3314e-06 0.00162202 0.00162835 -0.168531 
0.548234 -27.7615 0.000316498 0.00209097 0.00240747 1.19156 
0.547982 -20.2212 0.00120213 0.00179574 0.00299787 2.32223 
0.54783 -8.78764 0.00201401 0.00095273 0.00296674 3.0058 
0.547807 4.33782 0.00215698 0.000179929 0.00233691 3.11066 
0.547917 16.6281 0.00152623 4.38428e-05 0.00157007 2.61661 
0.548139 25.717 0.000584144 0.000644231 0.00122837 1.61879 
0.548431 29.8545 2.13242e-05 0.00154097 0.0015623 0.30929 
0.548736 28.244 0.000250352 0.0020767 0.00232705 -1.05975 
0.548996 21.1957 0.00110334 0.0018587 0.00296204 -2.22476 
0.54916 10.0665 0.00195499 0.00104677 0.00300176 -2.96143 
0.549197 -3.00078 0.002181 0.00023611 0.00241711 -3.12793 
0.5491 -15.4903 0.00161568 2.0981e-05 0.00163666 -2.6922 
0.548887 -24.9975 0.000673456 0.000559085 0.00123254 -1.73814 
0.5486 -29.6919 4.50253e-05 0.00145596 0.00150099 -0.449426 
0.548294 -28.6696 0.000191069 0.00205414 0.00224521 0.925815 
0.548027 -22.1274 0.00100453 0.00191513 0.00291966 2.12281 
0.547851 -11.3251 0.00188909 0.00114082 0.00302991 2.91109 
0.5478 1.6577 0.00219631 0.000298841 0.00249515 3.13889 
0.547884 14.3213 0.00170099 6.40279e-06 0.00170739 2.76236 
0.548087 24.2277 0.000766218 0.000477885 0.0012441 1.85398 
0.548369 29.4694 7.72436e-05 0.00136766 0.00144491 0.588655 
0.548676 29.0373 0.000139125 0.00202347 0.0021626 -0.790008 
0.54895 23.0146 0.000906499 0.00196457 0.00287107 -2.01657 
0.549136 12.5608 0.00181684 0.00123413 0.00305097 -2.85488 
0.549201 -0.311279 0.0022028 0.000367615 0.00257042 -3.14353 
0.54913 -13.1235 0.00178146 2.25765e-07 0.00178169 -2.82695 
0.548938 -23.409 0.000861684 0.000401285 0.00126297 -1.96609 
0.548662 -29.1875 0.000117719 0.00127679 0.00139451 -0.726697 
0.548355 -29.3465 9.49394e-05 0.00198495 0.00207989 0.652609 
0.548075 -23.8553 0.000810043 0.00200663 0.00281667 1.90627 
0.547877 -13.7712 0.00173882 0.00132595 0.00306476 2.79291 
0.5478 -1.03577 0.00220041 0.000441878 0.00264229 3.14182 
0.547857 11.8991 0.00185645 2.49968e-06 0.00185895 2.88584 
0.548038 22.543 0.000959083 0.000329902 0.00128899 2.07423 
0.548308 28.8467 0.000166126 0.00118408 0.00135021 0.863274 
0.548615 29.5965 5.8869e-05 0.00193887 0.00199774 -0.513893 
0.548899 24.6479 0.000715937 0.00204096 0.0027569 -1.79212 
0.549108 14.9539 0.00165566 0.00141552 0.00307118 -2.72531 
0.549199 2.38074 0.00218916 0.000521032 0.0027102 -3.13378 
0.549155 -10.6508 0.00192536 1.32062e-05 0.00193857 -2.93891 
0.548986 -21.6317 0.00105763 0.000264313 0.00132194 -2.17819 
0.548722 -28.4478 0.000222074 0.00109028 0.00131235 -0.998111 
0.548417 -29.7868 3.12041e-05 0.00188561 0.00191682 0.374141 
0.548127 -25.3909 0.00062494 0.0020673 0.00269224 1.67436 
0.547909 -16.1064 0.00156804 0.00150214 0.00307018 2.65221 
0.547805 -3.7209 0.00216915 0.000604438 0.00277359 3.11942 
0.547834 9.38097 0.00198762 3.2259e-05 0.00201988 2.98605 
0.547992 20.6767 0.00115653 0.000205046 0.00136158 2.27776 
0.548248 27.9915 0.000285112 0.000996136 0.00128125 1.13093 
0.548552 29.917 1.21679e-05 0.00182561 0.00183778 -0.233635 
0.548846 26.0826 0.000537784 0.00208542 0.0026232 -1.55322 
0.549074 17.2264 0.00147665 0.0015851 0.00306175 -2.57376 
0.549191 5.05356 0.00214053 0.000691424 0.00283195 -3.09877 
0.549175 -8.09224 0.00204274 5.95046e-05 0.00210225 -3.02717 
0.549029 -19.68 0.00125499 0.000152579 0.00140757 -2.37274 
0.548781 -27.4788 0.000354731 0.000902417 0.00125715 -1.26148 
0.548479 -29.987 1.91383e-06 0.00175934 0.00176126 0.0926577 
0.548181 -26.7217 0.000455173 0.00209518 0.00255035 1.42895 
0.547945 -18.3117 0.00138224 0.00166374 0.00304598 2.49013 
0.547815 -6.37603 0.00210353 0.000781288 0.00288481 3.07188 
0.547817 6.7872 0.00209028 9.47232e-05 0.002185 3.06219 
0.547951 18.6437 0.00135221 0.000107334 0.00145954 2.46293 
0.54819 26.9106 0.000430371 0.000809876 0.00124025 1.38948 
0.548489 29.9964 5.24496e-07 0.00168734 0.00168787 0.0485066 
0.54879 27.307 0.000377773 0.0020965 0.00247427 -1.3018 
0.549035 19.36 0.00128557 0.00173741 0.00302298 -2.40147 
0.549177 7.68564 0.00205845 0.000873307 0.00293176 -3.03878 
0.549189 -5.46846 0.00212984 0.000137631 0.00226747 -3.09103 
0.549068 -17.5697 0.00144741 6.96765e-05 0.00151709 -2.54815 
0.548838 -26.2882 0.000511422 0.000719259 0.00123068 -1.51467 
0.548542 -29.9454 8.01113e-06 0.00161019 0.00161821 -0.189573 
0.548239 -27.8371 0.000306208 0.00208937 0.00239558 1.17203 
0.547986 -20.3693 0.00118742 0.00180553 0.00299295 2.30797 
0.547831 -8.97975 0.00200566 0.000966738 0.00297239 2.99956 
0.547806 4.1387 0.00216111 0.000187882 0.00234899 3.11364 
0.547914 16.4603 0.00153982 3.99102e-05 0.00157973 2.62824 
0.548135 25.6128 0.00059723 0.000631296 0.00122853 1.63682 
0.548426 29.834 2.43134e-05 0.00152852 0.00155283 0.330257 
0.548732 28.3112 0.000241054 0.00207386 0.00231491 -1.03989 
0.548993 21.3376 0.00108857 0.00186755 0.00295612 -2.20982 
0.549159 10.2558 0.00194558 0.00106083 0.0030064 -2.95429 
0.549198 -2.8006 0.00218384 0.000245071 0.00242891 -3.12997 
0.549103 -15.3177 0.0016287 1.8275e-05 0.00164697 -2.70302 
0.548891 -24.8857 0.000687103 0.000546696 0.0012338 -1.75566 
0.548605 -29.6624 4.92998e-05 0.00144297 0.00149227 -0.470275 
0.548298 -28.7281 0.000182837 0.00205007 0.00223291 0.905653 
0.54803 -22.2628 0.000989824 0.00192296 0.00291279 2.10721 
0.547853 -11.5111 0.00187869 0.00115482 0.00303351 2.90307 
0.5478 1.45684 0.00219784 0.000308737 0.00250658 3.13999 
0.547882 14.1443 0.00171333 4.94518e-06 0.00171827 2.77236 
0.548083 24.1085 0.000780317 0.000466142 0.00124646 1.87096 
0.548364 29.431 8.2769e-05 0.00135424 0.00143701 0.609345 
0.548672 29.0872 0.000132026 0.00201821 0.00215024 -0.769591 
0.548946 23.1431 0.00089198 0.00197133 0.00286331 -2.00036 
0.549134 12.7432 0.00180554 0.00124795 0.00305349 -2.84599 
0.549201 -0.110154 0.00220301 0.000378367 0.00258138 -3.14368 
0.549132 -12.9423 0.00179302 2.8272e-08 0.00179305 -2.83611 
0.548942 -23.2826 0.000876121 0.000390282 0.0012664 -1.98249 
0.548667 -29.1403 0.000124451 0.00126305 0.0013875 -0.747187 
0.548359 -29.3876 8.90314e-05 0.00197854 0.00206757 0.631977 
0.548079 -23.9767 0.000795826 0.00201225 0.00280808 1.88946 
0.54788 -13.9496 0.00172671 0.00133948 0.00306619 2.78317 
0.5478 -1.23676 0.00219929 0.000453399 0.00265269 3.14102 
0.547855 11.7142 0.00186714 3.5639e-06 0.00187071 2.89413 
0.548034 22.4098 0.000973741 0.00031973 0.00129347 2.09002 
0.548303 28.7908 0.00017401 0.00117013 0.00134414 0.883521 
0.54861 29.6287 5.4199e-05 0.00193137 0.00198556 -0.493089 
0.548896 24.762 0.000702137 0.00204541 0.00274755 -1.77476 
0.549105 15.1279 0.00164285 0.00142866 0.00307151 -2.71474 
0.549198 2.58118 0.00218673 0.000533229 0.00271996 -3.13204 
0.549157 -10.4625 0.00193509 1.55236e-05 0.00195061 -2.94632 
0.548989 -21.4918 0.00107239 0.000255052 0.00132744 -2.19334 
0.548727 -28.3833 0.000231047 0.00107623 0.00130727 -1.01807 
0.548421 -29.81 2.78098e-05 0.00187707 0.00190488 0.353206 
0.548131 -25.4974 0.000611667 0.00207053 0.0026822 1.65648 
0.547911 -16.2757 0.00155462 0.00151477 0.00306939 2.64083 
0.547805 -3.92039 0.00216542 0.000617213 0.00278263 3.11674 
0.547833 9.18972 0.00199632 3.58109e-05 0.00203213 2.99257 
0.547989 20.5305 0.00117128 0.000196771 0.00136805 2.29224 
0.548244 27.9185 0.000295101 0.000982099 0.0012772 1.15057 
0.548547 29.9313 1.00766e-05 0.0018161 0.00182618 -0.212612 
0.548842 26.1814 0.000525146 0.00208741 0.00261255 -1.53486 
0.549071 17.3907 0.00146273 0.00159713 0.00305986 -2.5616 
0.54919 5.2517 0.00213553 0.000704674 0.0028402 -3.09515 
0.549176 -7.89839 0.00205033 6.42622e-05 0.0021146 -3.03279 
0.549032 -19.5278 0.0012696 0.000145356 0.00141496 -2.38651 
0.548786 -27.3974 0.000365656 0.000888509 0.00125416 -1.28075 
0.548484 -29.9922 1.14242e-06 0.00174894 0.00175009 0.0715884 
0.548186 -26.8125 0.000443272 0.00209591 0.00253918 1.41015 
0.547948 -18.4706 0.00136794 0.00167506 0.003043 2.47721 
0.547816 -6.57242 0.0020973 0.000794907 0.00289221 3.06733 
0.547816 6.59113 0.0020967 0.000100648 0.00219735 3.06689 
0.547948 18.4857 0.00136657 0.000101222 0.00146779 2.47597 
0.548186 26.8211 0.000442143 0.000796208 0.00123835 1.40835 
0.548484 29.9927 1.0792e-06 0.00167614 0.00167722 0.0695793 
0.548786 27.3896 0.000366704 0.00209597 0.00246268 -1.28259 
0.549032 19.5132 0.00127099 0.00174795 0.00301894 -2.38782 
0.549176 7.87988 0.00205105 0.000887184 0.00293823 -3.03331 
0.54919 -5.27058 0.00213504 0.000144676 0.00227972 -3.0948 
0.549071 -17.4063 0.0014614 6.47251e-05 0.00152613 -2.56044 
0.548842 -26.1907 0.000523946 0.000705941 0.00122989 -1.53311 
0.548547 -29.9326 9.88747e-06 0.00159827 0.00160816 -0.210607 
0.548243 -27.9115 0.000296061 0.00208759 0.00238365 1.15244 
0.547989 -20.5165 0.00117268 0.00181519 0.00298787 2.29361 
0.547833 -9.17146 0.00199714 0.000980761 0.0029779 2.99319 
0.547805 3.9394 0.00216505 0.00019599 0.00236104 3.11648 
0.547912 16.2918 0.00155333 3.6159e-05 0.00158949 2.63974 
0.548131 25.5075 0.000610406 0.000618435 0.00122884 1.65478 
0.548422 29.8122 2.74962e-05 0.00151597 0.00154347 0.351209 
0.548727 28.3771 0.00023191 0.00207083 0.00230274 -1.01998 
0.548989 21.4785 0.0010738 0.00187625 0.00295005 -2.19478 
0.549157 10.4445 0.00193601 0.00107489 0.0030109 -2.94702 
0.549198 -2.60028 0.00218649 0.000254176 0.00244066 -3.13187 
0.549105 -15.1445 0.00164162 1.57542e-05 0.00165737 -2.71372 
0.548895 -24.7729 0.000700825 0.000534397 0.00123522 -1.7731 
0.548609 -29.6317 5.37635e-05 0.00142991 0.00148367 -0.491104 
0.548303 -28.7854 0.000174771 0.00204582 0.00222059 0.88545 
0.548034 -22.3971 0.00097514 0.00193064 0.00290578 2.09153 
0.547855 -11.6966 0.00186815 0.0011688 0.00303695 2.89492 
0.5478 1.25592 0.00219918 0.000318766 0.00251794 3.14094 
0.54788 13.9666 0.00172555 3.67519e-06 0.00172923 2.78223 
0.548079 23.9883 0.000794474 0.000454503 0.00124898 1.88786 
0.54836 29.3914 8.84776e-05 0.00134077 0.00142924 0.630008 
0.548667 29.1358 0.000125102 0.00201278 0.00213788 -0.749138 
0.548942 23.2705 0.000877499 0.00197792 0.00285542 -1.98405 
0.549132 12.925 0.00179412 0.00126174 0.00305585 -2.83697 
0.549201 0.0909763 0.00220302 0.00038924 0.00259226 -3.14368 
0.549134 -12.7606 0.00180446 1.92847e-08 0.00180447 -2.84513 
0.548946 -23.1553 0.000890598 0.000379398 0.00127 -1.99881 
0.548671 -29.0919 0.000131359 0.00124927 0.00138063 -0.767642 
0.548364 -29.4273 8.33054e-05 0.00197196 0.00205527 0.611317 
0.548083 -24.0971 0.000781664 0.0020177 0.00279937 1.87258 
0.547882 -14.1274 0.0017145 0.00135296 0.00306746 2.77331 
0.5478 -1.43769 0.00219798 0.000465028 0.00266301 3.14009 
0.547853 11.5288 0.00187769 4.81599e-06 0.00188251 2.9023 
0.548031 22.2756 0.000988423 0.000309688 0.00129811 2.10572 
0.548299 28.7337 0.000182061 0.00115615 0.00133821 0.903728 
0.548605 29.6596 4.97173e-05 0.0019237 0.00197342 -0.472262 
0.548892 24.875 0.000688408 0.00204968 0.00273808 -1.75733 
0.549103 15.3013 0.00162993 0.00144173 0.00307166 -2.70405 
0.549198 2.7815 0.0021841 0.000545519 0.00272962 -3.13016 
0.549158 -10.2738 0.00194467 1.80266e-05 0.0019627 -2.95361 
0.548992 -21.351 0.00108716 0.000245933 0.00133309 -2.20839 
0.548731 -28.3175 0.000240175 0.00106217 0.00130234 -1.03799 
0.548426 -29.832 2.46085e-05 0.00186838 0.00189299 0.332256 
0.548135 -25.6028 0.000598482 0.00207358 0.00267206 1.63853 
0.547914 -16.4443 0.00154111 0.00152732 0.00306844 2.62934 
0.547806 -4.11971 0.00216149 0.000630066 0.00279156 3.11391 
0.547831 8.99805 0.00200485 3.95447e-05 0.0020444 2.99896 
0.547986 20.3834 0.00118601 0.000188648 0.00137466 2.30661 
0.548239 27.8443 0.000305234 0.000968075 0.00127331 1.17016 
0.548543 29.9442 8.18157e-06 0.00180646 0.00181464 -0.191579 
0.548838 26.279 0.000512612 0.00208921 0.00260182 -1.51644 
0.549068 17.5542 0.00144875 0.00160906 0.00305781 -2.54933 
0.549189 5.4496 0.00213034 0.000717986 0.00284833 -3.09139 
0.549177 -7.70418 0.00205775 6.91968e-05 0.00212695 -3.03827 
0.549035 -19.3747 0.00128418 0.000138296 0.00142248 -2.40018 
0.54879 -27.3149 0.000376712 0.000874629 0.00125134 -1.29997 
0.548489 -29.9961 5.68851e-07 0.00173842 0.00173899 0.050516 
0.54819 -26.9021 0.000431489 0.00209646 0.00252795 1.39128 
0.547951 -18.6286 0.00135358 0.00168628 0.00303986 2.46418 
0.547817 -6.76851 0.0020909 0.000808571 0.00289947 3.06264 
0.547815 6.39477 0.00210294 0.000106744 0.00220968 3.07145 
0.547945 18.3268 0.00138088 9.52808e-05 0.00147616 2.4889 
0.548182 26.7304 0.000454033 0.000782585 0.00123662 1.42716 
0.54848 29.9875 1.83175e-06 0.00166482 0.00166665 0.0906489 
0.548782 27.4711 0.000355767 0.00209526 0.00245102 -1.26332 
0.549029 19.6655 0.00125638 0.00175836 0.00301474 -2.37406 
0.549175 8.07377 0.00204348 0.00090109 0.00294457 -3.02771 
0.549191 -5.07246 0.00214006 0.000151883 0.00229194 -3.09843 
0.549073 -17.2421 0.00147533 5.99506e-05 0.00153528 -2.57261 
0.548846 -26.092 0.000536575 0.000692684 0.00122926 -1.55147 
0.548552 -29.9185 1.19601e-05 0.00158625 0.00159821 -0.231631 
0.548247 -27.9846 0.000286058 0.00208562 0.00237167 1.13281 
0.547992 -20.6628 0.00115794 0.00182471 0.00298265 2.27915 
0.547834 -9.36275 0.00198846 0.000994797 0.00298326 2.98668 
0.547805 3.73993 0.0021688 0.00020425 0.00237305 3.11917 
0.547909 16.1226 0.00156676 3.25898e-05 0.00159935 2.65113 
0.548127 25.4011 0.00062367 0.000605652 0.00122932 1.67266 
0.548417 29.7891 3.08722e-05 0.00150335 0.00153422 0.372146 
0.548723 28.4417 0.000222923 0.00206761 0.00229054 -1.00002 
0.548986 21.6184 0.00105904 0.00188481 0.00294384 -2.17964 
0.549155 10.6329 0.00192629 0.00108894 0.00301523 -2.93962 
0.549199 -2.39985 0.00218894 0.000263424 0.00245237 -3.13362 
0.549107 -14.9705 0.00165444 1.34192e-05 0.00166786 -2.7243 
0.548899 -24.6589 0.000714618 0.000522191 0.00123681 -1.79047 
0.548614 -29.5996 5.84156e-05 0.00141678 0.00147519 -0.511911 
0.548307 -28.8414 0.000166871 0.0020414 0.00220827 0.865207 
0.548037 -22.5304 0.00096048 0.00193816 0.00289864 2.07574 
0.547857 -11.8815 0.00185748 0.00118275 0.00304023 2.88663 
0.5478 1.05494 0.00220031 0.000328927 0.00252924 3.14175 
0.547878 13.7883 0.00173767 2.59305e-06 0.00174026 2.79198 
0.548075 23.8669 0.000808685 0.000442972 0.00125166 1.90467 
0.548355 29.3504 9.43683e-05 0.00132724 0.00142161 0.650643 
0.548662 29.183 0.000118354 0.00200717 0.00212553 -0.728653 
0.548939 23.397 0.000863059 0.00198434 0.0028474 -1.96766 
0.54913 13.1062 0.00178257 0.00127548 0.00305805 -2.82783 
0.549201 0.292102 0.00220283 0.000400231 0.00260306 -3.14355 
0.549136 -12.5782 0.00181576 1.98804e-07 0.00181596 -2.85403 
0.548949 -23.0269 0.000905113 0.000368635 0.00127375 -2.01503 
0.548676 -29.0421 0.00013844 0.00123545 0.00137389 -0.788063 
0.548368 -29.4658 7.77625e-05 0.00196522 0.00204299 0.590629 
0.548086 -24.2163 0.00076756 0.00202298 0.00279054 1.85561 
0.547884 -14.3045 0.00170217 0.00136638 0.00306855 2.76332 
0.5478 -1.63855 0.00219647 0.000476761 0.00267323 3.139 
0.547851 11.3429 0.0018881 6.25573e-06 0.00189436 2.91033 
0.548027 22.1404 0.00100312 0.000299778 0.0013029 2.12132 
0.548294 28.6752 0.000190277 0.00114216 0.00133244 0.923894 
0.548601 29.6891 4.54247e-05 0.00191588 0.00196131 -0.451415 
0.548888 24.9869 0.000674754 0.00205376 0.00272852 -1.73981 
0.5491 15.4739 0.00161693 0.00145472 0.00307165 -2.69324 
0.549197 2.9817 0.00218128 0.0005579 0.00273918 -3.12813 
0.54916 -10.0846 0.0019541 2.0715e-05 0.00197481 -2.96076 
0.548996 -21.2093 0.00110193 0.000236958 0.00133889 -2.22334 
0.548736 -28.2505 0.000249459 0.00104811 0.00129757 -1.05786 
0.548431 -29.8526 2.16009e-05 0.00185955 0.00188115 0.31129 
0.548139 -25.7071 0.000585388 0.00207644 0.00266183 1.62051 
0.547916 -16.6121 0.00152753 0.00153979 0.00306732 2.61773 
0.547807 -4.31884 0.00215738 0.000642994 0.00280038 3.11095 
0.54783 8.80598 0.00201322 4.346e-05 0.00205668 3.00521 
0.547983 20.2354 0.00120073 0.00018068 0.00138141 2.32088 
0.548235 27.7688 0.000315511 0.000954065 0.00126958 1.1897 
0.548538 29.9558 6.48307e-06 0.00179668 0.00180316 -0.170538 
0.548834 26.3754 0.000500183 0.00209083 0.00259101 -1.49794 
0.549066 17.7169 0.0014347 0.00162089 0.00305559 -2.53694 
0.549188 5.64726 0.00212497 0.000731358 0.00285633 -3.0875 
0.549178 -7.50962 0.002065 7.43074e-05 0.0021393 -3.04361 
0.549038 -19.2207 0.00129873 0.000131399 0.00143013 -2.41373 
0.548794 -27.2311 0.000387899 0.000860781 0.00124868 -1.31913 
0.548493 -29.9987 1.93221e-07 0.00172777 0.00172797 0.0294413 
0.548194 -26.9906 0.000419826 0.00209682 0.00251664 1.37235 
0.547954 -18.7859 0.00133918 0.00169738 0.00303656 2.45103 
0.547818 -6.9643 0.00208432 0.000822278 0.00290659 3.05782 
0.547814 6.19812 0.002109 0.000113009 0.00222201 3.07587 
0.547942 18.1672 0.00139514 8.95108e-05 0.00148465 2.50172 
0.548178 26.6385 0.00046604 0.00076901 0.00123505 1.44591 
0.548475 29.9811 2.78201e-06 0.00165339 0.00165617 0.111714 
0.548777 27.5513 0.000344965 0.00209435 0.00243932 -1.24399 
0.549026 19.817 0.00124175 0.00176864 0.00301039 -2.36019 
0.549174 8.2673 0.00203573 0.000915022 0.00295076 -3.02197 
0.549191 -4.87411 0.00214489 0.000159251 0.00230414 -3.10193 
0.549076 -17.0771 0.00148919 5.53538e-05 0.00154454 -2.58467 
0.54885 -25.9922 0.000549304 0.000679492 0.0012288 -1.56977 
0.548556 -29.903 1.42286e-05 0.00157414 0.00158836 -0.252645 
0.548252 -28.0564 0.000276202 0.00208346 0.00235966 1.11312 
0.547995 -20.8082 0.00114318 0.00183409 0.00297728 2.26458 
0.547836 -9.55363 0.00197962 0.00100884 0.00298846 2.98003 
0.547804 3.54028 0.00217236 0.000212663 0.00238502 3.12173 
0.547907 15.9526 0.00158011 2.92033e-05 0.00160931 2.6624 
0.548123 25.2935 0.000637021 0.000592949 0.00122997 1.69047 
0.548412 29.7646 3.44406e-05 0.00149064 0.00152508 0.393066 
0.548718 28.505 0.000214094 0.00206422 0.00227831 -0.980012 
0.548982 21.7574 0.00104428 0.00189321 0.00293749 -2.16441 
0.549154 10.8207 0.00191643 0.00110298 0.00301941 -2.93208 
0.549199 -2.19931 0.0021912 0.000272813 0.00246401 -3.13524 
0.54911 -14.7959 0.00166717 1.12702e-05 0.00167844 -2.73476 
0.548903 -24.5438 0.000728481 0.000510079 0.00123856 -1.80775 
0.548619 -29.5662 6.32552e-05 0.00140358 0.00146684 -0.532694 
0.548312 -28.8961 0.000159139 0.00203679 0.00219593 0.844925 
0.548041 -22.6627 0.000945844 0.00194552 0.00289137 2.05987 
0.547858 -12.0659 0.00184667 0.00119668 0.00304335 2.87822 
0.5478 0.85391 0.00220125 0.000339217 0.00254047 3.14242 
0.547875 13.6093 0.00174967 1.69895e-06 0.00175137 2.80161 
0.548072 23.7445 0.00082295 0.000431549 0.0012545 1.92139 
0.54835 29.3081 0.00010044 0.00131366 0.0014141 0.671248 
0.548658 29.229 0.000111782 0.00200139 0.00211318 -0.708134 
0.548935 23.5223 0.000848661 0.0019906 0.00283926 -1.95118 
0.549128 13.2868 0.0017709 0.00128919 0.00306009 -2.81856 
0.549201 0.493215 0.00220244 0.000411338 0.00261378 -3.14327 
0.549138 -12.3954 0.00182694 5.66799e-07 0.00182751 -2.86281 
0.548953 -22.8974 0.000919664 0.000357993 0.00127766 -2.03116 
0.54868 -28.991 0.000145695 0.0012216 0.0013673 -0.808449 
0.548373 -29.5029 7.24037e-05 0.00195832 0.00203072 0.569915 
0.54809 -24.3345 0.000753516 0.00202808 0.0027816 1.83855 
0.547886 -14.481 0.00168974 0.00137975 0.00306949 2.75321 
0.547801 -1.83935 0.00219476 0.000488597 0.00268335 3.13778 
0.547849 11.1564 0.00189837 7.88285e-06 0.00190625 2.91823 
0.548024 22.0042 0.00101784 0.000290004 0.00130785 2.13683 
0.54829 28.6154 0.000198656 0.00112815 0.0013268 0.944019 
0.548596 29.7173 4.1322e-05 0.00190791 0.00194923 -0.430547 
0.548884 25.0976 0.000661176 0.00205767 0.00271884 -1.72222 
0.549098 15.6459 0.00160383 0.00146765 0.00307148 -2.68231 
0.549197 3.18177 0.00217826 0.000570369 0.00274863 -3.12597 
0.549162 -9.89493 0.00196337 2.35881e-05 0.00198696 -2.96778 
0.548999 -21.0665 0.0011167 0.00022813 0.00134483 -2.23819 
0.54874 -28.1822 0.000258896 0.00103405 0.00129295 -1.07769 
0.548435 -29.8718 1.87873e-05 0.00185057 0.00186935 0.29031 
0.548143 -25.8102 0.000572386 0.00207912 0.0026515 1.60241 
0.547919 -16.7792 0.00151387 0.00155216 0.00306604 2.606 
0.547807 -4.51778 0.00215308 0.000655995 0.00280907 3.10785 
0.547829 8.61351 0.00202143 4.7556e-05 0.00206898 3.01133 
0.547979 20.0864 0.00121543 0.000172869 0.0013883 2.33504 
0.54823 27.692 0.000325929 0.000940072 0.001266 1.20918 
0.548533 29.9661 4.98145e-06 0.00178676 0.00179174 -0.149488 
0.54883 26.4706 0.000487863 0.00209226 0.00258012 -1.47938 
0.549063 17.8788 0.00142059 0.00163262 0.00305321 -2.52443 
0.549187 5.84467 0.00211942 0.000744786 0.00286421 -3.08346 
0.54918 -7.31472 0.00207207 7.95932e-05 0.00215166 -3.04882 
0.549041 -19.0658 0.00131324 0.000124667 0.00143791 -2.42718 
0.548798 -27.1461 0.000399214 0.000846966 0.00124618 -1.33824 
0.548498 -29.9999 1.5599e-08 0.001717 0.00171702 0.00836524 
0.548198 -27.0777 0.000408286 0.00209699 0.00250527 1.35336 
0.547957 -18.9423 0.00132474 0.00170837 0.0030331 2.43778 
0.547819 -7.15978 0.00207756 0.000836026 0.00291358 3.05285 
0.547813 6.00119 0.00211488 0.000119442 0.00223432 3.08016 
0.547939 18.0067 0.00140935 8.39132e-05 0.00149326 2.51443 
0.548174 26.5454 0.000478161 0.000755485 0.00123365 1.46459 
0.54847 29.9732 3.92982e-06 0.00164185 0.00164578 0.132775 
0.548773 27.6302 0.000334298 0.00209326 0.00242756 -1.22461 
0.549023 19.9675 0.00122709 0.00177879 0.00300588 -2.34621 
0.549172 8.46046 0.00202783 0.000928978 0.0029568 -3.01609 
0.549192 -4.67555 0.00214953 0.00016678 0.00231631 -3.10528 
0.549079 -16.9114 0.00150298 5.09355e-05 0.00155391 -2.5966 
0.548854 -25.8912 0.000562134 0.000666366 0.0012285 -1.588 
0.548561 -29.8861 1.66926e-05 0.00156192 0.00157862 -0.273647 
0.548256 -28.127 0.000266495 0.00208111 0.00234761 1.09339 
0.547998 -20.9526 0.00112842 0.00184333 0.00297175 2.24991 
0.547837 -9.74407 0.00197063 0.00102289 0.00299352 2.97325 
0.547804 3.34048 0.00217572 0.000221226 0.00239695 3.12415 
0.547904 15.7819 0.00159337 2.6e-05 0.00161937 2.67354 
0.548119 25.1848 0.000650454 0.000580328 0.00123078 1.7082 
0.548408 29.7388 3.82009e-05 0.00147785 0.00151605 0.413968 
0.548714 28.5671 0.000205424 0.00206064 0.00226606 -0.959964 
0.548979 21.8953 0.00102954 0.00190146 0.002931 -2.14907 
0.549152 11.008 0.00190642 0.00111702 0.00302344 -2.92441 
0.549199 -1.99868 0.00219326 0.000282342 0.0024756 -3.13671 
0.549112 -14.6206 0.00167979 9.30767e-06 0.0016891 -2.74509 
0.548907 -24.4275 0.000742412 0.000498064 0.00124048 -1.82495 
0.548623 -29.5314 6.82815e-05 0.00139032 0.0014586 -0.553454 
0.548316 -28.9496 0.000151577 0.00203201 0.00218358 0.824605 
0.548044 -22.794 0.000931237 0.00195272 0.00288396 2.0439 
0.54786 -12.2498 0.00183572 0.00121059 0.00304631 2.86968 
0.547799 0.652844 0.002202 0.000349634 0.00255163 3.14295 
0.547873 13.4298 0.00176155 9.93057e-07 0.00176254 2.81111 
0.548068 23.6211 0.000837264 0.000420237 0.0012575 1.93803 
0.548346 29.2645 0.000106692 0.00130004 0.00140673 0.691823 
0.548653 29.2736 0.000105388 0.00199544 0.00210083 -0.687583 
0.548931 23.6466 0.000834308 0.00199668 0.00283099 -1.93461 
0.549126 13.4669 0.00175911 0.00130285 0.00306196 -2.80916 
0.549201 0.694306 0.00220186 0.000422561 0.00262442 -3.14286 
0.54914 -12.2119 0.00183799 1.1232e-06 0.00183912 -2.87145 
0.548956 -22.767 0.000934247 0.000347476 0.00128172 -2.0472 
0.548685 -28.9387 0.000153122 0.00120772 0.00136084 -0.828798 
0.548378 -29.5387 6.72299e-05 0.00195125 0.00201848 0.549175 
0.548094 -24.4516 0.000739534 0.00203301 0.00277254 1.82141 
0.547889 -14.6568 0.0016772 0.00139306 0.00307026 2.74297 
0.547801 -2.04006 0.00219285 0.000500533 0.00269338 3.13642 
0.547848 10.9694 0.0019085 9.69706e-06 0.00191819 2.92601 
0.54802 21.867 0.00103258 0.000280366 0.00131294 2.15224 
0.548285 28.5544 0.000207198 0.00111412 0.00132132 0.964102 
0.548591 29.7442 3.74099e-05 0.00189977 0.00193718 -0.409659 
0.54888 25.2073 0.000647678 0.00206139 0.00270907 -1.70455 
0.549095 15.8171 0.00159064 0.0014805 0.00307114 -2.67126 
0.549196 3.38169 0.00217505 0.000582923 0.00275797 -3.12366 
0.549163 -9.70484 0.00197249 2.66455e-05 0.00199914 -2.97466 
0.549002 -20.9229 0.00113147 0.000219448 0.00135091 -2.25294 
0.548745 -28.1126 0.000268484 0.00102 0.00128848 -1.09746 
0.54844 -29.8897 1.61685e-05 0.00184144 0.00185761 0.269317 
0.548147 -25.9121 0.00055948 0.00208161 0.00264109 1.58424 
0.547922 -16.9456 0.00150014 0.00156445 0.00306459 2.59415 
0.547808 -4.71651 0.00214859 0.000669067 0.00281765 3.1046 
0.547827 8.42066 0.00202947 5.18319e-05 0.0020813 3.01732 
0.547976 19.9366 0.00123011 0.000165214 0.00139533 2.3491 
0.548226 27.6141 0.000336486 0.000926098 0.00126258 1.22861 
0.548529 29.975 3.67698e-06 0.00177671 0.00178039 -0.128433 
0.548826 26.5647 0.000475652 0.0020935 0.00256915 -1.46075 
0.54906 18.0399 0.00140643 0.00164424 0.00305067 -2.51182 
0.549186 6.04182 0.00211368 0.000758269 0.00287195 -3.07928 
0.549181 -7.1195 0.00207897 8.50532e-05 0.00216402 -3.05389 
0.549044 -18.9101 0.00132772 0.000118101 0.00144582 -2.44052 
0.548803 -27.0599 0.000410655 0.000833188 0.00124384 -1.35728 
0.548503 -29.9998 3.60174e-08 0.00170611 0.00170615 -0.0127112 
0.548203 -27.1637 0.00039687 0.00209697 0.00249384 1.3343 
0.54796 -19.0978 0.00131025 0.00171923 0.00302949 2.42442 
0.547821 -7.35494 0.00207062 0.000849812 0.00292044 3.04776 
0.547812 5.80399 0.00212058 0.000126042 0.00224662 3.0843 
0.547937 17.8455 0.0014235 7.8489e-05 0.00150199 2.52702 
0.548169 26.4511 0.000490394 0.000742013 0.00123241 1.48321 
0.548466 29.9641 5.27496e-06 0.00163021 0.00163549 0.153829 
0.548769 27.708 0.000323769 0.00209198 0.00241575 -1.20517 
0.54902 20.1172 0.0012124 0.00178882 0.00300122 -2.33213 
0.549171 8.65323 0.00201975 0.000942956 0.00296271 -3.01008 
0.549193 -4.47677 0.00215398 0.000174467 0.00232845 -3.1085 
0.549081 -16.7448 0.00151669 4.66966e-05 0.00156339 -2.60843 
0.548858 -25.789 0.00057506 0.000653309 0.00122837 -1.60615 
0.548566 -29.8679 1.93516e-05 0.00154962 0.00156897 -0.294637 
0.548261 -28.1963 0.000256938 0.00207858 0.00233552 1.0736 
0.548002 -21.096 0.00111365 0.00185243 0.00296608 2.23514 
0.547839 -9.93407 0.00196147 0.00103695 0.00299842 2.96634 
0.547803 3.14053 0.0021789 0.000229938 0.00240883 3.12642 
0.547902 15.6105 0.00160654 2.29806e-05 0.00162952 2.68457 
0.548115 25.0749 0.000663969 0.000567791 0.00123176 1.72585 
0.548403 29.7116 4.21524e-05 0.00146499 0.00150714 0.434851 
0.54871 28.6279 0.000196915 0.00205688 0.00225379 -0.939873 
0.548976 22.0323 0.00101481 0.00190956 0.00292437 -2.13364 
0.54915 11.1949 0.00189626 0.00113104 0.0030273 -2.91662 
0.5492 -1.79795 0.00219513 0.000292008 0.00248713 -3.13805 
0.549114 -14.4446 0.00169231 7.53201e-06 0.00169984 -2.7553 
0.548911 -24.3102 0.000756407 0.000486148 0.00124255 -1.84207 
0.548628 -29.4954 7.34936e-05 0.001377 0.0014505 -0.574188 
0.548321 -29.0017 0.000144185 0.00202704 0.00217123 0.804248 
0.548048 -22.9242 0.000916661 0.00195975 0.00287642 2.02784 
0.547862 -12.4331 0.00182465 0.00122446 0.00304911 2.86101 
0.547799 0.451747 0.00220254 0.000360177 0.00256272 3.14334 
0.547871 13.2496 0.00177332 4.75496e-07 0.00177379 2.82048 
0.548064 23.4966 0.000851626 0.000409039 0.00126066 1.95458 
0.548341 29.2196 0.000113122 0.00128637 0.00139949 0.712367 
0.548649 29.317 9.91733e-05 0.00198932 0.0020885 -0.667002 
0.548928 23.7699 0.000820004 0.0020026 0.0028226 -1.91795 
0.549124 13.6463 0.0017472 0.00131647 0.00306367 -2.79963 
0.5492 0.895366 0.00220108 0.000433896 0.00263497 -3.1423 
0.549142 -12.0279 0.00184891 1.86791e-06 0.00185078 -2.87997 
0.54896 -22.6355 0.00094886 0.000337085 0.00128594 -2.06315 
0.548689 -28.885 0.00016072 0.00119381 0.00135453 -0.84911 
0.548382 -29.5732 6.2242e-05 0.00194402 0.00200626 0.52841 
0.548098 -24.5676 0.000725617 0.00203775 0.00276337 1.80419 
0.547891 -14.8319 0.00166455 0.00140631 0.00307086 2.73261 
0.547801 -2.24067 0.00219075 0.000512568 0.00270332 3.13492 
0.547846 10.782 0.00191848 1.1698e-05 0.00193017 2.93365 
0.548017 21.7288 0.00104732 0.000270866 0.00131819 2.16756 
0.548281 28.4921 0.000215901 0.00110009 0.00131599 0.984141 
0.548587 29.7697 3.36891e-05 0.00189149 0.00192518 -0.388753 
0.548876 25.3158 0.000634261 0.00206493 0.00269919 -1.6868 
0.549093 15.9877 0.00157736 0.00149327 0.00307063 -2.66008 
0.549196 3.58146 0.00217164 0.000595562 0.0027672 -3.12121 
0.549165 -9.5143 0.00198146 2.98866e-05 0.00201134 -2.98141 
0.549005 -20.7783 0.00114623 0.000210916 0.00135714 -2.26759 
0.548749 -28.0417 0.000278222 0.00100594 0.00128417 -1.11719 
0.548445 -29.9063 1.37448e-05 0.00183217 0.00184591 0.248313 
0.548151 -26.0129 0.000546671 0.00208392 0.00263059 1.566 
0.547924 -17.1112 0.00148633 0.00157664 0.00306298 2.58219 
0.547809 -4.91503 0.00214391 0.000682207 0.00282611 3.10122 
0.547826 8.22743 0.00203734 5.6287e-05 0.00209363 3.02317 
0.547973 19.7858 0.00124477 0.000157719 0.00140249 2.36305 
0.548222 27.5348 0.000347181 0.000912147 0.00125933 1.24798 
0.548524 29.9825 2.56989e-06 0.00176653 0.0017691 -0.107371 
0.548821 26.6576 0.000463555 0.00209455 0.00255811 -1.44205 
0.549057 18.2002 0.00139221 0.00165576 0.00304796 -2.49909 
0.549185 6.23869 0.00210777 0.000771805 0.00287957 -3.07497 
0.549182 -6.92396 0.00208569 9.06864e-05 0.00217637 -3.05882 
0.549047 -18.7535 0.00134215 0.000111703 0.00145386 -2.45375 
0.548807 -26.9724 0.000422221 0.000819448 0.00124167 -1.37626 
0.548508 -29.9983 2.54472e-07 0.0016951 0.00169536 -0.033787 
0.548207 -27.2485 0.000385582 0.00209676 0.00248234 1.31519 
0.547963 -19.2525 0.00129573 0.00172998 0.00302571 2.41095 
0.547822 -7.54976 0.00206352 0.000863633 0.00292715 3.04252 
0.547812 5.60653 0.0021261 0.000132808 0.0022589 3.08831 
0.547934 17.6834 0.0014376 7.32393e-05 0.00151084 2.5395 
0.548165 26.3556 0.000502737 0.000728596 0.00123133 1.50176 
0.548461 29.9535 6.8172e-06 0.00161846 0.00162528 0.174877 
0.548764 27.7845 0.00031338 0.00209051 0.00240389 -1.18567 
0.549017 20.266 0.0011977 0.0017987 0.0029964 -2.31794 
0.54917 8.84562 0.00201151 0.000956952 0.00296846 -3.00394 
0.549194 -4.27779 0.00215825 0.000182311 0.00234056 -3.11157 
0.549084 -16.5776 0.00153034 4.26379e-05 0.00157298 -2.62013 
0.548862 -25.6857 0.00058808 0.000640322 0.0012284 -1.62423 
0.54857 -29.8484 2.22052e-05 0.00153723 0.00155943 -0.315614 
0.548265 -28.2644 0.000247532 0.00207586 0.0023234 1.05377 
0.548005 -21.2386 0.00109888 0.00186138 0.00296027 2.22027 
0.54784 -10.1236 0.00195217 0.00105101 0.00300318 2.95929 
0.547803 2.94043 0.00218187 0.000238797 0.00242067 3.12856 
0.547899 15.4384 0.00161962 2.01455e-05 0.00163976 2.69548 
0.548111 24.9639 0.000677563 0.00055534 0.0012329 1.74343 
0.548398 29.6831 4.62943e-05 0.00145205 0.00149834 0.455715 
0.548705 28.6874 0.000188569 0.00205293 0.0022415 -0.919739 
0.548972 22.1684 0.00100009 0.00191751 0.0029176 -2.11811 
0.549148 11.3812 0.00188597 0.00114505 0.00303101 -2.90868 
0.5492 -1.59714 0.00219679 0.000301811 0.00249861 -3.13924 
0.549116 -14.268 0.00170472 5.94351e-06 0.00171066 -2.76539 
0.548914 -24.1918 0.000770464 0.000474333 0.0012448 -1.85911 
0.548633 -29.458 7.88904e-05 0.00136362 0.00144251 -0.594897 
0.548325 -29.0525 0.000136966 0.00202191 0.00215887 0.783855 
0.548052 -23.0534 0.000902117 0.00196663 0.00286874 2.01169 
0.547864 -12.6159 0.00181344 0.0012383 0.00305175 2.85221 
0.547799 0.250631 0.00220289 0.000370844 0.00257373 3.14359 
0.547869 13.0689 0.00178496 1.46361e-07 0.00178511 2.82972 
0.548061 23.371 0.000866033 0.000397955 0.00126399 1.97105 
0.548337 29.1734 0.000119731 0.00127265 0.00139238 0.732879 
0.548644 29.359 9.31388e-05 0.00198303 0.00207617 -0.64639 
0.548924 23.892 0.00080575 0.00200834 0.00281409 -1.90121 
0.549122 13.8251 0.00173518 0.00133003 0.00306521 -2.78998 
0.5492 1.09639 0.0022001 0.000445341 0.00264544 -3.1416 
0.549144 -11.8434 0.00185969 2.8008e-06 0.00186249 -2.88835 
0.548963 -22.503 0.000963501 0.000326821 0.00129032 -2.07901 
0.548694 -28.83 0.000168486 0.00117988 0.00134836 -0.869384 
0.548387 -29.6063 5.7441e-05 0.00193662 0.00199406 0.507622 
0.548102 -24.6825 0.000711768 0.00204232 0.00275409 1.78689 
0.547893 -15.0064 0.00165181 0.00141949 0.0030713 2.72213 
0.547802 -2.44119 0.00218845 0.0005247 0.00271315 3.13327 
0.547844 10.5941 0.00192831 1.38854e-05 0.0019422 2.94116 
0.548013 21.5896 0.00106208 0.000261506 0.00132359 2.18277 
0.548276 28.4285 0.000224763 0.00108604 0.0013108 1.00414 
0.548582 29.7939 3.01603e-05 0.00188306 0.00191322 -0.36783 
0.548872 25.4231 0.000620928 0.00206829 0.00268922 -1.66898 
0.54909 16.1575 0.001564 0.00150596 0.00306996 -2.64879 
0.549195 3.78107 0.00216804 0.000608282 0.00277633 -3.11863 
0.549166 -9.32334 0.00199026 3.33109e-05 0.00202357 -2.98803 
0.549009 -20.6327 0.00116098 0.000202535 0.00136351 -2.28214 
0.548753 -27.9696 0.000288109 0.000991902 0.00128001 -1.13686 
0.548449 -29.9215 1.15167e-05 0.00182276 0.00183428 0.227297 
0.548155 -26.1125 0.000533962 0.00208604 0.00262 1.54769 
0.547927 -17.276 0.00147246 0.00158874 0.0030612 2.57011 
0.547809 -5.11333 0.00213904 0.000695413 0.00283445 3.0977 
0.547825 8.03382 0.00204505 6.09206e-05 0.00210597 3.02888 
0.54797 19.6342 0.0012594 0.000150384 0.00140978 2.3769 
0.548217 27.4544 0.000358012 0.00089822 0.00125623 1.2673 
0.548519 29.9887 1.66039e-06 0.00175622 0.00175788 -0.0863046 
0.548817 26.7492 0.000451572 0.00209542 0.00254699 -1.42329 
0.549054 18.3597 0.00137793 0.00166716 0.0030451 -2.48624 
0.549184 6.43528 0.00210167 0.00078539 0.00288706 -3.07052 
0.549183 -6.7281 0.00209223 9.64919e-05 0.00218872 -3.06362 
0.54905 -18.5961 0.00135655 0.000105473 0.00146202 -2.46687 
0.548811 -26.8838 0.000433909 0.00080575 0.00123966 -1.39518 
0.548512 -29.9954 6.70924e-07 0.00168398 0.00168465 -0.0548613 
0.548211 -27.332 0.000374422 0.00209636 0.00247078 1.29602 
0.547966 -19.4063 0.00128118 0.0017406 0.00302178 2.39737 
0.547823 -7.74425 0.00205623 0.000877488 0.00293372 3.03715 
0.547811 5.40882 0.00213143 0.000139738 0.00227117 3.09218 
0.547931 17.5205 0.00145164 6.81648e-05 0.0015198 2.55187 
0.548161 26.2589 0.000515188 0.000715236 0.00123042 1.52024 
0.548456 29.9417 8.55625e-06 0.00160661 0.00161517 0.195917 
0.54876 27.8597 0.000303133 0.00208886 0.00239199 -1.16613 
0.549014 20.4138 0.00118297 0.00180846 0.00299143 -2.30365 
0.549168 9.03761 0.00200311 0.000970966 0.00297407 -2.99765 
0.549194 -4.07862 0.00216232 0.00019031 0.00235263 -3.11451 
0.549087 -16.4096 0.0015439 3.87599e-05 0.00158266 -2.63172 
0.548866 -25.5812 0.000601193 0.00062741 0.0012286 -1.64224 
0.548575 -29.8276 2.52528e-05 0.00152474 0.00155 -0.336577 
0.54827 -28.3312 0.00023828 0.00207296 0.00231124 1.03389 
0.548008 -21.3801 0.00108411 0.00187019 0.0029543 2.2053 
0.547842 -10.3127 0.00194271 0.00106507 0.00300777 2.95212 
0.547802 2.74021 0.00218466 0.000247801 0.00243246 3.13056 
0.547897 15.2656 0.0016326 1.74953e-05 0.0016501 2.70626 
0.548107 24.8518 0.000691233 0.000542978 0.00123421 1.76093 
0.548394 29.6533 5.0626e-05 0.00143904 0.00148966 0.476559 
0.548701 28.7456 0.000180387 0.00204881 0.0022292 -0.899565 
0.548969 22.3034 0.000985394 0.0019253 0.00291069 -2.10249 
0.549147 11.5671 0.00187553 0.00115904 0.00303456 -2.90062 
0.5492 -1.39626 0.00219827 0.000311747 0.00251001 -3.14029 
0.549119 -14.0908 0.00171702 4.54245e-06 0.00172157 -2.77535 
0.548918 -24.0724 0.00078458 0.000462621 0.0012472 -1.87607 
0.548637 -29.4192 8.44712e-05 0.00135018 0.00143466 -0.615579 
0.54833 -29.102 0.00012992 0.00201659 0.00214651 0.763427 
full duration of calculation: 0.015 sec
