0.54847 -29.9711 4.0374e-06 0.002097 0.00210104 0.13458 
0.54844 -29.8845 1.61185e-05 0.00209296 0.00210908 0.268901 
0.54841 -29.7404 3.61504e-05 0.00208089 0.00211704 0.402704 
0.548381 -29.539 6.39787e-05 0.00206087 0.00212485 0.535732 
0.548351 -29.2808 9.93894e-05 0.00203305 0.00213244 0.667728 
0.548322 -28.9662 0.00014211 0.00199766 0.00213977 0.798439 
0.548293 -28.5958 0.000191811 0.00195496 0.00214677 0.927613 
0.548265 -28.1703 0.000248111 0.00190528 0.00215339 1.055 
0.548237 -27.6906 0.000310575 0.00184901 0.00215958 1.18036 
0.548209 -27.1576 0.000378724 0.00178657 0.0021653 1.30344 
0.548183 -26.5723 0.000452032 0.00171846 0.00217049 1.42401 
0.548156 -25.9359 0.000529936 0.00164519 0.00217512 1.54185 
0.548131 -25.2495 0.000611835 0.00156732 0.00217915 1.65671 
0.548106 -24.5145 0.000697099 0.00148546 0.00218256 1.76839 
0.548082 -23.7323 0.000785072 0.00140024 0.00218531 1.87666 
0.548058 -22.9044 0.000875077 0.00131231 0.00218738 1.98131 
0.548036 -22.0324 0.000966421 0.00122234 0.00218876 2.08215 
0.548014 -21.118 0.0010584 0.00113104 0.00218944 2.17899 
0.547994 -20.1629 0.00115031 0.00103911 0.00218942 2.27162 
0.547974 -19.169 0.00124143 0.000947247 0.00218868 2.35989 
0.547955 -18.1383 0.00133108 0.000856164 0.00218724 2.44361 
0.547938 -17.0725 0.00141855 0.000766561 0.00218512 2.52262 
0.547921 -15.974 0.00150318 0.000679129 0.00218231 2.59678 
0.547906 -14.8446 0.00158432 0.000594539 0.00217886 2.66594 
0.547891 -13.6867 0.00166133 0.000513444 0.00217478 2.72997 
0.547878 -12.5024 0.00173363 0.000436468 0.0021701 2.78874 
0.547866 -11.2941 0.00180066 0.000364203 0.00216486 2.84214 
0.547856 -10.064 0.0018619 0.000297206 0.00215911 2.89007 
0.547846 -8.81452 0.00191689 0.000235991 0.00215288 2.93244 
0.547838 -7.54808 0.0019652 0.000181031 0.00214623 2.96915 
0.547831 -6.26712 0.00200645 0.000132748 0.0021392 3.00016 
0.547826 -4.97408 0.00204033 9.15148e-05 0.00213185 3.02538 
0.547821 -3.67147 0.00206659 5.76477e-05 0.00212423 3.04478 
0.547818 -2.36179 0.00208501 3.14077e-05 0.00211641 3.05832 
0.547817 -1.04757 0.00209545 1.29969e-05 0.00210845 3.06597 
0.547816 0.268678 0.00209784 2.55693e-06 0.0021004 3.06772 
0.547817 1.5844 0.00209216 1.68198e-07 0.00209233 3.06356 
0.547819 2.89708 0.00207844 5.84909e-06 0.00208429 3.05351 
0.547823 4.20418 0.00205681 1.95559e-05 0.00207636 3.03757 
0.547828 5.50318 0.00202741 4.1183e-05 0.00206859 3.01579 
0.547834 6.79159 0.00199049 7.05641e-05 0.00206105 2.9882 
0.547841 8.06692 0.00194631 0.000107473 0.00205378 2.95485 
0.54785 9.32672 0.00189523 0.000151625 0.00204686 2.91582 
0.54786 10.5686 0.00183764 0.000202682 0.00204032 2.87117 
0.547871 11.7901 0.00177397 0.000260248 0.00203422 2.821 
0.547884 12.9889 0.00170473 0.000323883 0.00202861 2.76539 
0.547897 14.1626 0.00163043 0.000393095 0.00202353 2.70446 
0.547912 15.3092 0.00155166 0.000467353 0.00201902 2.63833 
0.547928 16.4262 0.00146903 0.000546084 0.00201511 2.56711 
0.547945 17.5116 0.00138315 0.000628682 0.00201184 2.49095 
0.547963 18.5633 0.00129471 0.000714512 0.00200922 2.40999 
0.547982 19.5793 0.00120438 0.000802912 0.00200729 2.3244 
0.548002 20.5576 0.00111285 0.000893204 0.00200605 2.23433 
0.548023 21.4963 0.00102082 0.00098469 0.00200551 2.13996 
0.548045 22.3936 0.000929018 0.00107667 0.00200569 2.04146 
0.548068 23.2477 0.000838137 0.00116843 0.00200657 1.93904 
0.548091 24.0572 0.000748879 0.00125927 0.00200815 1.83289 
0.548116 24.8203 0.00066193 0.00134848 0.00201041 1.7232 
0.548141 25.5356 0.000577962 0.00143539 0.00201335 1.6102 
0.548167 26.2018 0.000497619 0.00151932 0.00201694 1.4941 
0.548193 26.8175 0.000421521 0.00159962 0.00202114 1.37512 
0.548221 27.3815 0.000350253 0.00167568 0.00202593 1.25349 
0.548248 27.8929 0.000284363 0.00174692 0.00203128 1.12945 
0.548276 28.3506 0.00022436 0.00181277 0.00203713 1.00323 
0.548305 28.7536 0.000170704 0.00187275 0.00204345 0.875087 
0.548334 29.1014 0.000123809 0.00192638 0.00205019 0.745256 
0.548363 29.393 8.40356e-05 0.00197325 0.00205729 0.61399 
0.548393 29.6281 5.16902e-05 0.002013 0.0020647 0.481542 
0.548422 29.8062 2.70218e-05 0.00204533 0.00207236 0.348166 
0.548452 29.9268 1.02202e-05 0.00206999 0.00208021 0.214121 
0.548482 29.9899 1.41465e-06 0.00208678 0.0020882 0.0796626 
0.548512 29.9952 6.73062e-07 0.00209559 0.00209626 -0.0549487 
0.548542 29.9427 8.00109e-06 0.00209633 0.00210433 -0.189454 
0.548572 29.8326 2.33423e-05 0.002089 0.00211235 -0.323595 
0.548602 29.6651 4.65787e-05 0.00207367 0.00212025 -0.457113 
0.548631 29.4405 7.75313e-05 0.00205044 0.00212798 -0.58975 
0.548661 29.1591 0.000115962 0.00201951 0.00213547 -0.721253 
0.54869 28.8217 0.000161575 0.00198109 0.00214267 -0.851366 
0.548718 28.4287 0.000214019 0.0019355 0.00214952 -0.97984 
0.548747 27.981 0.00027289 0.00188308 0.00215597 -1.10643 
0.548774 27.4794 0.000337735 0.00182424 0.00216198 -1.23089 
0.548802 26.925 0.000408056 0.00175943 0.00216748 -1.35297 
0.548828 26.3186 0.00048331 0.00168914 0.00217245 -1.47246 
0.548854 25.6616 0.000562919 0.00161392 0.00217684 -1.5891 
0.54888 24.9553 0.000646269 0.00153435 0.00218062 -1.70269 
0.548904 24.2008 0.00073272 0.00145104 0.00218376 -1.813 
0.548928 23.3998 0.000821605 0.00136463 0.00218624 -1.91982 
0.548951 22.5537 0.00091224 0.00127579 0.00218803 -2.02295 
0.548973 21.6642 0.00100393 0.0011852 0.00218913 -2.12217 
0.548994 20.733 0.00109596 0.00109355 0.00218952 -2.21732 
0.549015 19.7618 0.00118764 0.00100156 0.0021892 -2.30819 
0.549034 18.7526 0.00127824 0.000909934 0.00218818 -2.39462 
0.549052 17.7073 0.00136709 0.000819371 0.00218646 -2.47644 
0.549069 16.628 0.00145348 0.000730571 0.00218405 -2.55349 
0.549085 15.5166 0.00153676 0.000644219 0.00218098 -2.62563 
0.5491 14.3753 0.00161629 0.000560979 0.00217727 -2.6927 
0.549114 13.2063 0.00169145 0.000481492 0.00217294 -2.7546 
0.549127 12.012 0.00176166 0.000406369 0.00216803 -2.81119 
0.549138 10.7945 0.00182639 0.000336189 0.00216258 -2.86237 
0.549148 9.55617 0.00188513 0.000271492 0.00215662 -2.90804 
0.549157 8.29949 0.00193744 0.000212777 0.00215022 -2.94811 
0.549165 7.02682 0.00198291 0.000160494 0.0021434 -2.9825 
0.549171 5.74063 0.00202119 0.000115047 0.00213623 -3.01115 
0.549176 4.44339 0.00205198 7.67848e-05 0.00212877 -3.03401 
0.54918 3.13759 0.00207506 4.60028e-05 0.00212106 -3.05102 
0.549183 1.82575 0.00209024 2.29376e-05 0.00211318 -3.06216 
0.549184 0.51039 0.0020974 7.7667e-06 0.00210517 -3.0674 
0.549184 -0.805949 0.0020965 6.0696e-07 0.0020971 -3.06674 
0.549182 -2.12074 0.00208753 1.51346e-06 0.00208904 -3.06017 
0.549179 -3.43144 0.00207056 1.04792e-05 0.00208104 -3.04771 
0.549175 -4.73554 0.00204573 2.74352e-05 0.00207317 -3.02938 
0.54917 -6.03052 0.00201323 5.2251e-05 0.00206548 -3.00522 
0.549163 -7.31389 0.00197331 8.47354e-05 0.00205805 -2.97528 
0.549155 -8.58317 0.00192627 0.000124639 0.00205091 -2.9396 
0.549146 -9.83594 0.00187248 0.000171653 0.00204414 -2.89827 
0.549136 -11.0698 0.00181236 0.000225417 0.00203777 -2.85135 
0.549124 -12.2823 0.00174635 0.000285517 0.00203187 -2.79895 
0.549111 -13.4711 0.00167498 0.00035149 0.00202647 -2.74116 
0.549097 -14.6341 0.00159879 0.000422829 0.00202162 -2.67809 
0.549082 -15.7688 0.00151836 0.000498983 0.00201735 -2.60986 
0.549065 -16.8732 0.00143433 0.000579368 0.00201369 -2.53661 
0.549048 -17.9451 0.00134732 0.000663363 0.00201069 -2.45848 
0.54903 -18.9825 0.00125803 0.000750324 0.00200835 -2.37561 
0.54901 -19.9833 0.00116712 0.000839579 0.0020067 -2.28816 
0.54899 -20.9456 0.0010753 0.000930443 0.00200575 -2.19632 
0.548968 -21.8676 0.000983283 0.00102222 0.0020055 -2.10024 
0.548946 -22.7475 0.00089177 0.00111419 0.00200596 -2.00012 
0.548923 -23.5836 0.000801467 0.00120566 0.00200713 -1.89615 
0.548899 -24.3743 0.00071307 0.00129592 0.00200899 -1.78853 
0.548874 -25.1181 0.000627258 0.00138427 0.00201153 -1.67746 
0.548848 -25.8135 0.000544693 0.00147004 0.00201474 -1.56317 
0.548822 -26.4592 0.00046601 0.00155257 0.00201858 -1.44586 
0.548796 -27.054 0.000391815 0.00163121 0.00202303 -1.32578 
0.548768 -27.5967 0.000322678 0.00170537 0.00202805 -1.20314 
0.54874 -28.0863 0.000259132 0.00177448 0.00203361 -1.07818 
0.548712 -28.5217 0.000201667 0.00183799 0.00203966 -0.951145 
0.548683 -28.9023 0.000150724 0.00189543 0.00204615 -0.822281 
0.548654 -29.2272 0.000106695 0.00194635 0.00205304 -0.691834 
0.548625 -29.4959 6.99199e-05 0.00199036 0.00206028 -0.560054 
0.548595 -29.7077 4.06815e-05 0.00202711 0.0020678 -0.427197 
0.548565 -29.8624 1.92047e-05 0.00205634 0.00207554 -0.293517 
0.548536 -29.9595 5.6548e-06 0.0020778 0.00208346 -0.159272 
0.548506 -29.999 1.36216e-07 0.00209135 0.00209148 -0.0247197 
0.548476 -29.9808 2.69139e-06 0.00209686 0.00209956 0.10988 
0.548446 -29.9048 1.33006e-05 0.00209431 0.00210761 0.244268 
0.548416 -29.7712 3.18823e-05 0.00208371 0.00211559 0.378185 
0.548386 -29.5803 5.82934e-05 0.00206513 0.00212343 0.511375 
0.548357 -29.3324 9.23305e-05 0.00203873 0.00213107 0.64358 
0.548327 -29.0281 0.000133732 0.00200471 0.00213845 0.774545 
0.548298 -28.6679 0.000182178 0.00196333 0.00214551 0.90402 
0.54827 -28.2525 0.000237297 0.00191491 0.00215221 1.03175 
0.548242 -27.7827 0.000298665 0.00185982 0.00215848 1.1575 
0.548214 -27.2594 0.000365808 0.00179848 0.00216429 1.28102 
0.548187 -26.6837 0.00043821 0.00173137 0.00216958 1.40207 
0.548161 -26.0565 0.000515313 0.001659 0.00217431 1.52043 
0.548135 -25.3792 0.000596525 0.00158193 0.00217846 1.63585 
0.54811 -24.653 0.00068122 0.00150076 0.00218198 1.74813 
0.548086 -23.8794 0.000768746 0.00141611 0.00218485 1.85704 
0.548063 -23.0598 0.000858429 0.00132862 0.00218705 1.96237 
0.54804 -22.1958 0.000949579 0.00123898 0.00218856 2.06393 
0.548018 -21.289 0.00104149 0.00114788 0.00218937 2.16151 
0.547997 -20.3413 0.00113347 0.00105601 0.00218947 2.25494 
0.547977 -19.3544 0.00122479 0.000964078 0.00218887 2.34402 
0.547959 -18.3302 0.00131476 0.000872798 0.00218756 2.42858 
0.547941 -17.2708 0.00140269 0.000782872 0.00218556 2.50848 
0.547924 -16.178 0.00148789 0.00069499 0.00218288 2.58354 
0.547908 -15.0542 0.00156971 0.000609829 0.00217954 2.65362 
0.547894 -13.9014 0.00164753 0.000528045 0.00217557 2.7186 
0.547881 -12.7217 0.00172073 0.000450267 0.002171 2.77835 
0.547869 -11.5177 0.00178877 0.000377094 0.00216587 2.83274 
0.547858 -10.2914 0.00185111 0.000309089 0.0021602 2.88168 
0.547848 -9.04529 0.00190728 0.000246776 0.00215406 2.92508 
0.54784 -7.78179 0.00195685 0.000190634 0.00214748 2.96284 
0.547832 -6.50331 0.00199942 0.000141096 0.00214052 2.9949 
0.547827 -5.21231 0.00203468 9.85428e-05 0.00213322 3.02119 
0.547822 -3.91127 0.00206235 6.33017e-05 0.00212565 3.04166 
0.547819 -2.6027 0.00208222 3.56443e-05 0.00211786 3.05628 
0.547817 -1.28911 0.00209414 1.57835e-05 0.00210992 3.06501 
0.547816 0.026949 0.00209801 3.87203e-06 0.00210188 3.06784 
0.547817 1.34296 0.00209381 1.69217e-09 0.00209381 3.06477 
0.547819 2.65639 0.00208156 4.20225e-06 0.00208576 3.05579 
0.547822 3.9647 0.00206137 1.64414e-05 0.00207781 3.04094 
0.547827 5.26538 0.00203338 3.66249e-05 0.00207001 3.02022 
0.547833 6.55592 0.00199782 6.45973e-05 0.00206242 2.9937 
0.54784 7.83383 0.00195495 0.000100143 0.00205509 2.9614 
0.547848 9.09667 0.00190511 0.00014299 0.0020481 2.92341 
0.547858 10.342 0.00184868 0.000192806 0.00204149 2.87979 
0.547869 11.5674 0.00178609 0.000249209 0.0020353 2.83062 
0.547881 12.7705 0.00171783 0.000311765 0.0020296 2.77601 
0.547895 13.9491 0.00164443 0.000379992 0.00202442 2.71604 
0.547909 15.1008 0.00156644 0.000453365 0.0020198 2.65085 
0.547925 16.2234 0.00148446 0.000531319 0.00201578 2.58056 
0.547942 17.3148 0.00139913 0.000613254 0.00201239 2.5053 
0.547959 18.3728 0.00131111 0.000698539 0.00200965 2.42521 
0.547978 19.3955 0.00122107 0.000786518 0.00200759 2.34046 
0.547998 20.3809 0.00112971 0.000876514 0.00200622 2.2512 
0.548019 21.3269 0.00103773 0.000967833 0.00200556 2.1576 
0.548041 22.232 0.000945828 0.00105977 0.0020056 2.05985 
0.548064 23.0942 0.000854724 0.00115163 0.00200635 1.95813 
0.548087 23.912 0.000765115 0.00124269 0.0020078 1.85265 
0.548111 24.6837 0.000677692 0.00133225 0.00200995 1.7436 
0.548136 25.4079 0.000593128 0.00141963 0.00201276 1.63119 
0.548162 26.0832 0.000512072 0.00150416 0.00201623 1.51564 
0.548189 26.7082 0.000435149 0.00158517 0.00202032 1.39717 
0.548216 27.2819 0.000362952 0.00166206 0.00202501 1.27601 
0.548243 27.803 0.000296035 0.00173422 0.00203026 1.1524 
0.548271 28.2706 0.000234915 0.00180111 0.00203602 1.02656 
0.5483 28.6838 0.000180061 0.0018622 0.00204226 0.898751 
0.548329 29.0417 0.000131896 0.00191703 0.00204892 0.769211 
0.548358 29.3437 9.07904e-05 0.00196517 0.00205596 0.638189 
0.548387 29.5892 5.70607e-05 0.00200625 0.00206331 0.505939 
0.548417 29.7778 3.09667e-05 0.00203997 0.00207093 0.372715 
0.548447 29.909 1.2709e-05 0.00206605 0.00207876 0.238773 
0.548477 29.9826 2.42831e-06 0.0020843 0.00208673 0.104371 
0.548507 29.9985 2.03728e-07 0.00209457 0.00209478 -0.0302312 
0.548537 29.9567 6.05238e-06 0.0020968 0.00210285 -0.164776 
0.548567 29.8572 1.99292e-05 0.00209095 0.00211088 -0.299003 
0.548596 29.7002 4.17275e-05 0.00207708 0.00211881 -0.432654 
0.548626 29.486 7.12794e-05 0.00205529 0.00212657 -0.565473 
0.548655 29.215 0.000108357 0.00202575 0.00213411 -0.697202 
0.548684 28.8878 0.000152676 0.00198869 0.00214137 -0.82759 
0.548713 28.505 0.000203894 0.0019444 0.00214829 -0.956384 
0.548741 28.0673 0.000261618 0.0018932 0.00215482 -1.08334 
0.548769 27.5755 0.000325402 0.00183551 0.00216091 -1.2082 
0.548797 27.0307 0.000394757 0.00177175 0.00216651 -1.33074 
0.548823 26.4338 0.000469148 0.00170243 0.00217158 -1.45072 
0.54885 25.786 0.000548002 0.00162808 0.00217608 -1.56791 
0.548875 25.0886 0.000630712 0.00154926 0.00217997 -1.68207 
0.5489 24.3429 0.000716643 0.00146659 0.00218323 -1.793 
0.548924 23.5503 0.000805132 0.0013807 0.00218583 -1.90048 
0.548947 22.7124 0.000895498 0.00129226 0.00218775 -2.0043 
0.548969 21.8307 0.000987046 0.00120193 0.00218898 -2.10425 
0.54899 20.907 0.00107907 0.00111043 0.0021895 -2.20016 
0.549011 19.9431 0.00117086 0.00101845 0.00218931 -2.29183 
0.54903 18.9407 0.00126172 0.0009267 0.00218842 -2.37909 
0.549049 17.9019 0.00135094 0.000835888 0.00218683 -2.46177 
0.549066 16.8286 0.00143783 0.000746714 0.00218454 -2.53971 
0.549082 15.7229 0.00152173 0.000659862 0.00218159 -2.61275 
0.549098 14.587 0.00160199 0.000576001 0.00217799 -2.68077 
0.549112 13.423 0.001678 0.000495778 0.00217378 -2.74363 
0.549124 12.2331 0.00174916 0.00041981 0.00216897 -2.8012 
0.549136 11.0196 0.00181494 0.00034868 0.00216362 -2.85338 
0.549146 9.785 0.00187481 0.000282938 0.00215775 -2.90007 
0.549156 8.53151 0.00192834 0.000223089 0.00215142 -2.94118 
0.549164 7.2616 0.00197509 0.000169593 0.00214468 -2.97662 
0.54917 5.97771 0.00201471 0.000122863 0.00213757 -3.00633 
0.549175 4.68231 0.0020469 8.32579e-05 0.00213016 -3.03025 
0.54918 3.37789 0.00207141 5.10829e-05 0.00212249 -3.04834 
0.549182 2.06697 0.00208805 2.65856e-05 0.00211464 -3.06055 
0.549184 0.752069 0.00209669 9.9546e-06 0.00210665 -3.06688 
0.549184 -0.56428 0.00209727 1.31787e-06 0.00209859 -3.0673 
0.549183 -1.87954 0.00208977 7.41899e-07 0.00209052 -3.06182 
0.54918 -3.19118 0.00207427 8.23113e-06 0.0020825 -3.05044 
0.549176 -4.49668 0.00205087 2.37279e-05 0.0020746 -3.03319 
0.549171 -5.79353 0.00201977 4.7113e-05 0.00206688 -3.01009 
0.549165 -7.07921 0.00198119 7.82063e-05 0.00205939 -2.98121 
0.549157 -8.35127 0.00193543 0.000116769 0.0020522 -2.94658 
0.549148 -9.60725 0.00188285 0.000162503 0.00204535 -2.90628 
0.549138 -10.8447 0.00182385 0.000215057 0.00203891 -2.86038 
0.549126 -12.0613 0.00175889 0.000274027 0.00203292 -2.80898 
0.549114 -13.2547 0.00168846 0.000338958 0.00202742 -2.75217 
0.5491 -14.4226 0.00161311 0.000409352 0.00202246 -2.69006 
0.549085 -15.5627 0.00153342 0.000484665 0.00201808 -2.62277 
0.549069 -16.6728 0.00145 0.000564318 0.00201432 -2.55043 
0.549051 -17.7508 0.00136349 0.000647698 0.00201119 -2.47318 
0.549033 -18.7947 0.00127456 0.000734164 0.00200873 -2.39117 
0.549014 -19.8023 0.0011839 0.000823049 0.00200695 -2.30456 
0.548993 -20.7719 0.0010922 0.000913669 0.00200587 -2.2135 
0.548972 -21.7014 0.00100016 0.00100533 0.00200549 -2.11819 
0.54895 -22.5892 0.000908504 0.00109732 0.00200582 -2.0188 
0.548927 -23.4335 0.000817927 0.00118893 0.00200686 -1.91552 
0.548903 -24.2326 0.000729128 0.00127947 0.00200859 -1.80855 
0.548879 -24.9851 0.000642791 0.00136822 0.00201101 -1.69811 
0.548853 -25.6895 0.000559582 0.00145452 0.0020141 -1.58439 
0.548827 -26.3445 0.000480139 0.00153769 0.00201783 -1.46762 
0.5488 -26.9487 0.000405076 0.00161709 0.00202217 -1.34802 
0.548773 -27.501 0.000334969 0.00169212 0.00202709 -1.22584 
0.548745 -28.0004 0.000270359 0.00176219 0.00203255 -1.10129 
0.548717 -28.4459 0.000211742 0.00182677 0.00203851 -0.974616 
0.548689 -28.8366 0.000159571 0.00188536 0.00204493 -0.846069 
0.54866 -29.1718 0.000114245 0.00193751 0.00205175 -0.715894 
0.54863 -29.4508 7.61154e-05 0.00198281 0.00205893 -0.58434 
0.548601 -29.6731 4.54744e-05 0.00202092 0.0020664 -0.451662 
0.548571 -29.8383 2.25582e-05 0.00205155 0.00207411 -0.318113 
0.548541 -29.946 7.54316e-06 0.00207445 0.002082 -0.183953 
0.548511 -29.9961 5.44827e-07 0.00208946 0.00209001 -0.0494378 
0.548481 -29.9884 1.6171e-06 0.00209646 0.00209807 0.0851723 
0.548451 -29.923 1.07517e-05 0.00209538 0.00210614 0.219618 
0.548421 -29.8 2.78784e-05 0.00208625 0.00211413 0.353642 
0.548391 -29.6196 5.28653e-05 0.00206914 0.002122 0.486984 
0.548362 -29.3822 8.552e-05 0.00204416 0.00212968 0.619389 
0.548333 -29.0882 0.000125591 0.00201152 0.00213711 0.750601 
0.548304 -28.7382 0.000172771 0.00197147 0.00214424 0.880368 
0.548275 -28.3329 0.000226695 0.00192431 0.00215101 1.00844 
0.548247 -27.873 0.000286949 0.00187041 0.00215736 1.13457 
0.548219 -27.3595 0.000353069 0.00181019 0.00216326 1.25852 
0.548192 -26.7933 0.000424546 0.0017441 0.00216865 1.38004 
0.548166 -26.1755 0.000500829 0.00167266 0.00217349 1.49891 
0.54814 -25.5073 0.000581333 0.00159641 0.00217774 1.61489 
0.548115 -24.79 0.000665436 0.00151595 0.00218138 1.72776 
0.54809 -24.0249 0.000752492 0.00143188 0.00218438 1.8373 
0.548067 -23.2136 0.000841831 0.00134487 0.0021867 1.94331 
0.548044 -22.3577 0.000932764 0.00125557 0.00218834 2.04558 
0.548022 -21.4586 0.00102459 0.00116469 0.00218928 2.1439 
0.548001 -20.5183 0.00111661 0.0010729 0.00218951 2.2381 
0.547981 -19.5384 0.0012081 0.00098093 0.00218903 2.32799 
0.547962 -18.521 0.00129837 0.000889479 0.00218785 2.4134 
0.547944 -17.4678 0.00138672 0.000799251 0.00218598 2.49416 
0.547927 -16.3811 0.00147248 0.000710943 0.00218342 2.57012 
0.547911 -15.2628 0.00155497 0.000625232 0.0021802 2.64113 
0.547897 -14.1151 0.00163357 0.00054278 0.00217635 2.70706 
0.547883 -12.9403 0.00170766 0.000464221 0.00217188 2.76777 
0.547871 -11.7405 0.00177669 0.000390159 0.00216685 2.82316 
0.54786 -10.5181 0.00184012 0.000321165 0.00216128 2.87311 
0.54785 -9.27548 0.00189745 0.000257769 0.00215522 2.91753 
0.547841 -8.015 0.00194826 0.000200461 0.00214872 2.95633 
0.547834 -6.73908 0.00199214 0.00014968 0.00214182 2.98944 
0.547828 -5.45019 0.00202876 0.000105817 0.00213458 3.01679 
0.547823 -4.15081 0.00205785 6.92117e-05 0.00212706 3.03834 
0.547819 -2.84343 0.00207916 4.0144e-05 0.00211931 3.05403 
0.547817 -1.53058 0.00209255 1.88383e-05 0.00211139 3.06385 
0.547816 -0.214782 0.0020979 5.45843e-06 0.00210336 3.06777 
0.547817 1.10143 0.00209518 1.07486e-07 0.00209529 3.06578 
0.547818 2.41552 0.00208441 2.82663e-06 0.00208723 3.05788 
0.547821 3.72496 0.00206566 1.35949e-05 0.00207926 3.0441 
0.547826 5.02723 0.0020391 3.23295e-05 0.00207142 3.02446 
0.547831 6.31982 0.0020049 5.88861e-05 0.00206379 2.999 
0.547838 7.60024 0.00196336 9.30604e-05 0.00205642 2.96776 
0.547847 8.86603 0.00191477 0.000134589 0.00204936 2.93081 
0.547856 10.1147 0.00185952 0.000183153 0.00204267 2.88822 
0.547867 11.344 0.00179803 0.000238378 0.0020364 2.84006 
0.547879 12.5514 0.00173077 0.000299839 0.00203061 2.78644 
0.547892 13.7346 0.00165827 0.000367062 0.00202533 2.72745 
0.547906 14.8914 0.00158107 0.000439531 0.0020206 2.66321 
0.547922 16.0195 0.00149978 0.000516688 0.00201647 2.59384 
0.547938 17.1168 0.00141502 0.000597938 0.00201296 2.51948 
0.547956 18.1812 0.00132745 0.000682657 0.0020101 2.44027 
0.547975 19.2105 0.00123773 0.000770192 0.00200792 2.35636 
0.547994 20.2028 0.00114655 0.000859869 0.00200642 2.26792 
0.548015 21.1562 0.00105463 0.000950998 0.00200563 2.1751 
0.548037 22.069 0.000962663 0.00104288 0.00200554 2.0781 
0.548059 22.9392 0.000871361 0.0011348 0.00200616 1.9771 
0.548083 23.7652 0.000781426 0.00122606 0.00200748 1.87229 
0.548107 24.5455 0.000693551 0.00131595 0.0020095 1.76388 
0.548132 25.2785 0.000608411 0.00140378 0.00201219 1.65207 
0.548157 25.9629 0.000526664 0.00148888 0.00201555 1.53708 
0.548184 26.5973 0.000448937 0.00157059 0.00201953 1.41913 
0.548211 27.1805 0.000375829 0.00164828 0.00202411 1.29845 
0.548238 27.7113 0.000307903 0.00172135 0.00202925 1.17527 
0.548266 28.1888 0.000245682 0.00178925 0.00203493 1.04982 
0.548294 28.612 0.000189644 0.00185144 0.00204108 0.922357 
0.548323 28.9801 0.000140221 0.00190745 0.00204767 0.793116 
0.548352 29.2925 9.77941e-05 0.00195685 0.00205464 0.662348 
0.548382 29.5484 6.26889e-05 0.00199925 0.00206194 0.530304 
0.548411 29.7474 3.51759e-05 0.00203434 0.00206952 0.397239 
0.548441 29.8892 1.5467e-05 0.00206184 0.00207731 0.26341 
0.548471 29.9734 3.71376e-06 0.00208154 0.00208525 0.129073 
0.548501 30 6.77192e-09 0.00209329 0.00209329 -0.0055117 
0.548531 29.9687 4.37453e-06 0.00209699 0.00210137 -0.140086 
0.548561 29.8798 1.67834e-05 0.00209263 0.00210941 -0.274391 
0.548591 29.7333 3.71379e-05 0.00208022 0.00211736 -0.408167 
0.548621 29.5296 6.52813e-05 0.00205988 0.00212516 -0.541158 
0.54865 29.269 0.000100997 0.00203175 0.00213275 -0.673107 
0.548679 28.9521 0.00014401 0.00199605 0.00214006 -0.80376 
0.548708 28.5794 0.000193989 0.00195306 0.00214705 -0.932865 
0.548736 28.1517 0.00025055 0.0019031 0.00215365 -1.06017 
0.548764 27.6698 0.000313257 0.00184657 0.00215983 -1.18544 
0.548792 27.1347 0.000381628 0.00178389 0.00216552 -1.30843 
0.548819 26.5473 0.000455136 0.00171556 0.00217069 -1.42889 
0.548845 25.9087 0.000533215 0.00164208 0.0021753 -1.54661 
0.54887 25.2203 0.000615264 0.00156404 0.00217931 -1.66135 
0.548895 24.4834 0.000700652 0.00148203 0.00218268 -1.77289 
0.548919 23.6993 0.000788722 0.00139668 0.00218541 -1.88101 
0.548943 22.8695 0.000878795 0.00130866 0.00218745 -1.98552 
0.548965 21.9958 0.000970179 0.00121863 0.00218881 -2.0862 
0.548987 21.0797 0.00106217 0.00112729 0.00218946 -2.18286 
0.549007 20.123 0.00115406 0.00103534 0.0021894 -2.27532 
0.549027 19.1276 0.00124514 0.000943498 0.00218864 -2.36341 
0.549045 18.0953 0.00133471 0.000852461 0.00218717 -2.44694 
0.549063 17.0282 0.00142208 0.000762934 0.00218501 -2.52576 
0.54908 15.9283 0.00150658 0.000675605 0.00218218 -2.59971 
0.549095 14.7977 0.00158756 0.000591146 0.0021787 -2.66867 
0.549109 13.6387 0.00166439 0.000510208 0.0021746 -2.73248 
0.549122 12.4534 0.00173648 0.000433413 0.0021699 -2.79103 
0.549134 11.2441 0.00180329 0.000361353 0.00216464 -2.84421 
0.549145 10.0132 0.00186428 0.000294583 0.00215886 -2.89191 
0.549154 8.76299 0.001919 0.000233615 0.00215262 -2.93405 
0.549162 7.49591 0.00196703 0.000178921 0.00214595 -2.97054 
0.549169 6.2144 0.00200798 0.00013092 0.0021389 -3.0013 
0.549175 4.92092 0.00204156 8.99817e-05 0.00213154 -3.02629 
0.549179 3.61797 0.0020675 5.64221e-05 0.00212392 -3.04545 
0.549182 2.30806 0.00208559 3.04991e-05 0.00211609 -3.05875 
0.549183 0.993699 0.00209571 1.24122e-05 0.00210812 -3.06616 
0.549184 -0.322574 0.00209777 2.30073e-06 0.00210007 -3.06767 
0.549183 -1.63823 0.00209175 2.42445e-07 0.002092 -3.06327 
0.549181 -2.95072 0.00207771 6.25321e-06 0.00208397 -3.05297 
0.549177 -4.25754 0.00205575 2.02868e-05 0.00207604 -3.03679 
0.549172 -5.55616 0.00202605 4.22351e-05 0.00206828 -3.01477 
0.549166 -6.84408 0.00198882 7.19292e-05 0.00206075 -2.98694 
0.549158 -8.11882 0.00194435 0.00010914 0.00205349 -2.95337 
0.54915 -9.37794 0.001893 0.000153583 0.00204658 -2.9141 
0.54914 -10.619 0.00183515 0.000204913 0.00204006 -2.86923 
0.549128 -11.8396 0.00177124 0.000262738 0.00203398 -2.81883 
0.549116 -13.0374 0.00170178 0.000326611 0.00202839 -2.763 
0.549102 -14.2101 0.00162729 0.00039604 0.00202333 -2.70186 
0.549087 -15.3555 0.00154835 0.000470492 0.00201884 -2.63551 
0.549072 -16.4713 0.00146557 0.000549394 0.00201496 -2.56409 
0.549055 -17.5554 0.00137958 0.000632137 0.00201172 -2.48773 
0.549036 -18.6057 0.00129104 0.000718085 0.00200913 -2.40658 
0.549017 -19.6201 0.00120065 0.000806577 0.00200722 -2.3208 
0.548997 -20.5968 0.00110908 0.000896931 0.00200601 -2.23055 
0.548976 -21.5338 0.00101706 0.000988451 0.00200551 -2.136 
0.548954 -22.4294 0.000925275 0.00108043 0.00200571 -2.03735 
0.548931 -23.2818 0.000834446 0.00117217 0.00200662 -1.93477 
0.548908 -24.0893 0.000745269 0.00126296 0.00200822 -1.82846 
0.548883 -24.8505 0.00065843 0.00135209 0.00201052 -1.71864 
0.548858 -25.5639 0.000574597 0.00143889 0.00201348 -1.6055 
0.548832 -26.228 0.000494416 0.00152268 0.0020171 -1.48928 
0.548805 -26.8416 0.000418504 0.00160282 0.00202133 -1.37019 
0.548778 -27.4035 0.000347446 0.0016787 0.00202614 -1.24846 
0.548751 -27.9127 0.000281788 0.00174972 0.00203151 -1.12432 
0.548722 -28.3681 0.000222035 0.00181535 0.00203738 -0.998023 
0.548694 -28.769 0.000168649 0.00187507 0.00204372 -0.869803 
0.548665 -29.1144 0.000122038 0.00192843 0.00205047 -0.739908 
0.548636 -29.4038 8.25636e-05 0.00197502 0.00205758 -0.608589 
0.548606 -29.6365 5.0528e-05 0.00201448 0.002065 -0.476097 
0.548576 -29.8122 2.61784e-05 0.0020465 0.00207267 -0.34269 
0.548547 -29.9306 9.70199e-06 0.00207083 0.00208054 -0.208622 
0.548517 -29.9912 1.22573e-06 0.0020873 0.00208853 -0.0741527 
0.548487 -29.9942 8.14833e-07 0.00209577 0.00209659 0.0604594 
0.548457 -29.9394 8.47247e-06 0.00209619 0.00210466 0.194955 
0.548427 -29.8269 2.41397e-05 0.00208853 0.00211267 0.329075 
0.548397 -29.657 4.76959e-05 0.00207287 0.00212057 0.462562 
0.548367 -29.4301 7.89597e-05 0.00204933 0.00212829 0.595158 
0.548338 -29.1464 0.000117691 0.00201808 0.00213577 0.726609 
0.548309 -28.8067 0.00016359 0.00197937 0.00214296 0.85666 
0.54828 -28.4114 0.000216306 0.00193349 0.00214979 0.985062 
0.548252 -27.9615 0.000275431 0.0018808 0.00215623 1.11157 
0.548224 -27.4578 0.00034051 0.0018217 0.00216221 1.23593 
0.548197 -26.9011 0.000411044 0.00175665 0.0021677 1.35792 
0.548171 -26.2927 0.000486488 0.00168615 0.00217264 1.47729 
0.548145 -25.6337 0.000566262 0.00161075 0.00217701 1.59382 
0.548119 -24.9253 0.000649752 0.00153101 0.00218076 1.70728 
0.548095 -24.1689 0.000736316 0.00144756 0.00218388 1.81745 
0.548071 -23.366 0.000825286 0.00136104 0.00218632 1.92412 
0.548048 -22.5181 0.000915978 0.00127211 0.00218809 2.02709 
0.548026 -21.6269 0.00100769 0.00118146 0.00218916 2.12615 
0.548005 -20.694 0.00109973 0.00108979 0.00218952 2.22112 
0.547985 -19.7212 0.00119137 0.0009978 0.00218917 2.31182 
0.547965 -18.7105 0.00128192 0.0009062 0.00218812 2.39806 
0.547947 -17.6638 0.00137068 0.000815696 0.00218637 2.47969 
0.54793 -16.5831 0.00145696 0.000726983 0.00218394 2.55654 
0.547914 -15.4704 0.00154009 0.000640746 0.00218084 2.62847 
0.547899 -14.328 0.00161945 0.000557647 0.0021771 2.69534 
0.547885 -13.1579 0.00169442 0.000478326 0.00217275 2.75702 
0.547873 -11.9626 0.00176442 0.000403395 0.00216782 2.81339 
0.547861 -10.7442 0.00182891 0.000333429 0.00216234 2.86435 
0.547851 -9.50507 0.0018874 0.000268968 0.00215637 2.90979 
0.547842 -8.24768 0.00193944 0.000210507 0.00214994 2.94963 
0.547835 -6.97441 0.00198462 0.000158496 0.00214311 2.98379 
0.547829 -5.68772 0.0020226 0.000113337 0.00213593 3.0122 
0.547823 -4.39008 0.00205308 7.53759e-05 0.00212846 3.03482 
0.54782 -3.08398 0.00207584 4.49056e-05 0.00212074 3.05159 
0.547817 -1.77195 0.00209069 2.21605e-05 0.00211285 3.06249 
0.547816 -0.456499 0.00209752 7.31571e-06 0.00210484 3.06749 
0.547816 0.859826 0.00209629 4.85552e-07 0.00209677 3.06658 
0.547818 2.1745 0.00208699 1.72257e-06 0.00208871 3.05978 
0.547821 3.48498 0.0020697 1.10172e-05 0.00208072 3.04708 
0.547825 4.78875 0.00204455 2.8298e-05 0.00207285 3.02851 
0.54783 6.0833 0.00201174 5.34319e-05 0.00206517 3.00411 
0.547837 7.36615 0.00197152 8.62254e-05 0.00205775 2.97393 
0.547845 8.6348 0.0019242 0.000126426 0.00205063 2.93802 
0.547854 9.88684 0.00187014 0.000173724 0.00204387 2.89646 
0.547865 11.1198 0.00180976 0.000227757 0.00203752 2.84932 
0.547877 12.3314 0.00174353 0.000288106 0.00203164 2.79669 
0.54789 13.5193 0.00167195 0.000354309 0.00202626 2.73868 
0.547904 14.6811 0.00159557 0.000425856 0.00202143 2.6754 
0.547919 15.8146 0.00151499 0.000502195 0.00201718 2.60696 
0.547935 16.9177 0.00143082 0.00058274 0.00201356 2.53351 
0.547953 17.9883 0.00134371 0.00066687 0.00201058 2.45517 
0.547971 19.0242 0.00125433 0.000753937 0.00200827 2.37212 
0.547991 20.0235 0.00116337 0.000843272 0.00200665 2.28449 
0.548011 20.9842 0.00107153 0.000934187 0.00200572 2.19246 
0.548033 21.9045 0.000979522 0.00102598 0.0020055 2.09622 
0.548055 22.7826 0.000888044 0.00111795 0.00200599 1.99594 
0.548078 23.6169 0.000797806 0.00120938 0.00200719 1.89181 
0.548102 24.4057 0.000709501 0.00129958 0.00200908 1.78405 
0.548127 25.1476 0.00062381 0.00138784 0.00201165 1.67285 
0.548153 25.841 0.000541391 0.00147349 0.00201488 1.55842 
0.548179 26.4846 0.00046288 0.00155587 0.00201875 1.441 
0.548206 27.0773 0.000388881 0.00163434 0.00202322 1.3208 
0.548233 27.6178 0.000319963 0.00170831 0.00202827 1.19806 
0.548261 28.1052 0.000256657 0.00177719 0.00203385 1.07302 
0.548289 28.5384 0.00019945 0.00184047 0.00203992 0.945903 
0.548318 28.9167 0.000148783 0.00189765 0.00204643 0.81697 
0.548347 29.2393 0.000105045 0.00194829 0.00205333 0.686463 
0.548376 29.5057 6.85732e-05 0.00199201 0.00206058 0.554634 
0.548406 29.7152 3.96485e-05 0.00202846 0.00206811 0.421738 
0.548436 29.8675 1.84934e-05 0.00205737 0.00207586 0.28803 
0.548466 29.9623 5.27068e-06 0.00207852 0.00208379 0.153767 
0.548496 29.9994 8.22453e-08 0.00209173 0.00209181 0.0192081 
0.548526 29.9788 2.96797e-06 0.00209692 0.00209989 -0.115388 
0.548556 29.9004 1.39057e-05 0.00209403 0.00210794 -0.249761 
0.548586 29.7645 3.28111e-05 0.0020831 0.00211591 -0.383654 
0.548615 29.5713 5.95388e-05 0.0020642 0.00212374 -0.516808 
0.548645 29.3211 9.38829e-05 0.00203749 0.00213137 -0.648968 
0.548674 29.0145 0.000135579 0.00200316 0.00213874 -0.779877 
0.548703 28.652 0.000184307 0.00196149 0.00214579 -0.909285 
0.548731 28.2343 0.00023969 0.00191278 0.00215247 -1.03694 
0.548759 27.7623 0.000301304 0.00185743 0.00215873 -1.1626 
0.548787 27.2369 0.000368672 0.00179584 0.00216451 -1.28603 
0.548814 26.659 0.000441278 0.00172851 0.00216978 -1.40697 
0.54884 26.0298 0.000518562 0.00165593 0.0021745 -1.52521 
0.548866 25.3504 0.000599929 0.00157869 0.00217862 -1.64051 
0.548891 24.6223 0.000684752 0.00149736 0.00218211 -1.75265 
0.548915 23.8467 0.00077238 0.00141258 0.00218496 -1.86142 
0.548938 23.0253 0.000862137 0.00132499 0.00218713 -1.96661 
0.548961 22.1595 0.000953332 0.00123528 0.00218861 -2.06801 
0.548983 21.251 0.00104526 0.00114413 0.00218939 -2.16542 
0.549003 20.3016 0.00113722 0.00105224 0.00218946 -2.25867 
0.549023 19.3132 0.00122851 0.000960323 0.00218883 -2.34757 
0.549042 18.2875 0.00131841 0.000869085 0.00218749 -2.43195 
0.54906 17.2267 0.00140623 0.000779229 0.00218546 -2.51164 
0.549077 16.1326 0.00149131 0.000691445 0.00218275 -2.5865 
0.549092 15.0075 0.00157298 0.00060641 0.00217939 -2.65639 
0.549107 13.8536 0.00165062 0.000524778 0.0021754 -2.72115 
0.54912 12.6729 0.00172363 0.000447177 0.0021708 -2.78068 
0.549132 11.4679 0.00179144 0.000374205 0.00216564 -2.83485 
0.549143 10.2407 0.00185354 0.000306423 0.00215996 -2.88357 
0.549152 8.99389 0.00190945 0.000244353 0.0021538 -2.92673 
0.549161 7.72973 0.00195873 0.000188474 0.0021472 -2.96426 
0.549168 6.45068 0.00200101 0.000139214 0.00214022 -2.99609 
0.549174 5.15922 0.00203596 9.69544e-05 0.00213292 -3.02214 
0.549178 3.85782 0.00206332 6.20189e-05 0.00212534 -3.04237 
0.549181 2.549 0.00208286 3.46769e-05 0.00211754 -3.05675 
0.549183 1.23526 0.00209445 1.51389e-05 0.00210959 -3.06524 
0.549184 -0.0808471 0.00209799 3.55529e-06 0.00210155 -3.06783 
0.549183 -1.3968 0.00209346 1.52295e-08 0.00209348 -3.06452 
0.549181 -2.71007 0.00208089 4.54596e-06 0.00208543 -3.0553 
0.549178 -4.01812 0.00206037 1.71126e-05 0.00207749 -3.0402 
0.549173 -5.31843 0.00203207 3.76185e-05 0.00206969 -3.01925 
0.549167 -6.6085 0.0019962 6.59056e-05 0.00206211 -2.99249 
0.54916 -7.88585 0.00195305 0.000101756 0.0020548 -2.95996 
0.549151 -9.14802 0.00190293 0.000144895 0.00204782 -2.92173 
0.549142 -10.3926 0.00184624 0.000194989 0.00204122 -2.87788 
0.549131 -11.6171 0.00178341 0.000251653 0.00203506 -2.82849 
0.549118 -12.8193 0.00171493 0.000314451 0.00202938 -2.77365 
0.549105 -13.9968 0.00164132 0.000382899 0.00202422 -2.71348 
0.54909 -15.1473 0.00156315 0.00045647 0.00201962 -2.64808 
0.549075 -16.2687 0.00148103 0.000534599 0.00201563 -2.57758 
0.549058 -17.3588 0.00139558 0.000616684 0.00201226 -2.50211 
0.54904 -18.4154 0.00130746 0.000702093 0.00200955 -2.42183 
0.549021 -19.4366 0.00121735 0.000790168 0.00200752 -2.33689 
0.549001 -20.4204 0.00112595 0.000880231 0.00200618 -2.24745 
0.54898 -21.3648 0.00103396 0.00097159 0.00200555 -2.15368 
0.548958 -22.2681 0.000942077 0.00106354 0.00200562 -2.05576 
0.548936 -23.1286 0.000851021 0.00115538 0.0020064 -1.95389 
0.548912 -23.9445 0.000761489 0.00124639 0.00200788 -1.84825 
0.548888 -24.7143 0.00067417 0.00133588 0.00201005 -1.73906 
0.548863 -25.4365 0.000589736 0.00142315 0.00201289 -1.62652 
0.548837 -26.1098 0.000508837 0.00150755 0.00201639 -1.51084 
0.54881 -26.7328 0.000432097 0.00158841 0.0020205 -1.39226 
0.548783 -27.3043 0.000360105 0.00166511 0.00202522 -1.271 
0.548756 -27.8232 0.000293416 0.00173707 0.00203048 -1.14729 
0.548728 -28.2886 0.000232543 0.00180373 0.00203627 -1.02137 
0.548699 -28.6995 0.000177955 0.00186457 0.00204252 -0.89348 
0.54867 -29.0552 0.000130072 0.00191913 0.0020492 -0.763874 
0.548641 -29.3549 8.92627e-05 0.00196699 0.00205625 -0.632797 
0.548612 -29.5981 5.58409e-05 0.00200778 0.00206362 -0.500502 
0.548582 -29.7843 3.00641e-05 0.00204119 0.00207125 -0.367243 
0.548552 -29.9131 1.21307e-05 0.00206695 0.00207908 -0.233278 
0.548522 -29.9844 2.17874e-06 0.00208488 0.00208705 -0.0988627 
0.548492 -29.998 2.84782e-07 0.00209482 0.00209511 0.0357426 
0.548462 -29.9538 6.46343e-06 0.00209672 0.00210318 0.170279 
0.548432 -29.8519 2.06671e-05 0.00209054 0.00211121 0.304488 
0.548402 -29.6925 4.27865e-05 0.00207634 0.00211913 0.43811 
0.548373 -29.476 7.26514e-05 0.00205423 0.00212689 0.570889 
0.548343 -29.2027 0.000110032 0.00202438 0.00213442 0.702569 
0.548314 -28.8732 0.00015464 0.00198702 0.00214166 0.832896 
0.548286 -28.4881 0.000206133 0.00194243 0.00214857 0.961619 
0.548257 -28.0482 0.000264113 0.00189097 0.00215508 1.08849 
0.54823 -27.5543 0.000328136 0.00183301 0.00216115 1.21327 
0.548202 -27.0073 0.000397707 0.00176902 0.00216673 1.33571 
0.548176 -26.4083 0.000472292 0.00169948 0.00217178 1.45558 
0.548149 -25.7584 0.000551317 0.00162493 0.00217625 1.57264 
0.548124 -25.059 0.000634172 0.00154595 0.00218012 1.68668 
0.548099 -24.3113 0.00072022 0.00146313 0.00218335 1.79747 
0.548075 -23.5169 0.000808799 0.00137713 0.00218593 1.9048 
0.548052 -22.6771 0.000899228 0.00128859 0.00218782 2.00847 
0.54803 -21.7937 0.000990809 0.00119821 0.00218901 2.10826 
0.548009 -20.8683 0.00108284 0.00110667 0.00218951 2.204 
0.547988 -19.9028 0.00117461 0.00101468 0.00218929 2.29549 
0.547969 -18.8989 0.00126541 0.000922959 0.00218837 2.38257 
0.547951 -17.8586 0.00135454 0.000832201 0.00218675 2.46505 
0.547933 -16.784 0.00144133 0.000743107 0.00218444 2.54279 
0.547917 -15.677 0.00152509 0.000656365 0.00218146 2.61564 
0.547902 -14.5399 0.00160519 0.000572641 0.00217783 2.68345 
0.547888 -13.3747 0.00168101 0.00049258 0.00217359 2.74609 
0.547875 -12.1838 0.00175196 0.000416799 0.00216876 2.80345 
0.547863 -10.9695 0.00181751 0.000345879 0.00216339 2.8554 
0.547853 -9.73403 0.00187713 0.000280369 0.0021575 2.90186 
0.547844 -8.47983 0.00193038 0.000220771 0.00215116 2.94274 
0.547836 -7.2093 0.00197685 0.000167544 0.0021444 2.97795 
0.54783 -5.92488 0.00201618 0.000121099 0.00213728 3.00742 
0.547824 -4.62906 0.00204806 8.17929e-05 0.00212985 3.0311 
0.54782 -3.32433 0.00207225 4.99277e-05 0.00212218 3.04895 
0.547818 -2.0132 0.00208856 2.57492e-05 0.00211431 3.06093 
0.547816 -0.698186 0.00209687 9.44339e-06 0.00210632 3.06701 
0.547816 0.618167 0.00209712 1.13579e-06 0.00209825 3.06719 
0.547818 1.93333 0.0020893 8.90364e-07 0.00209019 3.06147 
0.54782 3.24477 0.00207347 8.709e-06 0.00208218 3.04985 
0.547824 4.54997 0.00204975 2.45315e-05 0.00207428 3.03236 
0.547829 5.8464 0.00201833 4.82361e-05 0.00206657 3.00903 
0.547836 7.13158 0.00197945 7.96403e-05 0.00205909 2.9799 
0.547844 8.40302 0.00193341 0.000118502 0.00205191 2.94504 
0.547853 9.65829 0.00188056 0.000164523 0.00204508 2.90451 
0.547863 10.895 0.00182131 0.000217348 0.00203865 2.85839 
0.547874 12.1107 0.00175611 0.000276572 0.00203268 2.80676 
0.547887 13.303 0.00168547 0.000341737 0.00202721 2.74973 
0.547901 14.4698 0.00160993 0.000412342 0.00202227 2.68741 
0.547916 15.6087 0.00153007 0.000487845 0.00201792 2.61991 
0.547932 16.7176 0.00144651 0.000567663 0.00201418 2.54736 
0.547949 17.7942 0.00135989 0.000651182 0.00201108 2.46992 
0.547968 18.8367 0.00127088 0.00073776 0.00200864 2.38771 
0.547987 19.8428 0.00118016 0.000826729 0.00200689 2.30091 
0.548007 20.8107 0.00108843 0.000917406 0.00200584 2.20968 
0.548029 21.7386 0.000996398 0.00100909 0.00200549 2.1142 
0.548051 22.6246 0.00090477 0.00110108 0.00200585 2.01465 
0.548074 23.4671 0.000814251 0.00119267 0.00200692 1.91121 
0.548098 24.2644 0.00072554 0.00128314 0.00200868 1.8041 
0.548122 25.0149 0.000639319 0.00137181 0.00201113 1.69351 
0.548148 25.7173 0.000556251 0.00145799 0.00201424 1.57967 
0.548174 26.3702 0.000476976 0.00154102 0.00201799 1.46278 
0.548201 26.9723 0.000402105 0.00162025 0.00202236 1.34307 
0.548228 27.5225 0.000332213 0.00169509 0.0020273 1.22078 
0.548256 28.0197 0.000267838 0.00176495 0.00203279 1.09614 
0.548284 28.4629 0.000209477 0.00182929 0.00203877 0.969388 
0.548313 28.8514 0.000157578 0.00188762 0.0020452 0.84077 
0.548342 29.1843 0.000112541 0.0019395 0.00205204 0.710533 
0.548371 29.461 7.47121e-05 0.00198451 0.00205923 0.578929 
0.548401 29.681 4.43832e-05 0.00202232 0.00206671 0.446209 
0.54843 29.8438 2.17874e-05 0.00205264 0.00207443 0.312631 
0.54846 29.9492 7.09867e-06 0.00207522 0.00208232 0.178451 
0.54849 29.9969 4.30129e-07 0.0020899 0.00209033 0.0439267 
0.54852 29.9869 1.83308e-06 0.00209657 0.0020984 -0.0906818 
0.54855 29.9191 1.12967e-05 0.00209517 0.00210646 -0.225116 
0.54858 29.7938 2.87482e-05 0.00208571 0.00211446 -0.359116 
0.54861 29.611 5.40532e-05 0.00206827 0.00212232 -0.492425 
0.548639 29.3713 8.70169e-05 0.00204297 0.00212999 -0.624786 
0.548669 29.075 0.000127386 0.00201002 0.00213741 -0.755944 
0.548697 28.7227 0.000174849 0.00196968 0.00214452 -0.885647 
0.548726 28.3151 0.00022904 0.00192224 0.00215128 -1.01364 
0.548754 27.853 0.000289544 0.00186807 0.00215761 -1.13969 
0.548782 27.3373 0.000355893 0.0018076 0.00216349 -1.26354 
0.548809 26.769 0.000427578 0.00174128 0.00216886 -1.38496 
0.548835 26.1491 0.000504047 0.00166963 0.00217367 -1.50371 
0.548861 25.4789 0.00058471 0.0015932 0.00217791 -1.61957 
0.548886 24.7596 0.000668947 0.00151257 0.00218152 -1.73231 
0.548911 23.9926 0.00075611 0.00142837 0.00218448 -1.84171 
0.548934 23.1795 0.000845527 0.00134125 0.00218678 -1.94757 
0.548957 22.3217 0.00093651 0.00125188 0.00218839 -2.04968 
0.548979 21.4209 0.00102836 0.00116094 0.0021893 -2.14784 
0.549 20.4789 0.00112037 0.00106914 0.0021895 -2.24187 
0.54902 19.4975 0.00121183 0.000977171 0.002189 -2.33158 
0.549039 18.4785 0.00130203 0.000885756 0.00218779 -2.4168 
0.549057 17.424 0.00139029 0.000795594 0.00218588 -2.49737 
0.549074 16.3359 0.00147592 0.000707378 0.0021833 -2.57313 
0.549089 15.2164 0.00155827 0.000621788 0.00218006 -2.64393 
0.549104 14.0675 0.00163669 0.000539483 0.00217617 -2.70965 
0.549118 12.8916 0.00171059 0.000461096 0.00217169 -2.77015 
0.54913 11.6909 0.0017794 0.000387231 0.00216663 -2.82531 
0.549141 10.4676 0.00184259 0.000318456 0.00216104 -2.87504 
0.549151 9.22421 0.00189966 0.0002553 0.00215496 -2.91923 
0.549159 7.96305 0.00195019 0.00019825 0.00214844 -2.9578 
0.549167 6.68655 0.00199379 0.000147746 0.00214153 -2.99067 
0.549173 5.39718 0.00203011 0.000104174 0.00213428 -3.01779 
0.549177 4.09742 0.00205887 6.78719e-05 0.00212674 -3.0391 
0.549181 2.78977 0.00207987 3.9118e-05 0.00211899 -3.05455 
0.549183 1.47675 0.00209293 1.8134e-05 0.00211106 -3.06413 
0.549184 0.160885 0.00209795 5.08123e-06 0.00210303 -3.0678 
0.549183 -1.15529 0.0020949 6.03096e-08 0.00209496 -3.06557 
0.549182 -2.46924 0.0020838 3.10983e-06 0.00208691 -3.05744 
0.549178 -3.77843 0.00206473 1.42063e-05 0.00207894 -3.04342 
0.549174 -5.08035 0.00203784 3.32644e-05 0.00207111 -3.02354 
0.549168 -6.37249 0.00200335 6.01373e-05 0.00206348 -2.99783 
0.549161 -7.65236 0.0019615 9.46182e-05 0.00205612 -2.96636 
0.549153 -8.9175 0.00191263 0.000136442 0.00204908 -2.92918 
0.549143 -10.1655 0.00185712 0.000185286 0.00204241 -2.88635 
0.549133 -11.3939 0.00179538 0.000240775 0.00203616 -2.83797 
0.549121 -12.6003 0.0017279 0.000302481 0.00203038 -2.78413 
0.549107 -13.7825 0.00165519 0.00036993 0.00202512 -2.72492 
0.549093 -14.9382 0.00157782 0.000442602 0.00202042 -2.66047 
0.549078 -16.0651 0.00149638 0.000519938 0.00201632 -2.5909 
0.549061 -17.1611 0.00141149 0.000601343 0.00201283 -2.51633 
0.549043 -18.224 0.00132381 0.00068619 0.00201 -2.43693 
0.549024 -19.2518 0.00123402 0.000773826 0.00200784 -2.35283 
0.549005 -20.2426 0.0011428 0.000863576 0.00200638 -2.2642 
0.548984 -21.1944 0.00105086 0.000954749 0.00200561 -2.17121 
0.548962 -22.1054 0.000958908 0.00104664 0.00200555 -2.07404 
0.54894 -22.9739 0.000867647 0.00113855 0.0020062 -1.97288 
0.548916 -23.7981 0.000777783 0.00122977 0.00200755 -1.86792 
0.548892 -24.5765 0.000690007 0.00131959 0.0020096 -1.75937 
0.548867 -25.3075 0.000604994 0.00140733 0.00201232 -1.64742 
0.548842 -25.9899 0.000523398 0.0014923 0.0020157 -1.53231 
0.548815 -26.6222 0.000445849 0.00157385 0.0020197 -1.41424 
0.548788 -27.2032 0.000372943 0.00165137 0.00202431 -1.29345 
0.548761 -27.7319 0.00030524 0.00172424 0.00202948 -1.17017 
0.548733 -28.2072 0.000243263 0.00179191 0.00203517 -1.04464 
0.548704 -28.6282 0.000187488 0.00185385 0.00204134 -0.917099 
0.548676 -28.994 0.000138345 0.0019096 0.00204795 -0.78779 
0.548646 -29.3041 9.62111e-05 0.00195872 0.00205493 -0.656965 
0.548617 -29.5577 6.14118e-05 0.00200084 0.00206225 -0.524874 
0.548587 -29.7544 3.42145e-05 0.00203562 0.00206983 -0.391773 
0.548557 -29.8938 1.48288e-05 0.0020628 0.00207763 -0.257918 
0.548528 -29.9757 3.40362e-06 0.00208218 0.00208558 -0.123566 
0.548498 -29.9998 2.70876e-08 0.0020936 0.00209363 0.0110234 
0.548468 -29.9662 4.72515e-06 0.00209697 0.0021017 0.145592 
0.548438 -29.8749 1.74616e-05 0.00209228 0.00210974 0.27988 
0.548408 -29.7261 3.81385e-05 0.00207955 0.00211769 0.413629 
0.548378 -29.52 6.65966e-05 0.00205888 0.00212548 0.546582 
0.548349 -29.2571 0.000102617 0.00203044 0.00213305 0.678483 
0.54832 -28.9379 0.000145922 0.00199443 0.00214035 0.809077 
0.548291 -28.563 0.000196179 0.00195115 0.00214733 0.938114 
0.548263 -28.133 0.000253 0.00190092 0.00215392 1.06534 
0.548235 -27.649 0.000315949 0.00184412 0.00216007 1.19052 
0.548207 -27.1116 0.00038454 0.0017812 0.00216574 1.31341 
0.54818 -26.5221 0.000458247 0.00171264 0.00217089 1.43377 
0.548154 -25.8815 0.0005365 0.00163897 0.00217547 1.55137 
0.548129 -25.1911 0.000618699 0.00156076 0.00217946 1.66598 
0.548104 -24.4522 0.00070421 0.0014786 0.00218281 1.77738 
0.54808 -23.6662 0.000792375 0.00139313 0.0021855 1.88536 
0.548056 -22.8346 0.000882516 0.00130501 0.00218752 1.98971 
0.548034 -21.9591 0.000973938 0.00121491 0.00218885 2.09024 
0.548013 -21.0413 0.00106594 0.00112353 0.00218947 2.18673 
0.547992 -20.083 0.00115781 0.00103158 0.00218938 2.27902 
0.547972 -19.086 0.00124884 0.00093975 0.00218859 2.36692 
0.547954 -18.0523 0.00133833 0.000848762 0.00218709 2.45026 
0.547936 -16.9838 0.0014256 0.000759311 0.00218491 2.52888 
0.54792 -15.8826 0.00150997 0.000672086 0.00218205 2.60264 
0.547905 -14.7508 0.00159079 0.000587759 0.00217855 2.67138 
0.54789 -13.5907 0.00166744 0.000506978 0.00217441 2.73498 
0.547877 -12.4043 0.00173933 0.000430366 0.00216969 2.79332 
0.547866 -11.1941 0.0018059 0.000358512 0.00216441 2.84627 
0.547855 -9.96237 0.00186665 0.000291969 0.00215862 2.89375 
0.547846 -8.71143 0.0019211 0.00023125 0.00215235 2.93565 
0.547838 -7.44371 0.00196885 0.000176821 0.00214567 2.97191 
0.547831 -6.16166 0.00200951 0.000129102 0.00213861 3.00244 
0.547825 -4.86775 0.00204277 8.84609e-05 0.00213123 3.02719 
0.547821 -3.56446 0.00206839 5.52093e-05 0.0021236 3.04611 
0.547818 -2.25432 0.00208616 2.96036e-05 0.00211577 3.05917 
0.547816 -0.939828 0.00209595 1.18409e-05 0.00210779 3.06634 
0.547816 0.376468 0.00209768 2.05804e-06 0.00209974 3.0676 
0.547817 1.69204 0.00209134 3.30227e-07 0.00209167 3.06296 
0.54782 3.00435 0.00207697 6.67079e-06 0.00208364 3.05242 
0.547823 4.31088 0.00205469 2.10309e-05 0.00207572 3.03601 
0.547828 5.60911 0.00202467 4.33001e-05 0.00206797 3.01375 
0.547834 6.89654 0.00198714 7.33068e-05 0.00206044 2.98568 
0.547842 8.1707 0.00194238 0.00011082 0.0020532 2.95187 
0.547851 9.42912 0.00189075 0.000155551 0.00204631 2.91237 
0.547861 10.6694 0.00183264 0.000207156 0.0020398 2.86727 
0.547872 11.8891 0.0017685 0.000265237 0.00203374 2.81665 
0.547885 13.0859 0.00169882 0.000329348 0.00202817 2.7606 
0.547898 14.2576 0.00162414 0.000398994 0.00202314 2.69924 
0.547913 15.4018 0.00154503 0.000473639 0.00201867 2.63268 
0.547929 16.5163 0.00146211 0.00055271 0.00201482 2.56106 
0.547946 17.599 0.001376 0.000635597 0.0020116 2.4845 
0.547964 18.6479 0.00128738 0.000721663 0.00200904 2.40316 
0.547983 19.6609 0.00119692 0.000810244 0.00200716 2.31719 
0.548004 20.6359 0.00110532 0.000900659 0.00200598 2.22676 
0.548025 21.5713 0.00101329 0.000992213 0.0020055 2.13204 
0.548047 22.4651 0.000921532 0.0010842 0.00200573 2.03322 
0.54807 23.3157 0.000830758 0.00117591 0.00200667 1.93049 
0.548093 24.1214 0.000741663 0.00126664 0.00200831 1.82403 
0.548118 24.8807 0.000654934 0.00135569 0.00201063 1.71407 
0.548143 25.592 0.000571238 0.00144238 0.00201362 1.6008 
0.548169 26.2541 0.00049122 0.00152604 0.00201726 1.48446 
0.548196 26.8656 0.000415496 0.00160602 0.00202151 1.36525 
0.548223 27.4254 0.000344648 0.0016817 0.00202635 1.24342 
0.548251 27.9324 0.000279222 0.00175252 0.00203174 1.11919 
0.548279 28.3856 0.000219722 0.00181791 0.00203763 0.99281 
0.548307 28.7842 0.000166605 0.00187738 0.00204399 0.864516 
0.548336 29.1274 0.00012028 0.00193048 0.00205076 0.734558 
0.548366 29.4144 8.1104e-05 0.00197678 0.00205788 0.603185 
0.548395 29.6449 4.93787e-05 0.00201593 0.00206531 0.470652 
0.548425 29.8182 2.53482e-05 0.00204765 0.00207299 0.337212 
0.548455 29.9342 9.19724e-06 0.00207166 0.00208086 0.203123 
0.548485 29.9925 1.05033e-06 0.00208781 0.00208886 0.0686425 
0.548515 29.9931 9.70137e-07 0.00209595 0.00209692 -0.0659699 
0.548545 29.9359 8.95727e-06 0.00209603 0.00210499 -0.200455 
0.548575 29.8211 2.49503e-05 0.00208805 0.002113 -0.334555 
0.548604 29.6489 4.8826e-05 0.00207206 0.00212089 -0.46801 
0.548634 29.4195 8.04007e-05 0.0020482 0.0021286 -0.600564 
0.548663 29.1336 0.000119431 0.00201664 0.00213607 -0.731962 
0.548692 28.7916 0.000165617 0.00197763 0.00214324 -0.861951 
0.548721 28.3941 0.000218603 0.00193146 0.00215007 -0.99028 
0.548749 27.9419 0.000277981 0.0018785 0.00215648 -1.1167 
0.548777 27.436 0.000343295 0.00181915 0.00216245 -1.24098 
0.548804 26.8772 0.00041404 0.00175387 0.00216791 -1.36286 
0.54883 26.2667 0.000489673 0.00168316 0.00217283 -1.48212 
0.548856 25.6056 0.000569612 0.00160756 0.00217717 -1.59852 
0.548882 24.8953 0.00065324 0.00152766 0.0021809 -1.71185 
0.548906 24.137 0.000739915 0.00144407 0.00218399 -1.82188 
0.54893 23.3322 0.00082897 0.00135744 0.00218641 -1.92841 
0.548953 22.4825 0.000919718 0.00126843 0.00218815 -2.03122 
0.548975 21.5895 0.00101146 0.00117772 0.00218919 -2.13012 
0.548996 20.6549 0.00110349 0.00108603 0.00218952 -2.22492 
0.549016 19.6806 0.00119511 0.000994037 0.00218914 -2.31544 
0.549035 18.6684 0.00128559 0.000902469 0.00218806 -2.4015 
0.549053 17.6202 0.00137426 0.000812024 0.00218629 -2.48293 
0.549071 16.5381 0.00146043 0.000723399 0.00218382 -2.55958 
0.549087 15.4242 0.00154342 0.000637278 0.0021807 -2.63131 
0.549101 14.2806 0.00162261 0.000554321 0.00217693 -2.69797 
0.549115 13.1095 0.00169739 0.000475168 0.00217256 -2.75944 
0.549128 11.9131 0.00176717 0.000400429 0.0021676 -2.81559 
0.549139 10.6938 0.00183143 0.000330678 0.00216211 -2.86632 
0.549149 9.45393 0.00188966 0.000266453 0.00215611 -2.91153 
0.549158 8.19585 0.00194142 0.000208248 0.00214967 -2.95114 
0.549165 6.92198 0.00198632 0.000156511 0.00214283 -2.98507 
0.549172 5.63479 0.00202399 0.000111639 0.00213563 -3.01324 
0.549177 4.33675 0.00205417 7.39795e-05 0.00212815 -3.03562 
0.54918 3.03036 0.0020766 4.38213e-05 0.00212042 -3.05215 
0.549183 1.71814 0.00209113 2.13966e-05 0.00211252 -3.06281 
0.549184 0.402606 0.00209763 6.87816e-06 0.00210451 -3.06757 
0.549184 -0.913701 0.00209606 3.77674e-07 0.00209644 -3.06642 
0.549182 -2.22825 0.00208644 1.9452e-06 0.00208838 -3.05937 
0.549179 -3.53851 0.00206882 1.15687e-05 0.00208039 -3.04643 
0.549175 -4.84195 0.00204336 2.9174e-05 0.00207253 -3.02762 
0.549169 -6.13607 0.00201024 5.46257e-05 0.00206487 -3.00299 
0.549163 -7.41838 0.00196972 8.77278e-05 0.00205745 -2.97257 
0.549155 -8.68641 0.00192212 0.000128225 0.00205034 -2.93643 
0.549145 -9.93771 0.00186779 0.000175807 0.0020436 -2.89464 
0.549135 -11.1699 0.00180716 0.000230106 0.00203727 -2.84727 
0.549123 -12.3805 0.0017407 0.000290705 0.00203141 -2.79442 
0.54911 -13.5674 0.00166891 0.000357137 0.00202605 -2.73619 
0.549096 -14.7281 0.00159235 0.000428891 0.00202124 -2.67269 
0.54908 -15.8604 0.00151161 0.000505415 0.00201702 -2.60405 
0.549064 -16.9622 0.00142731 0.000586118 0.00201342 -2.53039 
0.549047 -18.0314 0.00134009 0.000670381 0.00201047 -2.45187 
0.549028 -19.0658 0.00125063 0.000757555 0.00200819 -2.36862 
0.549008 -20.0636 0.00115963 0.000846968 0.00200659 -2.28081 
0.548988 -21.0227 0.00106777 0.000937933 0.0020057 -2.18861 
0.548966 -21.9413 0.000975761 0.00102975 0.00200551 -2.09219 
0.548944 -22.8177 0.000884321 0.00112171 0.00200603 -1.99175 
0.548921 -23.6501 0.000794148 0.0012131 0.00200725 -1.88747 
0.548897 -24.437 0.000705937 0.00130323 0.00200917 -1.77956 
0.548872 -25.1769 0.000620367 0.0013914 0.00201177 -1.66822 
0.548846 -25.8683 0.000538096 0.00147693 0.00201503 -1.55367 
0.54882 -26.5099 0.000459758 0.00155916 0.00201892 -1.43613 
0.548793 -27.1004 0.000385956 0.00163746 0.00202342 -1.31583 
0.548766 -27.6388 0.000317258 0.00171123 0.00202849 -1.19299 
0.548738 -28.124 0.000254192 0.0017799 0.00203409 -1.06785 
0.54871 -28.555 0.000197245 0.00184293 0.00204017 -0.940659 
0.548681 -28.931 0.000146854 0.00189985 0.0020467 -0.811656 
0.548652 -29.2513 0.000103407 0.00195022 0.00205362 -0.68109 
0.548622 -29.5154 6.72391e-05 0.00199364 0.00206088 -0.549213 
0.548593 -29.7225 3.86285e-05 0.00202979 0.00206842 -0.416278 
0.548563 -29.8725 1.77954e-05 0.00205839 0.00207619 -0.282542 
0.548533 -29.9649 4.90005e-06 0.00207921 0.00208411 -0.148262 
0.548503 -29.9997 4.18178e-08 0.0020921 0.00209214 -0.0136965 
0.548473 -29.9767 3.25807e-06 0.00209696 0.00210022 0.120895 
0.548443 -29.896 1.4524e-05 0.00209374 0.00210827 0.255254 
0.548413 -29.7577 3.3753e-05 0.00208248 0.00211624 0.389122 
0.548384 -29.5621 6.0797e-05 0.00206326 0.00212406 0.52224 
0.548354 -29.3096 9.54477e-05 0.00203623 0.00213168 0.654353 
0.548325 -29.0007 0.000137439 0.0020016 0.00213904 0.785207 
0.548296 -28.636 0.000186446 0.00195963 0.00214607 0.914548 
0.548268 -28.2161 0.000242094 0.00191064 0.00215274 1.04213 
0.54824 -27.7419 0.000303952 0.00185502 0.00215898 1.1677 
0.548212 -27.2142 0.000371546 0.00179319 0.00216474 1.29103 
0.548185 -26.6342 0.000444354 0.00172563 0.00216999 1.41187 
0.548159 -26.0029 0.000521817 0.00165286 0.00217468 1.52999 
0.548133 -25.3216 0.000603338 0.00157543 0.00217877 1.64517 
0.548108 -24.5914 0.00068829 0.00149395 0.00218224 1.75718 
0.548084 -23.814 0.000776018 0.00140904 0.00218506 1.8658 
0.548061 -22.9907 0.000865847 0.00132136 0.0021872 1.97083 
0.548038 -22.1231 0.000957086 0.00123157 0.00218866 2.07207 
0.548016 -21.2129 0.00104903 0.00114037 0.00218941 2.16932 
0.547996 -20.2619 0.00114098 0.00104847 0.00218945 2.2624 
0.547976 -19.2719 0.00123222 0.000956569 0.00218879 2.35111 
0.547957 -18.2448 0.00132205 0.000865375 0.00218742 2.4353 
0.547939 -17.1825 0.00140977 0.00077559 0.00218536 2.5148 
0.547923 -16.0872 0.00149472 0.000687905 0.00218263 2.58946 
0.547907 -14.9609 0.00157624 0.000602996 0.00217924 2.65914 
0.547893 -13.8057 0.0016537 0.000521517 0.00217522 2.72369 
0.54788 -12.624 0.00172651 0.000444094 0.0021706 2.783 
0.547868 -11.418 0.0017941 0.000371324 0.00216542 2.83696 
0.547857 -10.1901 0.00185595 0.000303766 0.00215972 2.88545 
0.547847 -8.94246 0.0019116 0.000241941 0.00215354 2.92838 
0.547839 -7.67764 0.0019606 0.000186324 0.00214692 2.96568 
0.547832 -6.39804 0.00200259 0.000137344 0.00213993 2.99727 
0.547826 -5.10612 0.00203723 9.53782e-05 0.00213261 3.02308 
0.547822 -3.80436 0.00206427 6.07487e-05 0.00212502 3.04308 
0.547818 -2.49529 0.0020835 3.37225e-05 0.00211722 3.05721 
0.547817 -1.18141 0.00209476 1.45077e-05 0.00210926 3.06547 
0.547816 0.134745 0.00209797 3.25205e-06 0.00210122 3.06781 
0.547817 1.45064 0.0020931 4.23039e-08 0.00209315 3.06426 
0.547819 2.76374 0.0020802 4.90315e-06 0.00208511 3.0548 
0.547822 4.07152 0.00205937 1.77972e-05 0.00207716 3.03946 
0.547827 5.37146 0.00203075 3.86251e-05 0.00206938 3.01827 
0.547833 6.66106 0.00199458 6.72266e-05 0.00206181 2.99127 
0.547841 7.93784 0.00195113 0.000103382 0.00205451 2.95851 
0.547849 9.19933 0.00190073 0.000146812 0.00204754 2.92005 
0.547859 10.4431 0.00184378 0.000197183 0.00204096 2.87597 
0.54787 11.6668 0.00178071 0.000254107 0.00203482 2.82635 
0.547882 12.868 0.00171201 0.000317145 0.00202916 2.7713 
0.547896 14.0444 0.0016382 0.000385814 0.00202402 2.7109 
0.54791 15.1938 0.00155986 0.000459584 0.00201945 2.64529 
0.547926 16.314 0.00147759 0.000537887 0.00201548 2.57458 
0.547943 17.4027 0.00139202 0.00062012 0.00201214 2.49892 
0.547961 18.4579 0.00130381 0.000705651 0.00200946 2.41845 
0.54798 19.4776 0.00121363 0.000793821 0.00200745 2.33331 
0.548 20.4598 0.00112219 0.000883951 0.00200614 2.24369 
0.548021 21.4026 0.00103019 0.000975348 0.00200554 2.14975 
0.548043 22.3042 0.000938328 0.00106731 0.00200564 2.05167 
0.548065 23.1629 0.000847321 0.00115912 0.00200644 1.94964 
0.548089 23.9769 0.000757866 0.00125009 0.00200795 1.84385 
0.548113 24.7448 0.000670651 0.0013395 0.00201015 1.73452 
0.548138 25.4651 0.00058635 0.00142667 0.00201302 1.62184 
0.548164 26.1363 0.00050561 0.00151093 0.00201654 1.50604 
0.548191 26.7572 0.000429052 0.00159163 0.00202069 1.38735 
0.548218 27.3266 0.000357267 0.00166815 0.00202542 1.26598 
0.548245 27.8433 0.000290806 0.00173991 0.00203071 1.14217 
0.548273 28.3065 0.000230182 0.00180633 0.00203652 1.01617 
0.548302 28.7151 0.00017586 0.00186693 0.00204279 0.888206 
0.548331 29.0685 0.00012826 0.00192122 0.00204948 0.758535 
0.54836 29.3659 8.77474e-05 0.0019688 0.00205655 0.627403 
0.54839 29.6068 5.46339e-05 0.00200929 0.00206393 0.495064 
0.548419 29.7907 2.91748e-05 0.00204239 0.00207157 0.361771 
0.548449 29.9172 1.15659e-05 0.00206784 0.00207941 0.227782 
0.548479 29.9861 1.94269e-06 0.00208544 0.00208738 0.0933537 
0.548509 29.9973 3.79375e-07 0.00209506 0.00209544 -0.0412538 
0.548539 29.9507 6.88794e-06 0.00209662 0.00210351 -0.175782 
0.548569 29.8465 2.14183e-05 0.00209012 0.00211153 -0.309972 
0.548599 29.6848 4.38586e-05 0.00207559 0.00211945 -0.443565 
0.548628 29.4659 7.4036e-05 0.00205316 0.0021272 -0.576303 
0.548658 29.1903 0.000111718 0.002023 0.00213472 -0.707933 
0.548687 28.8585 0.000156616 0.00198534 0.00214195 -0.838199 
0.548716 28.4712 0.000208382 0.00194046 0.00214884 -0.966852 
0.548744 28.029 0.000266619 0.00188872 0.00215534 -1.09364 
0.548772 27.5329 0.000330879 0.00183051 0.00216139 -1.21833 
0.548799 26.9838 0.000400666 0.00176628 0.00216695 -1.34067 
0.548826 26.3827 0.000475445 0.00169653 0.00217197 -1.46043 
0.548852 25.7308 0.000554638 0.00162178 0.00217642 -1.57737 
0.548877 25.0293 0.000637636 0.00154263 0.00218027 -1.69128 
0.548902 24.2797 0.000723802 0.00145967 0.00218347 -1.80194 
0.548926 23.4834 0.00081247 0.00137355 0.00218602 -1.90912 
0.548949 22.6418 0.000902959 0.00128492 0.00218788 -2.01263 
0.548971 21.7566 0.000994573 0.00119448 0.00218905 -2.11226 
0.548992 20.8296 0.0010866 0.00110291 0.00218951 -2.20783 
0.549013 19.8624 0.00117835 0.00101092 0.00218927 -2.29915 
0.549032 18.857 0.0012691 0.000919219 0.00218831 -2.38603 
0.54905 17.8153 0.00135815 0.000828516 0.00218666 -2.46833 
0.549068 16.7393 0.00144482 0.000739505 0.00218433 -2.54587 
0.549084 15.631 0.00152845 0.000652874 0.00218132 -2.61851 
0.549099 14.4927 0.00160838 0.000569287 0.00217767 -2.68611 
0.549113 13.3265 0.00168401 0.00048939 0.0021734 -2.74854 
0.549125 12.1346 0.00175476 0.000413796 0.00216855 -2.80568 
0.549137 10.9193 0.00182007 0.000343088 0.00216315 -2.85741 
0.549147 9.68304 0.00187944 0.000277809 0.00215725 -2.90365 
0.549156 8.42811 0.00193242 0.000218464 0.00215089 -2.94429 
0.549164 7.15696 0.0019786 0.000165507 0.00214411 -2.97927 
0.549171 5.87204 0.00201763 0.000119348 0.00213698 -3.0085 
0.549176 4.5758 0.0020492 8.03403e-05 0.00212954 -3.03195 
0.54918 3.27076 0.00207307 4.87854e-05 0.00212186 -3.04956 
0.549182 1.95942 0.00208906 2.4926e-05 0.00211399 -3.06129 
0.549184 0.644302 0.00209704 8.94559e-06 0.00210599 -3.06714 
0.549184 -0.672053 0.00209696 9.67241e-07 0.00209792 -3.06707 
0.549182 -1.98711 0.00208881 1.05236e-06 0.00208986 -3.06111 
0.54918 -3.29835 0.00207265 9.20028e-06 0.00208185 -3.04925 
0.549176 -4.60323 0.00204861 2.53483e-05 0.00207396 -3.03151 
0.549171 -5.89925 0.00201688 4.93721e-05 0.00206626 -3.00795 
0.549164 -7.18392 0.0019777 8.10868e-05 0.00205879 -2.97859 
0.549156 -8.45475 0.00193137 0.000120248 0.00205162 -2.94349 
0.549147 -9.7093 0.00187825 0.000166555 0.00204481 -2.90273 
0.549137 -10.9452 0.00181875 0.00021965 0.0020384 -2.85638 
0.549125 -12.16 0.00175332 0.000279126 0.00203245 -2.80453 
0.549112 -13.3513 0.00168247 0.000344524 0.00202699 -2.74728 
0.549098 -14.517 0.00160674 0.000415341 0.00202208 -2.68474 
0.549083 -15.6547 0.00152672 0.000491032 0.00201775 -2.61703 
0.549067 -16.7623 0.00144302 0.000571014 0.00201404 -2.54429 
0.54905 -17.8376 0.00135629 0.000654671 0.00201096 -2.46664 
0.549031 -18.8786 0.0012672 0.00074136 0.00200856 -2.38425 
0.549012 -19.8832 0.00117642 0.000830413 0.00200683 -2.29726 
0.548992 -20.8495 0.00108466 0.000921145 0.00200581 -2.20586 
0.54897 -21.7757 0.000992634 0.00101286 0.00200549 -2.1102 
0.548948 -22.66 0.000901037 0.00110484 0.00200588 -2.01049 
0.548925 -23.5006 0.000810579 0.0011964 0.00200698 -1.9069 
0.548901 -24.296 0.000721957 0.00128681 0.00200877 -1.79964 
0.548876 -25.0446 0.000635851 0.00137539 0.00201124 -1.68891 
0.548851 -25.745 0.000552927 0.00146145 0.00201438 -1.57494 
0.548825 -26.3959 0.00047382 0.00154434 0.00201816 -1.45793 
0.548798 -26.9959 0.000399142 0.00162341 0.00202255 -1.33811 
0.548771 -27.5439 0.000329465 0.00169805 0.00202752 -1.21572 
0.548743 -28.0389 0.000265328 0.00176769 0.00203302 -1.09099 
0.548715 -28.4799 0.000207222 0.0018318 0.00203902 -0.964157 
0.548686 -28.8661 0.000155597 0.00188988 0.00204547 -0.835468 
0.548657 -29.1967 0.000110848 0.00194148 0.00205233 -0.70517 
0.548628 -29.4711 7.33214e-05 0.00198621 0.00205953 -0.573515 
0.548598 -29.6888 4.33048e-05 0.00202371 0.00206702 -0.440756 
0.548568 -29.8493 2.10298e-05 0.00205372 0.00207475 -0.307147 
0.548539 -29.9523 6.66763e-06 0.00207598 0.00208265 -0.172948 
0.548509 -29.9976 3.28968e-07 0.00209034 0.00209066 -0.0384155 
0.548479 -29.9852 2.06257e-06 0.00209667 0.00209873 0.0961909 
0.548449 -29.9151 1.18551e-05 0.00209494 0.00210679 0.230612 
0.548419 -29.7874 2.96312e-05 0.00208515 0.00211478 0.364589 
0.548389 -29.6023 5.52539e-05 0.00206738 0.00212264 0.497865 
0.54836 -29.3602 8.85262e-05 0.00204177 0.0021303 0.630181 
0.54833 -29.0617 0.000129192 0.00200852 0.00213771 0.761285 
0.548301 -28.7071 0.000176938 0.00196787 0.00214481 0.890923 
0.548273 -28.2973 0.000231397 0.00192015 0.00215154 1.01884 
0.548245 -27.833 0.000292149 0.00186571 0.00215786 1.14481 
0.548217 -27.3151 0.000358727 0.00180499 0.00216372 1.26856 
0.54819 -26.7446 0.000430619 0.00173845 0.00216906 1.38988 
0.548164 -26.1226 0.000507271 0.00166659 0.00217386 1.50851 
0.548138 -25.4504 0.000588093 0.00158997 0.00217807 1.62425 
0.548113 -24.7291 0.000672463 0.00150919 0.00218165 1.73686 
0.548088 -23.9602 0.000759731 0.00142486 0.00218459 1.84612 
0.548065 -23.1452 0.000849226 0.00133763 0.00218686 1.95183 
0.548042 -22.2856 0.000940259 0.00124818 0.00218844 2.05378 
0.54802 -21.3832 0.00103213 0.00115719 0.00218932 2.15177 
0.547999 -20.4395 0.00112413 0.00106537 0.0021895 2.24563 
0.547979 -19.4565 0.00121555 0.000973413 0.00218896 2.33516 
0.547961 -18.4361 0.00130569 0.000882035 0.00218772 2.42019 
0.547943 -17.3801 0.00139385 0.000791939 0.00218579 2.50057 
0.547926 -16.2907 0.00147936 0.000703818 0.00218318 2.57612 
0.54791 -15.1699 0.00156156 0.00061835 0.00217991 2.64672 
0.547895 -14.0199 0.00163981 0.000536193 0.002176 2.71223 
0.547882 -12.8429 0.00171351 0.000457979 0.00217149 2.77251 
0.54787 -11.6412 0.0017821 0.000384312 0.00216641 2.82746 
0.547859 -10.4171 0.00184505 0.000315756 0.0021608 2.87696 
0.547849 -9.17291 0.00190186 0.000252842 0.00215471 2.92092 
0.54784 -7.91107 0.00195212 0.000196051 0.00214817 2.95926 
0.547833 -6.634 0.00199542 0.000145823 0.00214124 2.9919 
0.547827 -5.34415 0.00203143 0.000102543 0.00213398 3.01878 
0.547822 -4.04402 0.00205989 6.65447e-05 0.00212643 3.03984 
0.547819 -2.7361 0.00208056 3.8105e-05 0.00211866 3.05506 
0.547817 -1.42291 0.00209329 1.7443e-05 0.00211073 3.06439 
0.547816 -0.106987 0.00209798 4.71751e-06 0.0021027 3.06783 
0.547817 1.20915 0.0020946 2.66699e-08 0.00209463 3.06535 
0.547819 2.52295 0.00208317 3.40653e-06 0.00208658 3.05698 
0.547822 3.8319 0.00206378 1.48311e-05 0.00207861 3.04272 
0.547826 5.13347 0.00203658 3.42124e-05 0.00207079 3.0226 
0.547832 6.42515 0.00200178 6.14013e-05 0.00206318 2.99666 
0.547839 7.70447 0.00195964 9.61884e-05 0.00205583 2.96495 
0.547847 8.96895 0.00191049 0.000138306 0.0020488 2.92753 
0.547857 10.2162 0.00185471 0.00018743 0.00204214 2.88448 
0.547868 11.4437 0.00179273 0.000243182 0.00203591 2.83587 
0.54788 12.6492 0.00172502 0.000305133 0.00203016 2.78181 
0.547893 13.8304 0.00165211 0.000372806 0.00202492 2.72239 
0.547908 14.9849 0.00157456 0.000445681 0.00202024 2.65772 
0.547923 16.1106 0.00149296 0.000523195 0.00201616 2.58794 
0.54794 17.2052 0.00140795 0.000604754 0.0020127 2.51318 
0.547958 18.2668 0.00132017 0.000689728 0.0020099 2.43358 
0.547976 19.2931 0.00123031 0.000777463 0.00200777 2.34929 
0.547996 20.2824 0.00113905 0.000867285 0.00200633 2.26048 
0.548017 21.2325 0.00104709 0.000958502 0.00200559 2.16732 
0.548039 22.1418 0.000955153 0.00105041 0.00200556 2.06998 
0.548061 23.0085 0.000863936 0.00114231 0.00200624 1.96866 
0.548085 23.8308 0.000774144 0.00123348 0.00200762 1.86355 
0.548109 24.6073 0.000686467 0.00132323 0.0020097 1.75485 
0.548134 25.3364 0.000601582 0.00141086 0.00201244 1.64277 
0.548159 26.0168 0.00052014 0.00149571 0.00201585 1.52753 
0.548186 26.647 0.000442769 0.00157711 0.00201988 1.40935 
0.548213 27.2259 0.000370065 0.00165444 0.00202451 1.28845 
0.54824 27.7524 0.000302587 0.00172711 0.0020297 1.16508 
0.548268 28.2255 0.000240855 0.00179456 0.00203541 1.03946 
0.548297 28.6442 0.000185343 0.00185626 0.0020416 0.911838 
0.548326 29.0078 0.00013648 0.00191175 0.00204823 0.782462 
0.548355 29.3155 9.46403e-05 0.00196059 0.00205523 0.65158 
0.548384 29.5668 6.01474e-05 0.00200241 0.00206255 0.519443 
0.548414 29.7612 3.32663e-05 0.00203688 0.00207015 0.386306 
0.548444 29.8983 1.42039e-05 0.00206375 0.00207795 0.252426 
0.548474 29.9778 3.10698e-06 0.0020828 0.00208591 0.118059 
0.548504 29.9996 6.09467e-08 0.00209389 0.00209396 -0.016535 
0.548534 29.9636 5.08924e-06 0.00209694 0.00210203 -0.151097 
0.548564 29.8699 1.81532e-05 0.00209191 0.00211007 -0.285368 
0.548593 29.7188 3.91522e-05 0.00207886 0.00211801 -0.41909 
0.548623 29.5104 6.79246e-05 0.00205787 0.00212579 -0.552005 
0.548652 29.2452 0.000104249 0.00202911 0.00213336 -0.683857 
0.548682 28.9236 0.000147846 0.0019928 0.00214065 -0.814393 
0.54871 28.5464 0.000198379 0.00194923 0.0021476 -0.94336 
0.548739 28.1143 0.00025546 0.00189872 0.00215418 -1.07051 
0.548767 27.628 0.00031865 0.00184166 0.00216031 -1.1956 
0.548794 27.0885 0.000387461 0.0017785 0.00216596 -1.31839 
0.548821 26.4969 0.000461365 0.00170973 0.00217109 -1.43864 
0.548847 25.8542 0.000539792 0.00163586 0.00217565 -1.55612 
0.548872 25.1618 0.000622139 0.00155747 0.00217961 -1.6706 
0.548897 24.4209 0.000707772 0.00147516 0.00218293 -1.78187 
0.548921 23.633 0.000796032 0.00138957 0.0021856 -1.88971 
0.548944 22.7996 0.000886238 0.00130135 0.00218759 -1.99391 
0.548967 21.9223 0.000977698 0.00121119 0.00218889 -2.09427 
0.548988 21.0028 0.00106971 0.00111977 0.00218948 -2.19059 
0.549009 20.0429 0.00116156 0.00102781 0.00218936 -2.2827 
0.549028 19.0444 0.00125254 0.000936004 0.00218854 -2.37042 
0.549047 18.0092 0.00134195 0.000845065 0.00218702 -2.45357 
0.549064 16.9393 0.00142912 0.000755691 0.00218481 -2.532 
0.549081 15.8369 0.00151335 0.000668572 0.00218192 -2.60555 
0.549096 14.7039 0.00159401 0.000584378 0.00217839 -2.67409 
0.54911 13.5426 0.00167048 0.000503756 0.00217423 -2.73747 
0.549123 12.3553 0.00174216 0.000427327 0.00216949 -2.79559 
0.549135 11.1441 0.0018085 0.00035568 0.00216418 -2.84832 
0.549145 9.91151 0.001869 0.000289366 0.00215837 -2.89558 
0.549155 8.65984 0.00192319 0.000228895 0.00215209 -2.93725 
0.549163 7.39148 0.00197065 0.000174733 0.00214538 -2.97327 
0.54917 6.1089 0.00201102 0.000127297 0.00213831 -3.00357 
0.549175 4.81455 0.00204397 8.69525e-05 0.00213093 -3.02808 
0.549179 3.51094 0.00206927 5.40093e-05 0.00212328 -3.04676 
0.549182 2.20057 0.00208672 2.87212e-05 0.00211544 -3.05958 
0.549184 0.885955 0.00209618 1.1283e-05 0.00210746 -3.06651 
0.549184 -0.430361 0.00209758 1.82886e-06 0.00209941 -3.06753 
0.549183 -1.74585 0.0020909 4.31542e-07 0.00209134 -3.06265 
0.54918 -3.05798 0.00207621 7.10182e-06 0.00208331 -3.05187 
0.549177 -4.36422 0.00205361 2.17883e-05 0.0020754 -3.03521 
0.549172 -5.66205 0.00202328 4.43781e-05 0.00206765 -3.01271 
0.549165 -6.94899 0.00198544 7.46971e-05 0.00206014 -2.98441 
0.549158 -8.22254 0.0019404 0.000112512 0.00205291 -2.95036 
0.549149 -9.48027 0.0018885 0.000157532 0.00204603 -2.91064 
0.549139 -10.7197 0.00183013 0.00020941 0.00203954 -2.86531 
0.549127 -11.9386 0.00176576 0.000267747 0.0020335 -2.81446 
0.549115 -13.1344 0.00169586 0.000332094 0.00202795 -2.75819 
0.549101 -14.305 0.00162099 0.000401956 0.00202294 -2.69662 
0.549086 -15.448 0.00154171 0.000476794 0.0020185 -2.62985 
0.54907 -16.5613 0.00145864 0.000556033 0.00201467 -2.55802 
0.549053 -17.6427 0.00137242 0.000639063 0.00201148 -2.48126 
0.549035 -18.6901 0.0012837 0.000725245 0.00200895 -2.39973 
0.549016 -19.7015 0.00119318 0.000813915 0.0020071 -2.31357 
0.548996 -20.675 0.00110156 0.00090439 0.00200595 -2.22297 
0.548974 -21.6087 0.00100952 0.000995975 0.0020055 -2.12808 
0.548952 -22.5008 0.000917792 0.00108796 0.00200576 -2.02909 
0.548929 -23.3496 0.000827072 0.00117965 0.00200672 -1.9262 
0.548906 -24.1534 0.000738061 0.00127033 0.00200839 -1.8196 
0.548881 -24.9107 0.000651443 0.00135929 0.00201074 -1.7095 
0.548856 -25.6201 0.000567886 0.00144587 0.00201376 -1.5961 
0.54883 -26.2801 0.000488032 0.00152939 0.00201742 -1.47963 
0.548803 -26.8896 0.000412496 0.0016092 0.0020217 -1.36031 
0.548776 -27.4472 0.00034186 0.0016847 0.00202656 -1.23838 
0.548748 -27.952 0.000276667 0.00175531 0.00203197 -1.11406 
0.54872 -28.403 0.000217419 0.00182047 0.00203789 -0.987593 
0.548692 -28.7993 0.000164572 0.00187969 0.00204426 -0.859226 
0.548663 -29.1402 0.000118533 0.00193251 0.00205104 -0.729205 
0.548633 -29.425 7.9657e-05 0.00197852 0.00205818 -0.59778 
0.548604 -29.6531 4.82424e-05 0.00201738 0.00206562 -0.465205 
0.548574 -29.8241 2.45312e-05 0.00204878 0.00207331 -0.331733 
0.548544 -29.9377 8.70592e-06 0.00207248 0.00208119 -0.197623 
0.548514 -29.9936 8.88465e-07 0.0020883 0.00208919 -0.063132 
0.548484 -29.9919 1.13897e-06 0.00209611 0.00209725 0.0714803 
0.548454 -29.9323 9.45551e-06 0.00209586 0.00210532 0.205955 
0.548424 -29.8152 2.57741e-05 0.00208755 0.00211332 0.340033 
0.548394 -29.6406 4.9969e-05 0.00207124 0.00212121 0.473456 
0.548365 -29.409 8.18541e-05 0.00204706 0.00212891 0.605968 
0.548336 -29.1207 0.000121184 0.00201519 0.00213637 0.737314 
full duration of calculation: 0.015 sec
