0.548497 -29.9997 4.0374e-08 0.002097 0.00209704 0.013458 
0.548494 -29.9988 1.61493e-07 0.00209696 0.00209712 0.0269157 
0.548491 -29.9974 3.63347e-07 0.00209684 0.0020972 0.040373 
0.548488 -29.9954 6.45922e-07 0.00209664 0.00209728 0.0538294 
0.548485 -29.9928 1.00919e-06 0.00209635 0.00209736 0.0672848 
0.548482 -29.9896 1.45314e-06 0.00209599 0.00209744 0.0807389 
0.548479 -29.9858 1.97772e-06 0.00209555 0.00209752 0.0941915 
0.548476 -29.9815 2.58289e-06 0.00209502 0.00209761 0.107642 
0.548473 -29.9766 3.26862e-06 0.00209442 0.00209769 0.121091 
0.54847 -29.9711 4.03484e-06 0.00209373 0.00209777 0.134537 
0.548467 -29.9651 4.88149e-06 0.00209297 0.00209785 0.147981 
0.548464 -29.9584 5.80852e-06 0.00209212 0.00209793 0.161422 
0.548461 -29.9512 6.81585e-06 0.00209119 0.00209801 0.17486 
0.548458 -29.9434 7.90341e-06 0.00209018 0.00209809 0.188294 
0.548455 -29.935 9.0711e-06 0.0020891 0.00209817 0.201725 
0.548452 -29.9261 1.03188e-05 0.00208793 0.00209825 0.215152 
0.548449 -29.9166 1.16465e-05 0.00208668 0.00209833 0.228575 
0.548446 -29.9065 1.30541e-05 0.00208535 0.00209841 0.241993 
0.548443 -29.8958 1.45414e-05 0.00208395 0.00209849 0.255407 
0.54844 -29.8846 1.61083e-05 0.00208246 0.00209857 0.268816 
0.548437 -29.8727 1.77547e-05 0.00208089 0.00209865 0.282219 
0.548434 -29.8603 1.94805e-05 0.00207925 0.00209873 0.295617 
0.548431 -29.8474 2.12856e-05 0.00207752 0.00209881 0.30901 
0.548428 -29.8338 2.31697e-05 0.00207571 0.00209888 0.322396 
0.548425 -29.8197 2.51329e-05 0.00207383 0.00209896 0.335777 
0.548422 -29.805 2.71748e-05 0.00207187 0.00209904 0.349151 
0.548419 -29.7897 2.92954e-05 0.00206983 0.00209912 0.362518 
0.548416 -29.7739 3.14945e-05 0.0020677 0.0020992 0.375878 
0.548413 -29.7574 3.37719e-05 0.00206551 0.00209928 0.389231 
0.54841 -29.7405 3.61274e-05 0.00206323 0.00209936 0.402576 
0.548407 -29.7229 3.8561e-05 0.00206087 0.00209943 0.415914 
0.548404 -29.7048 4.10723e-05 0.00205844 0.00209951 0.429244 
0.548401 -29.686 4.36611e-05 0.00205593 0.00209959 0.442565 
0.548398 -29.6668 4.63274e-05 0.00205334 0.00209967 0.455878 
0.548395 -29.6469 4.90709e-05 0.00205067 0.00209974 0.469182 
0.548392 -29.6265 5.18913e-05 0.00204793 0.00209982 0.482477 
0.548389 -29.6055 5.47884e-05 0.00204511 0.0020999 0.495763 
0.548387 -29.5839 5.77621e-05 0.00204221 0.00209997 0.509039 
0.548384 -29.5618 6.08121e-05 0.00203924 0.00210005 0.522306 
0.548381 -29.5391 6.39382e-05 0.00203619 0.00210013 0.535562 
0.548378 -29.5158 6.71401e-05 0.00203306 0.0021002 0.548808 
0.548375 -29.492 7.04176e-05 0.00202986 0.00210028 0.562044 
0.548372 -29.4676 7.37703e-05 0.00202658 0.00210035 0.575268 
0.548369 -29.4426 7.71982e-05 0.00202323 0.00210043 0.588482 
0.548366 -29.4171 8.07009e-05 0.0020198 0.0021005 0.601684 
0.548363 -29.391 8.42781e-05 0.0020163 0.00210058 0.614875 
0.54836 -29.3643 8.79295e-05 0.00201272 0.00210065 0.628054 
0.548357 -29.3371 9.16549e-05 0.00200907 0.00210073 0.641221 
0.548354 -29.3093 9.5454e-05 0.00200535 0.0021008 0.654375 
0.548351 -29.2809 9.93266e-05 0.00200155 0.00210087 0.667517 
0.548348 -29.252 0.000103272 0.00199767 0.00210095 0.680646 
0.548345 -29.2225 0.000107291 0.00199373 0.00210102 0.693762 
0.548342 -29.1924 0.000111381 0.00198971 0.00210109 0.706864 
0.54834 -29.1618 0.000115545 0.00198562 0.00210116 0.719953 
0.548337 -29.1306 0.000119779 0.00198146 0.00210124 0.733028 
0.548334 -29.0989 0.000124086 0.00197722 0.00210131 0.746089 
0.548331 -29.0666 0.000128463 0.00197291 0.00210138 0.759136 
0.548328 -29.0337 0.000132912 0.00196854 0.00210145 0.772168 
0.548325 -29.0003 0.000137431 0.00196409 0.00210152 0.785185 
0.548322 -28.9663 0.00014202 0.00195957 0.00210159 0.798187 
0.548319 -28.9318 0.000146679 0.00195498 0.00210166 0.811173 
0.548316 -28.8967 0.000151408 0.00195032 0.00210173 0.824144 
0.548313 -28.861 0.000156205 0.00194559 0.0021018 0.8371 
0.548311 -28.8248 0.000161071 0.0019408 0.00210187 0.850039 
0.548308 -28.7881 0.000166006 0.00193593 0.00210194 0.862961 
0.548305 -28.7508 0.000171008 0.00193099 0.002102 0.875867 
0.548302 -28.7129 0.000176078 0.00192599 0.00210207 0.888756 
0.548299 -28.6745 0.000181216 0.00192092 0.00210214 0.901628 
0.548296 -28.6355 0.00018642 0.00191579 0.0021022 0.914483 
0.548293 -28.596 0.00019169 0.00191058 0.00210227 0.92732 
0.54829 -28.5559 0.000197027 0.00190531 0.00210234 0.940139 
0.548288 -28.5153 0.000202429 0.00189997 0.0021024 0.952941 
0.548285 -28.4741 0.000207896 0.00189457 0.00210247 0.965723 
0.548282 -28.4324 0.000213428 0.0018891 0.00210253 0.978488 
0.548279 -28.3901 0.000219024 0.00188357 0.0021026 0.991233 
0.548276 -28.3473 0.000224684 0.00187798 0.00210266 1.00396 
0.548273 -28.3039 0.000230408 0.00187232 0.00210272 1.01667 
0.548271 -28.26 0.000236194 0.00186659 0.00210279 1.02935 
0.548268 -28.2156 0.000242044 0.00186081 0.00210285 1.04202 
0.548265 -28.1706 0.000247955 0.00185496 0.00210291 1.05467 
0.548262 -28.1251 0.000253928 0.00184905 0.00210297 1.0673 
0.548259 -28.079 0.000259962 0.00184307 0.00210304 1.0799 
0.548256 -28.0324 0.000266057 0.00183704 0.0021031 1.09249 
0.548254 -27.9852 0.000272212 0.00183094 0.00210316 1.10505 
0.548251 -27.9375 0.000278427 0.00182479 0.00210322 1.1176 
0.548248 -27.8893 0.000284701 0.00181857 0.00210328 1.13012 
0.548245 -27.8405 0.000291034 0.0018123 0.00210333 1.14262 
0.548243 -27.7912 0.000297425 0.00180597 0.00210339 1.1551 
0.54824 -27.7413 0.000303874 0.00179958 0.00210345 1.16755 
0.548237 -27.691 0.000310381 0.00179313 0.00210351 1.17999 
0.548234 -27.6401 0.000316944 0.00178662 0.00210356 1.1924 
0.548231 -27.5886 0.000323564 0.00178006 0.00210362 1.20479 
0.548229 -27.5366 0.000330239 0.00177344 0.00210368 1.21715 
0.548226 -27.4841 0.00033697 0.00176676 0.00210373 1.22949 
0.548223 -27.4311 0.000343756 0.00176003 0.00210379 1.24181 
0.54822 -27.3776 0.000350596 0.00175325 0.00210384 1.2541 
0.548218 -27.3235 0.000357489 0.00174641 0.0021039 1.26637 
0.548215 -27.2689 0.000364436 0.00173951 0.00210395 1.27862 
0.548212 -27.2137 0.000371436 0.00173257 0.002104 1.29084 
0.54821 -27.1581 0.000378487 0.00172557 0.00210405 1.30303 
0.548207 -27.1019 0.000385591 0.00171851 0.00210411 1.3152 
0.548204 -27.0452 0.000392745 0.00171141 0.00210416 1.32735 
0.548201 -26.9879 0.00039995 0.00170426 0.00210421 1.33947 
0.548199 -26.9302 0.000407205 0.00169705 0.00210426 1.35156 
0.548196 -26.8719 0.000414509 0.0016898 0.00210431 1.36363 
0.548193 -26.8131 0.000421862 0.00168249 0.00210436 1.37567 
0.548191 -26.7538 0.000429263 0.00167514 0.0021044 1.38769 
0.548188 -26.694 0.000436712 0.00166774 0.00210445 1.39968 
0.548185 -26.6337 0.000444208 0.00166029 0.0021045 1.41164 
0.548183 -26.5729 0.000451751 0.00165279 0.00210454 1.42357 
0.54818 -26.5115 0.00045934 0.00164525 0.00210459 1.43548 
0.548177 -26.4496 0.000466973 0.00163766 0.00210464 1.44736 
0.548175 -26.3873 0.000474652 0.00163003 0.00210468 1.45921 
0.548172 -26.3244 0.000482375 0.00162235 0.00210473 1.47103 
0.548169 -26.261 0.000490142 0.00161463 0.00210477 1.48283 
0.548167 -26.1971 0.000497951 0.00160686 0.00210481 1.49459 
0.548164 -26.1327 0.000505803 0.00159905 0.00210485 1.50633 
0.548162 -26.0678 0.000513697 0.0015912 0.0021049 1.51804 
0.548159 -26.0024 0.000521632 0.00158331 0.00210494 1.52972 
0.548156 -25.9365 0.000529607 0.00157537 0.00210498 1.54137 
0.548154 -25.8701 0.000537623 0.0015674 0.00210502 1.55299 
0.548151 -25.8032 0.000545677 0.00155938 0.00210506 1.56458 
0.548149 -25.7358 0.000553771 0.00155133 0.0021051 1.57614 
0.548146 -25.6679 0.000561903 0.00154323 0.00210513 1.58767 
0.548144 -25.5995 0.000570072 0.0015351 0.00210517 1.59917 
0.548141 -25.5306 0.000578278 0.00152693 0.00210521 1.61064 
0.548138 -25.4613 0.00058652 0.00151873 0.00210524 1.62208 
0.548136 -25.3914 0.000594797 0.00151048 0.00210528 1.63348 
0.548133 -25.3211 0.00060311 0.00150221 0.00210532 1.64486 
0.548131 -25.2502 0.000611457 0.00149389 0.00210535 1.6562 
0.548128 -25.1789 0.000619838 0.00148555 0.00210538 1.66751 
0.548126 -25.1071 0.000628251 0.00147717 0.00210542 1.67879 
0.548123 -25.0348 0.000636697 0.00146875 0.00210545 1.69004 
0.548121 -24.962 0.000645175 0.00146031 0.00210548 1.70125 
0.548118 -24.8888 0.000653684 0.00145183 0.00210551 1.71243 
0.548116 -24.815 0.000662223 0.00144332 0.00210554 1.72358 
0.548113 -24.7408 0.000670792 0.00143478 0.00210557 1.7347 
0.548111 -24.6661 0.00067939 0.00142621 0.0021056 1.74578 
0.548108 -24.591 0.000688016 0.00141761 0.00210563 1.75683 
0.548106 -24.5153 0.000696671 0.00140899 0.00210566 1.76784 
0.548103 -24.4392 0.000705352 0.00140033 0.00210568 1.77882 
0.548101 -24.3626 0.00071406 0.00139165 0.00210571 1.78977 
0.548099 -24.2856 0.000722793 0.00138294 0.00210574 1.80068 
0.548096 -24.2081 0.000731552 0.00137421 0.00210576 1.81156 
0.548094 -24.1301 0.000740335 0.00136545 0.00210579 1.8224 
0.548091 -24.0516 0.000749141 0.00135667 0.00210581 1.83321 
0.548089 -23.9727 0.000757971 0.00134786 0.00210583 1.84398 
0.548087 -23.8934 0.000766823 0.00133903 0.00210586 1.85472 
0.548084 -23.8135 0.000775697 0.00133018 0.00210588 1.86542 
0.548082 -23.7332 0.000784592 0.00132131 0.0021059 1.87608 
0.548079 -23.6525 0.000793507 0.00131241 0.00210592 1.88671 
0.548077 -23.5713 0.000802442 0.0013035 0.00210594 1.8973 
0.548075 -23.4896 0.000811396 0.00129456 0.00210596 1.90786 
0.548072 -23.4075 0.000820368 0.00128561 0.00210598 1.91838 
0.54807 -23.325 0.000829357 0.00127664 0.00210599 1.92886 
0.548068 -23.242 0.000838364 0.00126765 0.00210601 1.9393 
0.548065 -23.1585 0.000847387 0.00125864 0.00210603 1.94971 
0.548063 -23.0746 0.000856425 0.00124962 0.00210604 1.96008 
0.548061 -22.9903 0.000865478 0.00124058 0.00210606 1.97041 
0.548058 -22.9055 0.000874545 0.00123153 0.00210607 1.98071 
0.548056 -22.8202 0.000883625 0.00122246 0.00210608 1.99097 
0.548054 -22.7346 0.000892718 0.00121338 0.0021061 2.00118 
0.548052 -22.6485 0.000901823 0.00120429 0.00210611 2.01136 
0.548049 -22.5619 0.00091094 0.00119518 0.00210612 2.0215 
0.548047 -22.475 0.000920067 0.00118606 0.00210613 2.03161 
0.548045 -22.3875 0.000929204 0.00117694 0.00210614 2.04167 
0.548043 -22.2997 0.00093835 0.0011678 0.00210615 2.05169 
0.54804 -22.2114 0.000947504 0.00115865 0.00210616 2.06168 
0.548038 -22.1227 0.000956667 0.0011495 0.00210617 2.07162 
0.548036 -22.0336 0.000965836 0.00114034 0.00210617 2.08152 
0.548034 -21.9441 0.000975012 0.00113117 0.00210618 2.09139 
0.548032 -21.8541 0.000984193 0.00112199 0.00210619 2.10121 
0.548029 -21.7637 0.00099338 0.00111281 0.00210619 2.111 
0.548027 -21.6729 0.00100257 0.00110362 0.0021062 2.12074 
0.548025 -21.5817 0.00101176 0.00109443 0.0021062 2.13044 
0.548023 -21.49 0.00102096 0.00108524 0.0021062 2.1401 
0.548021 -21.398 0.00103016 0.00107604 0.0021062 2.14972 
0.548019 -21.3055 0.00103936 0.00106684 0.00210621 2.1593 
0.548017 -21.2126 0.00104856 0.00105764 0.00210621 2.16884 
0.548014 -21.1193 0.00105776 0.00104844 0.00210621 2.17833 
0.548012 -21.0256 0.00106696 0.00103924 0.00210621 2.18778 
0.54801 -20.9315 0.00107616 0.00103004 0.0021062 2.1972 
0.548008 -20.837 0.00108536 0.00102084 0.0021062 2.20656 
0.548006 -20.7421 0.00109455 0.00101164 0.0021062 2.21589 
0.548004 -20.6468 0.00110375 0.00100245 0.0021062 2.22517 
0.548002 -20.5511 0.00111293 0.00099326 0.00210619 2.23442 
0.548 -20.455 0.00112211 0.000984074 0.00210619 2.24361 
0.547998 -20.3586 0.00113129 0.000974892 0.00210618 2.25277 
0.547996 -20.2617 0.00114046 0.000965717 0.00210617 2.26188 
0.547994 -20.1644 0.00114962 0.000956547 0.00210617 2.27095 
0.547992 -20.0667 0.00115877 0.000947385 0.00210616 2.27997 
0.54799 -19.9687 0.00116792 0.000938231 0.00210615 2.28895 
0.547988 -19.8703 0.00117706 0.000929085 0.00210614 2.29789 
0.547986 -19.7715 0.00118618 0.000919948 0.00210613 2.30678 
0.547984 -19.6723 0.0011953 0.000910821 0.00210612 2.31562 
0.547982 -19.5727 0.00120441 0.000901705 0.00210611 2.32443 
0.54798 -19.4727 0.0012135 0.0008926 0.0021061 2.33319 
0.547978 -19.3724 0.00122258 0.000883507 0.00210609 2.3419 
0.547976 -19.2717 0.00123165 0.000874427 0.00210607 2.35057 
0.547974 -19.1707 0.0012407 0.00086536 0.00210606 2.35919 
0.547972 -19.0692 0.00124974 0.000856307 0.00210604 2.36777 
0.54797 -18.9674 0.00125876 0.00084727 0.00210603 2.3763 
0.547968 -18.8652 0.00126777 0.000838247 0.00210601 2.38478 
0.547967 -18.7627 0.00127675 0.000829241 0.002106 2.39322 
0.547965 -18.6598 0.00128573 0.000820252 0.00210598 2.40162 
0.547963 -18.5566 0.00129468 0.00081128 0.00210596 2.40997 
0.547961 -18.453 0.00130361 0.000802326 0.00210594 2.41827 
0.547959 -18.349 0.00131253 0.000793392 0.00210592 2.42652 
0.547957 -18.2447 0.00132142 0.000784477 0.0021059 2.43473 
0.547955 -18.14 0.0013303 0.000775582 0.00210588 2.44289 
0.547954 -18.035 0.00133915 0.000766709 0.00210586 2.451 
0.547952 -17.9296 0.00134798 0.000757857 0.00210584 2.45907 
0.54795 -17.8239 0.00135679 0.000749028 0.00210581 2.46709 
0.547948 -17.7178 0.00136557 0.000740221 0.00210579 2.47506 
0.547947 -17.6115 0.00137433 0.000731439 0.00210576 2.48299 
0.547945 -17.5047 0.00138306 0.00072268 0.00210574 2.49086 
0.547943 -17.3976 0.00139177 0.000713947 0.00210571 2.49869 
0.547941 -17.2902 0.00140045 0.00070524 0.00210569 2.50647 
0.54794 -17.1825 0.0014091 0.000696559 0.00210566 2.51421 
0.547938 -17.0744 0.00141773 0.000687905 0.00210563 2.52189 
0.547936 -16.966 0.00142633 0.000679279 0.0021056 2.52952 
0.547934 -16.8573 0.00143489 0.000670681 0.00210558 2.53711 
0.547933 -16.7483 0.00144343 0.000662113 0.00210555 2.54465 
0.547931 -16.6389 0.00145194 0.000653574 0.00210552 2.55214 
0.547929 -16.5292 0.00146042 0.000645066 0.00210548 2.55958 
0.547928 -16.4192 0.00146886 0.000636588 0.00210545 2.56697 
0.547926 -16.3088 0.00147728 0.000628143 0.00210542 2.57431 
0.547925 -16.1982 0.00148566 0.00061973 0.00210539 2.5816 
0.547923 -16.0872 0.001494 0.00061135 0.00210535 2.58884 
0.547921 -15.976 0.00150232 0.000603003 0.00210532 2.59603 
0.54792 -15.8644 0.00151059 0.000594691 0.00210528 2.60318 
0.547918 -15.7525 0.00151884 0.000586414 0.00210525 2.61027 
0.547917 -15.6404 0.00152704 0.000578172 0.00210521 2.61731 
0.547915 -15.5279 0.00153521 0.000569967 0.00210518 2.6243 
0.547913 -15.4151 0.00154334 0.000561798 0.00210514 2.63124 
0.547912 -15.302 0.00155143 0.000553667 0.0021051 2.63813 
0.54791 -15.1887 0.00155949 0.000545574 0.00210506 2.64497 
0.547909 -15.075 0.0015675 0.00053752 0.00210502 2.65176 
0.547907 -14.961 0.00157548 0.000529505 0.00210498 2.65849 
0.547906 -14.8468 0.00158341 0.00052153 0.00210494 2.66518 
0.547904 -14.7323 0.00159131 0.000513595 0.0021049 2.67182 
0.547903 -14.6175 0.00159916 0.000505702 0.00210486 2.6784 
0.547901 -14.5024 0.00160697 0.000497851 0.00210482 2.68493 
0.5479 -14.387 0.00161473 0.000490042 0.00210477 2.69141 
0.547899 -14.2713 0.00162245 0.000482276 0.00210473 2.69784 
0.547897 -14.1554 0.00163013 0.000474554 0.00210469 2.70421 
0.547896 -14.0392 0.00163777 0.000466875 0.00210464 2.71054 
0.547894 -13.9228 0.00164535 0.000459242 0.0021046 2.71681 
0.547893 -13.806 0.0016529 0.000451654 0.00210455 2.72303 
0.547892 -13.689 0.00166039 0.000444112 0.0021045 2.7292 
0.54789 -13.5718 0.00166784 0.000436617 0.00210446 2.73531 
0.547889 -13.4542 0.00167524 0.000429168 0.00210441 2.74137 
0.547888 -13.3364 0.00168259 0.000421768 0.00210436 2.74738 
0.547886 -13.2184 0.0016899 0.000414415 0.00210431 2.75334 
0.547885 -13.1001 0.00169715 0.000407112 0.00210426 2.75924 
0.547884 -12.9816 0.00170435 0.000399858 0.00210421 2.76509 
0.547882 -12.8628 0.00171151 0.000392653 0.00210416 2.77089 
0.547881 -12.7437 0.00171861 0.0003855 0.00210411 2.77663 
0.54788 -12.6244 0.00172566 0.000378397 0.00210406 2.78232 
0.547879 -12.5049 0.00173266 0.000371346 0.00210401 2.78796 
0.547877 -12.3851 0.00173961 0.000364347 0.00210395 2.79354 
0.547876 -12.2651 0.0017465 0.000357401 0.0021039 2.79907 
0.547875 -12.1449 0.00175334 0.000350508 0.00210385 2.80455 
0.547874 -12.0244 0.00176012 0.000343669 0.00210379 2.80997 
0.547872 -11.9037 0.00176685 0.000336884 0.00210374 2.81533 
0.547871 -11.7827 0.00177353 0.000330154 0.00210368 2.82065 
0.54787 -11.6615 0.00178015 0.000323479 0.00210363 2.82591 
0.547869 -11.5401 0.00178671 0.00031686 0.00210357 2.83111 
0.547868 -11.4185 0.00179322 0.000310298 0.00210351 2.83626 
0.547867 -11.2967 0.00179967 0.000303792 0.00210346 2.84136 
0.547865 -11.1746 0.00180606 0.000297343 0.0021034 2.8464 
0.547864 -11.0524 0.00181239 0.000290953 0.00210334 2.85138 
0.547863 -10.9299 0.00181866 0.000284621 0.00210328 2.85631 
0.547862 -10.8072 0.00182488 0.000278347 0.00210322 2.86119 
0.547861 -10.6843 0.00183103 0.000272133 0.00210316 2.86601 
0.54786 -10.5612 0.00183712 0.000265979 0.0021031 2.87077 
0.547859 -10.4379 0.00184316 0.000259885 0.00210304 2.87548 
0.547858 -10.3144 0.00184913 0.000253851 0.00210298 2.88014 
0.547857 -10.1906 0.00185504 0.000247879 0.00210292 2.88474 
0.547856 -10.0667 0.00186089 0.000241969 0.00210286 2.88928 
0.547855 -9.94264 0.00186667 0.000236121 0.00210279 2.89377 
0.547854 -9.81835 0.0018724 0.000230335 0.00210273 2.8982 
0.547853 -9.69387 0.00187806 0.000224612 0.00210267 2.90258 
0.547852 -9.5692 0.00188365 0.000218953 0.0021026 2.9069 
0.547851 -9.44435 0.00188918 0.000213357 0.00210254 2.91116 
0.54785 -9.31932 0.00189465 0.000207826 0.00210248 2.91537 
0.547849 -9.19411 0.00190005 0.00020236 0.00210241 2.91953 
0.547848 -9.06872 0.00190539 0.000196959 0.00210234 2.92362 
0.547847 -8.94315 0.00191066 0.000191623 0.00210228 2.92766 
0.547846 -8.81742 0.00191586 0.000186353 0.00210221 2.93165 
0.547846 -8.69151 0.001921 0.00018115 0.00210215 2.93557 
0.547845 -8.56544 0.00192606 0.000176014 0.00210208 2.93944 
0.547844 -8.4392 0.00193107 0.000170945 0.00210201 2.94326 
0.547843 -8.3128 0.001936 0.000165943 0.00210194 2.94701 
0.547842 -8.18624 0.00194087 0.000161009 0.00210187 2.95072 
0.547841 -8.05952 0.00194566 0.000156144 0.00210181 2.95436 
0.547841 -7.93265 0.00195039 0.000151347 0.00210174 2.95795 
0.54784 -7.80562 0.00195505 0.00014662 0.00210167 2.96148 
0.547839 -7.67845 0.00195964 0.000141962 0.0021016 2.96495 
0.547838 -7.55112 0.00196415 0.000137373 0.00210153 2.96837 
0.547838 -7.42365 0.0019686 0.000132855 0.00210146 2.97172 
0.547837 -7.29604 0.00197298 0.000128408 0.00210139 2.97503 
0.547836 -7.16829 0.00197728 0.000124031 0.00210132 2.97827 
0.547835 -7.04039 0.00198152 0.000119725 0.00210124 2.98146 
0.547835 -6.91237 0.00198568 0.000115491 0.00210117 2.98459 
0.547834 -6.78421 0.00198977 0.000111329 0.0021011 2.98766 
0.547833 -6.65592 0.00199379 0.000107239 0.00210103 2.99067 
0.547833 -6.5275 0.00199773 0.000103222 0.00210095 2.99363 
0.547832 -6.39895 0.0020016 9.92772e-05 0.00210088 2.99653 
0.547831 -6.27029 0.0020054 9.54056e-05 0.00210081 2.99937 
0.547831 -6.1415 0.00200913 9.16074e-05 0.00210073 3.00216 
0.54783 -6.01259 0.00201278 8.7883e-05 0.00210066 3.00488 
0.54783 -5.88357 0.00201635 8.42325e-05 0.00210059 3.00755 
0.547829 -5.75443 0.00201986 8.06562e-05 0.00210051 3.01016 
0.547828 -5.62519 0.00202328 7.71545e-05 0.00210044 3.01271 
0.547828 -5.49583 0.00202663 7.37276e-05 0.00210036 3.01521 
0.547827 -5.36637 0.00202991 7.03758e-05 0.00210029 3.01764 
0.547827 -5.23681 0.00203311 6.70993e-05 0.00210021 3.02002 
0.547826 -5.10715 0.00203624 6.38983e-05 0.00210013 3.02234 
0.547826 -4.97738 0.00203929 6.07732e-05 0.00210006 3.0246 
0.547825 -4.84752 0.00204226 5.77242e-05 0.00209998 3.02681 
0.547825 -4.71757 0.00204515 5.47515e-05 0.00209991 3.02895 
0.547824 -4.58753 0.00204797 5.18553e-05 0.00209983 3.03104 
0.547824 -4.4574 0.00205072 4.90358e-05 0.00209975 3.03307 
0.547823 -4.32718 0.00205338 4.62934e-05 0.00209968 3.03504 
0.547823 -4.19688 0.00205597 4.36281e-05 0.0020996 3.03695 
0.547823 -4.0665 0.00205848 4.10402e-05 0.00209952 3.03881 
0.547822 -3.93604 0.00206091 3.85299e-05 0.00209944 3.0406 
0.547822 -3.80551 0.00206327 3.60973e-05 0.00209936 3.04234 
0.547821 -3.6749 0.00206554 3.37428e-05 0.00209929 3.04402 
0.547821 -3.54422 0.00206774 3.14663e-05 0.00209921 3.04563 
0.547821 -3.41347 0.00206986 2.92682e-05 0.00209913 3.0472 
0.54782 -3.28266 0.0020719 2.71486e-05 0.00209905 3.0487 
0.54782 -3.15178 0.00207386 2.51077e-05 0.00209897 3.05014 
0.54782 -3.02084 0.00207575 2.31456e-05 0.00209889 3.05152 
0.547819 -2.88985 0.00207755 2.12624e-05 0.00209881 3.05285 
0.547819 -2.7588 0.00207928 1.94584e-05 0.00209873 3.05412 
0.547819 -2.62769 0.00208092 1.77335e-05 0.00209866 3.05533 
0.547819 -2.49654 0.00208249 1.60881e-05 0.00209858 3.05648 
0.547818 -2.36534 0.00208397 1.45222e-05 0.0020985 3.05757 
0.547818 -2.23409 0.00208538 1.30359e-05 0.00209842 3.0586 
0.547818 -2.1028 0.00208671 1.16294e-05 0.00209834 3.05957 
0.547818 -1.97147 0.00208795 1.03027e-05 0.00209826 3.06048 
0.547818 -1.8401 0.00208912 9.05596e-06 0.00209818 3.06134 
0.547817 -1.70869 0.00209021 7.88927e-06 0.0020981 3.06213 
0.547817 -1.57725 0.00209121 6.80273e-06 0.00209802 3.06287 
0.547817 -1.44578 0.00209214 5.7964e-06 0.00209794 3.06355 
0.547817 -1.31429 0.00209299 4.87038e-06 0.00209786 3.06417 
0.547817 -1.18277 0.00209375 4.02474e-06 0.00209778 3.06473 
0.547817 -1.05122 0.00209444 3.25953e-06 0.00209769 3.06523 
0.547817 -0.919659 0.00209504 2.57481e-06 0.00209761 3.06567 
0.547817 -0.788076 0.00209556 1.97065e-06 0.00209753 3.06606 
0.547816 -0.656479 0.00209601 1.44708e-06 0.00209745 3.06638 
0.547816 -0.524869 0.00209637 1.00415e-06 0.00209737 3.06664 
0.547816 -0.393249 0.00209665 6.41886e-07 0.00209729 3.06685 
0.547816 -0.261622 0.00209685 3.60323e-07 0.00209721 3.067 
0.547816 -0.129989 0.00209697 1.59479e-07 0.00209713 3.06709 
0.547816 0.00164631 0.00209701 3.93703e-08 0.00209705 3.06711 
0.547816 0.133281 0.00209697 6.31506e-12 0.00209697 3.06708 
0.547816 0.264914 0.00209685 4.139e-08 0.00209689 3.06699 
0.547816 0.396541 0.00209664 1.63518e-07 0.00209681 3.06685 
0.547816 0.528161 0.00209636 3.66381e-07 0.00209673 3.06664 
0.547816 0.659771 0.002096 6.49964e-07 0.00209665 3.06637 
0.547817 0.791368 0.00209555 1.01424e-06 0.00209657 3.06605 
0.547817 0.92295 0.00209503 1.45919e-06 0.00209648 3.06566 
0.547817 1.05451 0.00209442 1.98478e-06 0.0020964 3.06522 
0.547817 1.18606 0.00209373 2.59096e-06 0.00209632 3.06472 
0.547817 1.31758 0.00209297 3.27769e-06 0.00209624 3.06415 
0.547817 1.44907 0.00209212 4.04491e-06 0.00209616 3.06353 
0.547817 1.58054 0.00209119 4.89257e-06 0.00209608 3.06285 
0.547817 1.71198 0.00209018 5.8206e-06 0.002096 3.06212 
0.547818 1.84338 0.00208909 6.82893e-06 0.00209592 3.06132 
0.547818 1.97475 0.00208792 7.91748e-06 0.00209584 3.06046 
0.547818 2.10608 0.00208668 9.08617e-06 0.00209576 3.05955 
0.547818 2.23737 0.00208535 1.03349e-05 0.00209568 3.05857 
0.547818 2.36862 0.00208394 1.16636e-05 0.0020956 3.05754 
0.547819 2.49982 0.00208245 1.30721e-05 0.00209552 3.05645 
0.547819 2.63097 0.00208088 1.45604e-05 0.00209544 3.0553 
0.547819 2.76208 0.00207923 1.61283e-05 0.00209536 3.05409 
0.547819 2.89313 0.00207751 1.77757e-05 0.00209528 3.05282 
0.54782 3.02412 0.0020757 1.95025e-05 0.0020952 3.05149 
0.54782 3.15505 0.00207382 2.13085e-05 0.00209512 3.0501 
0.54782 3.28593 0.00207185 2.31937e-05 0.00209505 3.04866 
0.547821 3.41674 0.00206981 2.51578e-05 0.00209497 3.04716 
0.547821 3.54749 0.00206769 2.72007e-05 0.00209489 3.04559 
0.547821 3.67816 0.00206549 2.93223e-05 0.00209481 3.04397 
0.547822 3.80877 0.00206321 3.15223e-05 0.00209473 3.04229 
0.547822 3.9393 0.00206085 3.38007e-05 0.00209465 3.04056 
0.547823 4.06976 0.00205842 3.61572e-05 0.00209458 3.03876 
0.547823 4.20014 0.00205591 3.85917e-05 0.0020945 3.03691 
0.547823 4.33044 0.00205332 4.1104e-05 0.00209442 3.03499 
0.547824 4.46065 0.00205065 4.36938e-05 0.00209434 3.03302 
0.547824 4.59078 0.0020479 4.6361e-05 0.00209427 3.03099 
0.547825 4.72082 0.00204508 4.91054e-05 0.00209419 3.0289 
0.547825 4.85077 0.00204218 5.19268e-05 0.00209411 3.02675 
0.547826 4.98063 0.00203921 5.48249e-05 0.00209404 3.02455 
0.547826 5.11039 0.00203616 5.77995e-05 0.00209396 3.02229 
0.547827 5.24005 0.00203303 6.08505e-05 0.00209388 3.01996 
0.547827 5.36961 0.00202983 6.39775e-05 0.00209381 3.01758 
0.547828 5.49907 0.00202655 6.71803e-05 0.00209373 3.01515 
0.547828 5.62842 0.0020232 7.04587e-05 0.00209366 3.01265 
0.547829 5.75767 0.00201977 7.38124e-05 0.00209358 3.0101 
0.54783 5.8868 0.00201626 7.72412e-05 0.00209351 3.00748 
0.54783 6.01582 0.00201269 8.07448e-05 0.00209343 3.00481 
0.547831 6.14472 0.00200903 8.43229e-05 0.00209336 3.00209 
0.547831 6.27351 0.00200531 8.79752e-05 0.00209328 2.9993 
0.547832 6.40217 0.00200151 9.17015e-05 0.00209321 2.99646 
0.547833 6.53071 0.00199763 9.55016e-05 0.00209314 2.99356 
0.547833 6.65913 0.00199369 9.9375e-05 0.00209306 2.9906 
0.547834 6.78741 0.00198967 0.000103321 0.00209299 2.98758 
0.547835 6.91557 0.00198558 0.000107341 0.00209292 2.98451 
0.547835 7.04359 0.00198141 0.000111433 0.00209285 2.98138 
0.547836 7.17148 0.00197718 0.000115596 0.00209277 2.97819 
0.547837 7.29923 0.00197287 0.000119832 0.0020927 2.97494 
0.547838 7.42684 0.00196849 0.00012414 0.00209263 2.97164 
0.547838 7.55431 0.00196404 0.000128518 0.00209256 2.96828 
0.547839 7.68163 0.00195952 0.000132967 0.00209249 2.96486 
0.54784 7.8088 0.00195493 0.000137487 0.00209242 2.96139 
0.547841 7.93582 0.00195027 0.000142077 0.00209235 2.95786 
0.547841 8.06269 0.00194554 0.000146737 0.00209228 2.95427 
0.547842 8.18941 0.00194074 0.000151466 0.00209221 2.95062 
0.547843 8.31596 0.00193588 0.000156265 0.00209214 2.94692 
0.547844 8.44236 0.00193094 0.000161132 0.00209207 2.94316 
0.547845 8.5686 0.00192594 0.000166067 0.00209201 2.93935 
0.547846 8.69466 0.00192087 0.000171071 0.00209194 2.93547 
0.547847 8.82057 0.00191573 0.000176141 0.00209187 2.93155 
0.547847 8.9463 0.00191052 0.00018128 0.0020918 2.92756 
0.547848 9.07186 0.00190525 0.000186484 0.00209174 2.92352 
0.547849 9.19724 0.00189992 0.000191756 0.00209167 2.91942 
0.54785 9.32245 0.00189451 0.000197093 0.00209161 2.91527 
0.547851 9.44748 0.00188905 0.000202496 0.00209154 2.91106 
0.547852 9.57233 0.00188351 0.000207964 0.00209148 2.90679 
0.547853 9.69699 0.00187792 0.000213497 0.00209141 2.90247 
0.547854 9.82146 0.00187225 0.000219094 0.00209135 2.89809 
0.547855 9.94575 0.00186653 0.000224754 0.00209128 2.89366 
0.547856 10.0698 0.00186074 0.000230479 0.00209122 2.88917 
0.547857 10.1937 0.00185489 0.000236266 0.00209116 2.88462 
0.547858 10.3175 0.00184898 0.000242116 0.0020911 2.88002 
0.547859 10.441 0.00184301 0.000248028 0.00209104 2.87537 
0.54786 10.5643 0.00183697 0.000254002 0.00209097 2.87065 
0.547861 10.6874 0.00183088 0.000260036 0.00209091 2.86589 
0.547862 10.8103 0.00182472 0.000266132 0.00209085 2.86107 
0.547863 10.9329 0.00181851 0.000272288 0.00209079 2.85619 
0.547864 11.0554 0.00181223 0.000278503 0.00209073 2.85126 
0.547866 11.1777 0.0018059 0.000284778 0.00209068 2.84627 
0.547867 11.2997 0.0017995 0.000291112 0.00209062 2.84123 
0.547868 11.4216 0.00179305 0.000297504 0.00209056 2.83613 
0.547869 11.5432 0.00178655 0.000303954 0.0020905 2.83098 
0.54787 11.6646 0.00177998 0.000310461 0.00209044 2.82578 
0.547871 11.7857 0.00177336 0.000317025 0.00209039 2.82052 
0.547872 11.9067 0.00176669 0.000323645 0.00209033 2.8152 
0.547874 12.0274 0.00175996 0.000330322 0.00209028 2.80983 
0.547875 12.1479 0.00175317 0.000337053 0.00209022 2.80441 
0.547876 12.2681 0.00174633 0.000343839 0.00209017 2.79893 
0.547877 12.3881 0.00173943 0.00035068 0.00209011 2.7934 
0.547879 12.5079 0.00173249 0.000357574 0.00209006 2.78782 
0.54788 12.6274 0.00172549 0.000364522 0.00209001 2.78218 
0.547881 12.7467 0.00171843 0.000371522 0.00208996 2.77649 
0.547882 12.8657 0.00171133 0.000378574 0.0020899 2.77074 
0.547884 12.9845 0.00170418 0.000385678 0.00208985 2.76495 
0.547885 13.1031 0.00169697 0.000392833 0.0020898 2.7591 
0.547886 13.2214 0.00168971 0.000400039 0.00208975 2.75319 
0.547888 13.3394 0.00168241 0.000407294 0.0020897 2.74723 
0.547889 13.4572 0.00167506 0.000414599 0.00208965 2.74122 
0.54789 13.5747 0.00166765 0.000421952 0.00208961 2.73516 
0.547892 13.6919 0.0016602 0.000429354 0.00208956 2.72904 
0.547893 13.8089 0.00165271 0.000436804 0.00208951 2.72287 
0.547894 13.9257 0.00164516 0.0004443 0.00208946 2.71665 
0.547896 14.0421 0.00163758 0.000451843 0.00208942 2.71038 
0.547897 14.1583 0.00162994 0.000459432 0.00208937 2.70406 
0.547899 14.2742 0.00162226 0.000467067 0.00208933 2.69768 
0.5479 14.3899 0.00161454 0.000474746 0.00208928 2.69125 
0.547902 14.5052 0.00160677 0.00048247 0.00208924 2.68477 
0.547903 14.6203 0.00159896 0.000490237 0.0020892 2.67823 
0.547904 14.7351 0.00159111 0.000498047 0.00208916 2.67165 
0.547906 14.8497 0.00158321 0.000505899 0.00208911 2.66501 
0.547907 14.9639 0.00157528 0.000513793 0.00208907 2.65833 
0.547909 15.0778 0.0015673 0.000521729 0.00208903 2.65159 
0.54791 15.1915 0.00155929 0.000529705 0.00208899 2.6448 
0.547912 15.3049 0.00155123 0.000537721 0.00208895 2.63796 
0.547913 15.4179 0.00154314 0.000545776 0.00208891 2.63107 
0.547915 15.5307 0.00153501 0.00055387 0.00208888 2.62413 
0.547917 15.6432 0.00152684 0.000562002 0.00208884 2.61713 
0.547918 15.7553 0.00151863 0.000570171 0.0020888 2.61009 
0.54792 15.8672 0.00151039 0.000578378 0.00208876 2.603 
0.547921 15.9788 0.00150211 0.00058662 0.00208873 2.59585 
0.547923 16.09 0.0014938 0.000594898 0.00208869 2.58866 
0.547925 16.201 0.00148545 0.000603211 0.00208866 2.58142 
0.547926 16.3116 0.00147707 0.000611559 0.00208863 2.57413 
0.547928 16.4219 0.00146865 0.00061994 0.00208859 2.56678 
0.547929 16.5319 0.00146021 0.000628354 0.00208856 2.55939 
0.547931 16.6416 0.00145173 0.0006368 0.00208853 2.55195 
0.547933 16.751 0.00144322 0.000645278 0.0020885 2.54446 
0.547934 16.86 0.00143468 0.000653787 0.00208847 2.53692 
0.547936 16.9687 0.00142611 0.000662327 0.00208844 2.52933 
0.547938 17.0771 0.00141751 0.000670896 0.00208841 2.5217 
0.54794 17.1852 0.00140889 0.000679494 0.00208838 2.51401 
0.547941 17.2929 0.00140023 0.000688121 0.00208835 2.50628 
0.547943 17.4003 0.00139155 0.000696776 0.00208833 2.4985 
0.547945 17.5074 0.00138284 0.000705457 0.0020883 2.49067 
0.547947 17.6141 0.00137411 0.000714165 0.00208827 2.48279 
0.547948 17.7205 0.00136535 0.000722899 0.00208825 2.47486 
0.54795 17.8266 0.00135657 0.000731658 0.00208822 2.46689 
0.547952 17.9323 0.00134776 0.000740441 0.0020882 2.45887 
0.547954 18.0376 0.00133893 0.000749248 0.00208818 2.4508 
0.547955 18.1426 0.00133008 0.000758078 0.00208815 2.44269 
0.547957 18.2473 0.0013212 0.000766931 0.00208813 2.43452 
0.547959 18.3516 0.00131231 0.000775805 0.00208811 2.42632 
0.547961 18.4556 0.00130339 0.0007847 0.00208809 2.41806 
0.547963 18.5592 0.00129446 0.000793615 0.00208807 2.40976 
0.547965 18.6624 0.0012855 0.00080255 0.00208805 2.40141 
0.547967 18.7653 0.00127653 0.000811504 0.00208803 2.39301 
0.547968 18.8678 0.00126754 0.000820476 0.00208802 2.38457 
0.54797 18.97 0.00125853 0.000829466 0.002088 2.37609 
0.547972 19.0718 0.00124951 0.000838473 0.00208798 2.36755 
0.547974 19.1732 0.00124047 0.000847495 0.00208797 2.35897 
0.547976 19.2742 0.00123142 0.000856534 0.00208795 2.35035 
0.547978 19.3749 0.00122235 0.000865587 0.00208794 2.34168 
0.54798 19.4752 0.00121327 0.000874654 0.00208793 2.33297 
0.547982 19.5752 0.00120418 0.000883735 0.00208791 2.32421 
0.547984 19.6747 0.00119507 0.000892828 0.0020879 2.3154 
0.547986 19.7739 0.00118596 0.000901933 0.00208789 2.30656 
0.547988 19.8727 0.00117683 0.000911049 0.00208788 2.29766 
0.54799 19.9712 0.00116769 0.000920177 0.00208787 2.28873 
0.547992 20.0692 0.00115855 0.000929314 0.00208786 2.27974 
0.547994 20.1668 0.00114939 0.00093846 0.00208785 2.27072 
0.547996 20.2641 0.00114023 0.000947614 0.00208784 2.26165 
0.547998 20.361 0.00113106 0.000956777 0.00208784 2.25254 
0.548 20.4575 0.00112188 0.000965946 0.00208783 2.24338 
0.548002 20.5535 0.0011127 0.000975122 0.00208782 2.23418 
0.548004 20.6492 0.00110352 0.000984304 0.00208782 2.22494 
0.548006 20.7445 0.00109432 0.00099349 0.00208781 2.21566 
0.548008 20.8394 0.00108513 0.00100268 0.00208781 2.20633 
0.54801 20.9339 0.00107593 0.00101187 0.00208781 2.19696 
0.548012 21.028 0.00106673 0.00102107 0.00208781 2.18755 
0.548014 21.1217 0.00105753 0.00103027 0.0020878 2.17809 
0.548017 21.2149 0.00104833 0.00103947 0.0020878 2.1686 
0.548019 21.3078 0.00103913 0.00104867 0.0020878 2.15906 
0.548021 21.4003 0.00102993 0.00105787 0.0020878 2.14948 
0.548023 21.4923 0.00102073 0.00106707 0.00208781 2.13986 
0.548025 21.584 0.00101153 0.00107627 0.00208781 2.1302 
0.548027 21.6752 0.00100234 0.00108547 0.00208781 2.1205 
0.548029 21.766 0.00099315 0.00109466 0.00208781 2.11075 
0.548032 21.8563 0.000983964 0.00110385 0.00208782 2.10097 
0.548034 21.9463 0.000974782 0.00111304 0.00208782 2.09114 
0.548036 22.0358 0.000965607 0.00112222 0.00208783 2.08128 
0.548038 22.125 0.000956437 0.0011314 0.00208784 2.07137 
0.54804 22.2136 0.000947275 0.00114057 0.00208784 2.06143 
0.548043 22.3019 0.000938121 0.00114973 0.00208785 2.05144 
0.548045 22.3897 0.000928975 0.00115888 0.00208786 2.04142 
0.548047 22.4771 0.000919838 0.00116803 0.00208787 2.03135 
0.548049 22.5641 0.000910712 0.00117717 0.00208788 2.02125 
0.548052 22.6506 0.000901595 0.00118629 0.00208789 2.01111 
0.548054 22.7367 0.000892491 0.00119541 0.0020879 2.00093 
0.548056 22.8224 0.000883398 0.00120451 0.00208791 1.99071 
0.548059 22.9076 0.000874318 0.00121361 0.00208792 1.98045 
0.548061 22.9924 0.000865251 0.00122269 0.00208794 1.97016 
0.548063 23.0767 0.000856198 0.00123175 0.00208795 1.95982 
0.548065 23.1606 0.000847161 0.00124081 0.00208797 1.94945 
0.548068 23.244 0.000838138 0.00124984 0.00208798 1.93904 
0.54807 23.327 0.000829132 0.00125887 0.002088 1.9286 
0.548072 23.4096 0.000820143 0.00126787 0.00208801 1.91811 
0.548075 23.4917 0.000811172 0.00127686 0.00208803 1.90759 
0.548077 23.5733 0.000802218 0.00128583 0.00208805 1.89704 
0.548079 23.6545 0.000793284 0.00129479 0.00208807 1.88644 
0.548082 23.7353 0.000784369 0.00130372 0.00208809 1.87581 
0.548084 23.8155 0.000775475 0.00131263 0.00208811 1.86515 
0.548087 23.8954 0.000766602 0.00132153 0.00208813 1.85445 
0.548089 23.9747 0.00075775 0.0013304 0.00208815 1.84371 
0.548091 24.0536 0.000748921 0.00133925 0.00208817 1.83294 
0.548094 24.132 0.000740115 0.00134808 0.0020882 1.82213 
0.548096 24.21 0.000731332 0.00135689 0.00208822 1.81129 
0.548099 24.2875 0.000722574 0.00136567 0.00208825 1.80041 
0.548101 24.3646 0.000713842 0.00137443 0.00208827 1.7895 
0.548104 24.4411 0.000705135 0.00138316 0.0020883 1.77855 
0.548106 24.5172 0.000696454 0.00139187 0.00208832 1.76757 
0.548108 24.5928 0.0006878 0.00140055 0.00208835 1.75655 
0.548111 24.668 0.000679175 0.0014092 0.00208838 1.7455 
0.548113 24.7427 0.000670577 0.00141783 0.00208841 1.73442 
0.548116 24.8169 0.000662009 0.00142643 0.00208844 1.7233 
0.548118 24.8906 0.000653471 0.00143499 0.00208846 1.71215 
0.548121 24.9638 0.000644963 0.00144353 0.0020885 1.70097 
0.548123 25.0366 0.000636486 0.00145204 0.00208853 1.68976 
0.548126 25.1089 0.000628041 0.00146052 0.00208856 1.67851 
0.548128 25.1807 0.000619628 0.00146896 0.00208859 1.66723 
0.548131 25.252 0.000611248 0.00147738 0.00208862 1.65592 
0.548133 25.3228 0.000602902 0.00148576 0.00208866 1.64457 
0.548136 25.3932 0.00059459 0.0014941 0.00208869 1.6332 
0.548138 25.463 0.000586313 0.00150241 0.00208873 1.62179 
0.548141 25.5324 0.000578072 0.00151069 0.00208876 1.61035 
0.548144 25.6012 0.000569867 0.00151893 0.0020888 1.59888 
0.548146 25.6696 0.000561699 0.00152714 0.00208883 1.58738 
0.548149 25.7375 0.000553568 0.0015353 0.00208887 1.57585 
0.548151 25.8049 0.000545475 0.00154343 0.00208891 1.56429 
0.548154 25.8718 0.000537422 0.00155153 0.00208895 1.5527 
0.548156 25.9382 0.000529407 0.00155958 0.00208899 1.54108 
0.548159 26.004 0.000521433 0.0015676 0.00208903 1.52943 
0.548162 26.0694 0.000513499 0.00157557 0.00208907 1.51775 
0.548164 26.1343 0.000505606 0.0015835 0.00208911 1.50604 
0.548167 26.1987 0.000497755 0.0015914 0.00208915 1.4943 
0.54817 26.2626 0.000489947 0.00159925 0.00208919 1.48253 
0.548172 26.326 0.000482181 0.00160706 0.00208924 1.47074 
0.548175 26.3888 0.00047446 0.00161482 0.00208928 1.45891 
0.548177 26.4512 0.000466782 0.00162254 0.00208932 1.44706 
0.54818 26.513 0.000459149 0.00163022 0.00208937 1.43518 
0.548183 26.5744 0.000451562 0.00163785 0.00208941 1.42327 
0.548185 26.6352 0.00044402 0.00164544 0.00208946 1.41134 
0.548188 26.6955 0.000436525 0.00165298 0.00208951 1.39938 
0.548191 26.7553 0.000429078 0.00166048 0.00208955 1.38739 
0.548193 26.8146 0.000421677 0.00166792 0.0020896 1.37537 
0.548196 26.8734 0.000414326 0.00167532 0.00208965 1.36333 
0.548199 26.9316 0.000407023 0.00168268 0.0020897 1.35126 
0.548201 26.9894 0.000399769 0.00168998 0.00208975 1.33917 
0.548204 27.0466 0.000392566 0.00169723 0.0020898 1.32705 
0.548207 27.1033 0.000385412 0.00170444 0.00208985 1.3149 
0.54821 27.1595 0.00037831 0.00171159 0.0020899 1.30273 
0.548212 27.2151 0.00037126 0.00171869 0.00208995 1.29053 
0.548215 27.2702 0.000364262 0.00172574 0.00209 1.27831 
0.548218 27.3248 0.000357316 0.00173274 0.00209006 1.26607 
0.548221 27.3789 0.000350424 0.00173969 0.00209011 1.25379 
0.548223 27.4324 0.000343585 0.00174658 0.00209016 1.2415 
0.548226 27.4855 0.000336801 0.00175342 0.00209022 1.22918 
0.548229 27.538 0.000330072 0.0017602 0.00209027 1.21684 
0.548232 27.5899 0.000323398 0.00176693 0.00209033 1.20448 
0.548234 27.6413 0.000316779 0.0017736 0.00209038 1.19209 
0.548237 27.6922 0.000310217 0.00178022 0.00209044 1.17968 
0.54824 27.7426 0.000303712 0.00178678 0.0020905 1.16724 
0.548243 27.7924 0.000297265 0.00179329 0.00209055 1.15479 
0.548245 27.8417 0.000290875 0.00179974 0.00209061 1.14231 
0.548248 27.8905 0.000284543 0.00180613 0.00209067 1.12981 
0.548251 27.9387 0.00027827 0.00181246 0.00209073 1.11728 
0.548254 27.9864 0.000272057 0.00181873 0.00209079 1.10474 
0.548257 28.0335 0.000265903 0.00182494 0.00209085 1.09217 
0.548259 28.0801 0.00025981 0.0018311 0.00209091 1.07959 
0.548262 28.1262 0.000253778 0.00183719 0.00209097 1.06698 
0.548265 28.1717 0.000247806 0.00184322 0.00209103 1.05435 
0.548268 28.2167 0.000241897 0.00184919 0.00209109 1.0417 
0.548271 28.2611 0.000236049 0.0018551 0.00209115 1.02904 
0.548273 28.305 0.000230264 0.00186095 0.00209122 1.01635 
0.548276 28.3484 0.000224542 0.00186674 0.00209128 1.00364 
0.548279 28.3912 0.000218883 0.00187246 0.00209134 0.990914 
0.548282 28.4334 0.000213289 0.00187812 0.00209141 0.978169 
0.548285 28.4751 0.000207758 0.00188371 0.00209147 0.965404 
0.548288 28.5163 0.000202293 0.00188924 0.00209154 0.952621 
0.54829 28.5569 0.000196893 0.00189471 0.0020916 0.939819 
0.548293 28.597 0.000191558 0.00190011 0.00209167 0.926999 
0.548296 28.6365 0.000186289 0.00190544 0.00209173 0.914162 
0.548299 28.6754 0.000181086 0.00191071 0.0020918 0.901307 
0.548302 28.7138 0.000175951 0.00191591 0.00209187 0.888434 
0.548305 28.7517 0.000170882 0.00192105 0.00209193 0.875545 
0.548308 28.789 0.000165882 0.00192612 0.002092 0.862638 
0.548311 28.8257 0.000160949 0.00193112 0.00209207 0.849715 
0.548313 28.8619 0.000156084 0.00193605 0.00209214 0.836776 
0.548316 28.8976 0.000151288 0.00194092 0.0020922 0.82382 
0.548319 28.9327 0.000146562 0.00194571 0.00209227 0.810849 
0.548322 28.9672 0.000141904 0.00195044 0.00209234 0.797862 
0.548325 29.0011 0.000137317 0.0019551 0.00209241 0.784859 
0.548328 29.0345 0.0001328 0.00195968 0.00209248 0.771842 
0.548331 29.0674 0.000128353 0.0019642 0.00209255 0.75881 
0.548334 29.0997 0.000123977 0.00196865 0.00209262 0.745763 
0.548337 29.1314 0.000119673 0.00197302 0.0020927 0.732701 
0.54834 29.1626 0.00011544 0.00197733 0.00209277 0.719626 
0.548343 29.1932 0.000111278 0.00198156 0.00209284 0.706537 
0.548345 29.2232 0.000107189 0.00198572 0.00209291 0.693434 
0.548348 29.2527 0.000103173 0.00198981 0.00209298 0.680318 
0.548351 29.2816 9.92288e-05 0.00199383 0.00209306 0.667188 
0.548354 29.31 9.53581e-05 0.00199777 0.00209313 0.654046 
0.548357 29.3378 9.15608e-05 0.00200164 0.0020932 0.640892 
0.54836 29.365 8.78373e-05 0.00200544 0.00209328 0.627724 
0.548363 29.3916 8.41877e-05 0.00200916 0.00209335 0.614545 
0.548366 29.4177 8.06123e-05 0.00201281 0.00209343 0.601354 
0.548369 29.4433 7.71115e-05 0.00201639 0.0020935 0.588152 
0.548372 29.4682 7.36856e-05 0.00201989 0.00209357 0.574938 
0.548375 29.4926 7.03347e-05 0.00202331 0.00209365 0.561713 
0.548378 29.5164 6.70591e-05 0.00202667 0.00209372 0.548477 
0.548381 29.5397 6.38591e-05 0.00202994 0.0020938 0.535231 
0.548384 29.5624 6.07349e-05 0.00203314 0.00209388 0.521974 
0.548387 29.5845 5.76868e-05 0.00203627 0.00209395 0.508707 
0.54839 29.606 5.4715e-05 0.00203931 0.00209403 0.495431 
0.548393 29.627 5.18198e-05 0.00204229 0.00209411 0.482145 
0.548395 29.6474 4.90013e-05 0.00204518 0.00209418 0.468849 
0.548398 29.6673 4.62598e-05 0.002048 0.00209426 0.455545 
0.548401 29.6865 4.35954e-05 0.00205074 0.00209434 0.442232 
0.548404 29.7052 4.10085e-05 0.0020534 0.00209441 0.42891 
0.548407 29.7233 3.84991e-05 0.00205599 0.00209449 0.41558 
0.54841 29.7409 3.60676e-05 0.0020585 0.00209457 0.402243 
0.548413 29.7579 3.3714e-05 0.00206093 0.00209465 0.388897 
0.548416 29.7743 3.14385e-05 0.00206329 0.00209472 0.375544 
0.548419 29.7901 2.92414e-05 0.00206556 0.0020948 0.362183 
0.548422 29.8054 2.71228e-05 0.00206776 0.00209488 0.348816 
0.548425 29.82 2.50828e-05 0.00206988 0.00209496 0.335442 
0.548428 29.8342 2.31216e-05 0.00207192 0.00209504 0.322062 
0.548431 29.8477 2.12395e-05 0.00207388 0.00209512 0.308675 
0.548434 29.8606 1.94364e-05 0.00207576 0.0020952 0.295282 
0.548437 29.873 1.77126e-05 0.00207756 0.00209528 0.281884 
0.54844 29.8848 1.60681e-05 0.00207929 0.00209536 0.26848 
0.548443 29.8961 1.45032e-05 0.00208093 0.00209544 0.255071 
0.548446 29.9067 1.30179e-05 0.0020825 0.00209551 0.241657 
0.548449 29.9168 1.16124e-05 0.00208398 0.00209559 0.228239 
0.548452 29.9263 1.02867e-05 0.00208539 0.00209567 0.214816 
0.548455 29.9353 9.04091e-06 0.00208671 0.00209575 0.201389 
0.548458 29.9436 7.87523e-06 0.00208796 0.00209583 0.187958 
0.548461 29.9514 6.78968e-06 0.00208912 0.00209591 0.174524 
0.548464 29.9586 5.78435e-06 0.00209021 0.00209599 0.161086 
0.548467 29.9652 4.85934e-06 0.00209122 0.00209608 0.147645 
0.54847 29.9713 4.01469e-06 0.00209214 0.00209616 0.134201 
0.548473 29.9767 3.25048e-06 0.00209299 0.00209624 0.120755 
0.548476 29.9816 2.56677e-06 0.00209375 0.00209632 0.107306 
0.548479 29.986 1.96361e-06 0.00209443 0.0020964 0.093855 
0.548482 29.9897 1.44105e-06 0.00209504 0.00209648 0.0804024 
0.548485 29.9929 9.99124e-07 0.00209556 0.00209656 0.0669483 
0.548488 29.9954 6.3787e-07 0.002096 0.00209664 0.0534928 
0.548491 29.9974 3.57314e-07 0.00209636 0.00209672 0.0400364 
0.548494 29.9989 1.57479e-07 0.00209664 0.0020968 0.0265791 
0.548497 29.9997 3.83795e-08 0.00209684 0.00209688 0.0131214 
0.5485 30 2.52604e-11 0.00209696 0.00209696 -0.000336627 
0.548503 29.9997 4.2419e-08 0.002097 0.00209704 -0.0137946 
0.548506 29.9988 1.65557e-07 0.00209696 0.00209712 -0.0272524 
0.548509 29.9974 3.69431e-07 0.00209683 0.0020972 -0.0407096 
0.548512 29.9953 6.54024e-07 0.00209663 0.00209728 -0.054166 
0.548515 29.9927 1.01932e-06 0.00209635 0.00209737 -0.0676214 
0.548518 29.9895 1.46528e-06 0.00209598 0.00209745 -0.0810754 
0.548521 29.9857 1.99187e-06 0.00209553 0.00209753 -0.094528 
0.548524 29.9814 2.59906e-06 0.00209501 0.00209761 -0.107979 
0.548527 29.9765 3.2868e-06 0.0020944 0.00209769 -0.121427 
0.54853 29.971 4.05503e-06 0.00209371 0.00209777 -0.134874 
0.548533 29.9649 4.9037e-06 0.00209294 0.00209785 -0.148317 
0.548536 29.9582 5.83274e-06 0.0020921 0.00209793 -0.161758 
0.548539 29.951 6.84208e-06 0.00209117 0.00209801 -0.175196 
0.548542 29.9432 7.93164e-06 0.00209016 0.00209809 -0.18863 
0.548545 29.9348 9.10133e-06 0.00208907 0.00209817 -0.202061 
0.548548 29.9259 1.03511e-05 0.0020879 0.00209825 -0.215488 
0.548551 29.9163 1.16808e-05 0.00208665 0.00209833 -0.22891 
0.548554 29.9062 1.30903e-05 0.00208532 0.00209841 -0.242329 
0.548557 29.8955 1.45796e-05 0.00208391 0.00209849 -0.255742 
0.54856 29.8843 1.61485e-05 0.00208242 0.00209857 -0.269151 
0.548563 29.8724 1.77969e-05 0.00208085 0.00209865 -0.282554 
0.548566 29.86 1.95247e-05 0.0020792 0.00209873 -0.295952 
0.548569 29.847 2.13317e-05 0.00207748 0.00209881 -0.309345 
0.548572 29.8335 2.32179e-05 0.00207567 0.00209889 -0.322731 
0.548575 29.8193 2.5183e-05 0.00207378 0.00209897 -0.336111 
0.548578 29.8046 2.72269e-05 0.00207182 0.00209904 -0.349485 
0.548581 29.7893 2.93494e-05 0.00206977 0.00209912 -0.362852 
0.548584 29.7735 3.15505e-05 0.00206765 0.0020992 -0.376212 
0.548587 29.757 3.38298e-05 0.00206545 0.00209928 -0.389565 
0.54859 29.74 3.61874e-05 0.00206317 0.00209936 -0.40291 
0.548593 29.7224 3.86228e-05 0.00206081 0.00209944 -0.416248 
0.548596 29.7043 4.11361e-05 0.00205838 0.00209951 -0.429577 
0.548599 29.6856 4.37269e-05 0.00205586 0.00209959 -0.442898 
0.548602 29.6663 4.63951e-05 0.00205327 0.00209967 -0.456211 
0.548605 29.6464 4.91405e-05 0.00205061 0.00209975 -0.469515 
0.548608 29.626 5.19628e-05 0.00204786 0.00209982 -0.48281 
0.548611 29.605 5.48619e-05 0.00204504 0.0020999 -0.496095 
0.548614 29.5834 5.78375e-05 0.00204214 0.00209998 -0.509371 
0.548617 29.5612 6.08894e-05 0.00203916 0.00210005 -0.522637 
0.548619 29.5385 6.40174e-05 0.00203611 0.00210013 -0.535894 
0.548622 29.5152 6.72212e-05 0.00203298 0.0021002 -0.549139 
0.548625 29.4914 7.05005e-05 0.00202978 0.00210028 -0.562375 
0.548628 29.467 7.38552e-05 0.0020265 0.00210036 -0.575599 
0.548631 29.442 7.72849e-05 0.00202315 0.00210043 -0.588812 
0.548634 29.4164 8.07894e-05 0.00201972 0.0021005 -0.602014 
0.548637 29.3903 8.43685e-05 0.00201621 0.00210058 -0.615205 
0.54864 29.3636 8.80218e-05 0.00201263 0.00210065 -0.628383 
0.548643 29.3364 9.17491e-05 0.00200898 0.00210073 -0.64155 
0.548646 29.3086 9.555e-05 0.00200525 0.0021008 -0.654704 
0.548649 29.2802 9.94244e-05 0.00200145 0.00210087 -0.667846 
0.548652 29.2512 0.000103372 0.00199758 0.00210095 -0.680974 
0.548655 29.2217 0.000107392 0.00199363 0.00210102 -0.69409 
0.548658 29.1917 0.000111485 0.00198961 0.00210109 -0.707192 
0.548661 29.161 0.00011565 0.00198552 0.00210117 -0.720281 
0.548663 29.1298 0.000119886 0.00198135 0.00210124 -0.733355 
0.548666 29.0981 0.000124194 0.00197711 0.00210131 -0.746416 
0.548669 29.0658 0.000128574 0.00197281 0.00210138 -0.759462 
0.548672 29.0329 0.000133024 0.00196843 0.00210145 -0.772494 
0.548675 28.9995 0.000137545 0.00196398 0.00210152 -0.78551 
0.548678 28.9655 0.000142136 0.00195946 0.00210159 -0.798512 
0.548681 28.9309 0.000146797 0.00195486 0.00210166 -0.811498 
0.548684 28.8958 0.000151527 0.0019502 0.00210173 -0.824469 
0.548687 28.8601 0.000156326 0.00194547 0.0021018 -0.837423 
0.54869 28.8239 0.000161194 0.00194067 0.00210187 -0.850362 
0.548692 28.7871 0.00016613 0.00193581 0.00210194 -0.863284 
0.548695 28.7498 0.000171134 0.00193087 0.00210201 -0.87619 
0.548698 28.7119 0.000176206 0.00192587 0.00210207 -0.889079 
0.548701 28.6735 0.000181345 0.00192079 0.00210214 -0.90195 
0.548704 28.6345 0.000186551 0.00191566 0.00210221 -0.914804 
0.548707 28.595 0.000191823 0.00191045 0.00210227 -0.927641 
0.54871 28.5549 0.000197161 0.00190518 0.00210234 -0.94046 
0.548712 28.5143 0.000202565 0.00189984 0.0021024 -0.953261 
0.548715 28.4731 0.000208034 0.00189444 0.00210247 -0.966043 
0.548718 28.4313 0.000213567 0.00188897 0.00210253 -0.978807 
0.548721 28.3891 0.000219165 0.00188343 0.0021026 -0.991551 
0.548724 28.3462 0.000224827 0.00187784 0.00210266 -1.00428 
0.548727 28.3028 0.000230552 0.00187217 0.00210273 -1.01698 
0.54873 28.2589 0.00023634 0.00186645 0.00210279 -1.02967 
0.548732 28.2145 0.000242191 0.00186066 0.00210285 -1.04234 
0.548735 28.1695 0.000248104 0.00185481 0.00210291 -1.05498 
0.548738 28.1239 0.000254078 0.0018489 0.00210298 -1.06761 
0.548741 28.0778 0.000260114 0.00184292 0.00210304 -1.08022 
0.548744 28.0312 0.00026621 0.00183689 0.0021031 -1.0928 
0.548746 27.984 0.000272366 0.00183079 0.00210316 -1.10537 
0.548749 27.9363 0.000278583 0.00182463 0.00210322 -1.11791 
0.548752 27.8881 0.000284858 0.00181842 0.00210328 -1.13043 
0.548755 27.8393 0.000291193 0.00181214 0.00210334 -1.14293 
0.548758 27.79 0.000297586 0.00180581 0.00210339 -1.15541 
0.54876 27.7401 0.000304036 0.00179942 0.00210345 -1.16786 
0.548763 27.6897 0.000310544 0.00179297 0.00210351 -1.1803 
0.548766 27.6388 0.000317109 0.00178646 0.00210357 -1.19271 
0.548769 27.5873 0.00032373 0.00177989 0.00210362 -1.20509 
0.548771 27.5353 0.000330407 0.00177327 0.00210368 -1.21746 
0.548774 27.4828 0.000337139 0.00176659 0.00210373 -1.2298 
0.548777 27.4298 0.000343926 0.00175986 0.00210379 -1.24212 
0.54878 27.3762 0.000350767 0.00175308 0.00210384 -1.25441 
0.548782 27.3221 0.000357662 0.00174623 0.0021039 -1.26668 
0.548785 27.2675 0.000364611 0.00173934 0.00210395 -1.27892 
0.548788 27.2123 0.000371612 0.00173239 0.002104 -1.29114 
0.548791 27.1567 0.000378665 0.00172539 0.00210405 -1.30334 
0.548793 27.1005 0.000385769 0.00171834 0.00210411 -1.31551 
0.548796 27.0437 0.000392925 0.00171123 0.00210416 -1.32765 
0.548799 26.9865 0.000400131 0.00170408 0.00210421 -1.33977 
0.548801 26.9287 0.000407387 0.00169687 0.00210426 -1.35186 
0.548804 26.8705 0.000414692 0.00168962 0.00210431 -1.36393 
0.548807 26.8117 0.000422047 0.00168231 0.00210436 -1.37597 
0.548809 26.7523 0.000429449 0.00167496 0.0021044 -1.38799 
0.548812 26.6925 0.000436899 0.00166755 0.00210445 -1.39997 
0.548815 26.6322 0.000444396 0.0016601 0.0021045 -1.41194 
0.548817 26.5713 0.00045194 0.00165261 0.00210455 -1.42387 
0.54882 26.51 0.00045953 0.00164506 0.00210459 -1.43578 
0.548823 26.4481 0.000467165 0.00163747 0.00210464 -1.44765 
0.548825 26.3857 0.000474845 0.00162984 0.00210468 -1.4595 
0.548828 26.3228 0.000482569 0.00162216 0.00210473 -1.47133 
0.548831 26.2594 0.000490336 0.00161443 0.00210477 -1.48312 
0.548833 26.1955 0.000498147 0.00160667 0.00210481 -1.49489 
0.548836 26.1311 0.000506 0.00159886 0.00210486 -1.50662 
0.548838 26.0662 0.000513895 0.001591 0.0021049 -1.51833 
0.548841 26.0008 0.000521831 0.00158311 0.00210494 -1.53001 
0.548844 25.9348 0.000529807 0.00157517 0.00210498 -1.54166 
0.548846 25.8684 0.000537824 0.0015672 0.00210502 -1.55328 
0.548849 25.8015 0.000545879 0.00155918 0.00210506 -1.56487 
0.548851 25.7341 0.000553974 0.00155112 0.0021051 -1.57643 
0.548854 25.6662 0.000562106 0.00154303 0.00210514 -1.58796 
0.548857 25.5978 0.000570276 0.0015349 0.00210517 -1.59946 
0.548859 25.5289 0.000578483 0.00152673 0.00210521 -1.61092 
0.548862 25.4595 0.000586726 0.00151852 0.00210525 -1.62236 
0.548864 25.3896 0.000595005 0.00151028 0.00210528 -1.63377 
0.548867 25.3193 0.000603319 0.001502 0.00210532 -1.64514 
0.548869 25.2484 0.000611666 0.00149368 0.00210535 -1.65648 
0.548872 25.1771 0.000620048 0.00148534 0.00210538 -1.66779 
0.548874 25.1053 0.000628462 0.00147696 0.00210542 -1.67907 
0.548877 25.033 0.000636909 0.00146854 0.00210545 -1.69032 
0.548879 24.9602 0.000645388 0.00146009 0.00210548 -1.70153 
0.548882 24.8869 0.000653897 0.00145162 0.00210551 -1.71271 
0.548884 24.8132 0.000662437 0.00144311 0.00210554 -1.72386 
0.548887 24.739 0.000671007 0.00143457 0.00210557 -1.73497 
0.548889 24.6643 0.000679605 0.001426 0.0021056 -1.74606 
0.548892 24.5891 0.000688233 0.0014174 0.00210563 -1.7571 
0.548894 24.5134 0.000696888 0.00140877 0.00210566 -1.76812 
0.548897 24.4373 0.000705569 0.00140012 0.00210569 -1.7791 
0.548899 24.3607 0.000714278 0.00139143 0.00210571 -1.79004 
0.548901 24.2837 0.000723012 0.00138273 0.00210574 -1.80095 
0.548904 24.2061 0.000731771 0.00137399 0.00210576 -1.81183 
0.548906 24.1281 0.000740555 0.00136523 0.00210579 -1.82267 
0.548909 24.0497 0.000749362 0.00135645 0.00210581 -1.83348 
0.548911 23.9708 0.000758192 0.00134764 0.00210583 -1.84425 
0.548914 23.8914 0.000767045 0.00133881 0.00210586 -1.85498 
0.548916 23.8115 0.000775919 0.00132996 0.00210588 -1.86568 
0.548918 23.7312 0.000784815 0.00132108 0.0021059 -1.87635 
0.548921 23.6505 0.000793731 0.00131219 0.00210592 -1.88698 
0.548923 23.5693 0.000802666 0.00130327 0.00210594 -1.89757 
0.548925 23.4876 0.00081162 0.00129434 0.00210596 -1.90812 
0.548928 23.4055 0.000820593 0.00128538 0.00210598 -1.91864 
0.54893 23.3229 0.000829583 0.00127641 0.00210599 -1.92912 
0.548932 23.2399 0.000838589 0.00126742 0.00210601 -1.93956 
0.548935 23.1564 0.000847612 0.00125841 0.00210603 -1.94997 
0.548937 23.0725 0.000856651 0.00124939 0.00210604 -1.96034 
0.548939 22.9881 0.000865704 0.00124035 0.00210606 -1.97067 
0.548942 22.9033 0.000874772 0.0012313 0.00210607 -1.98097 
0.548944 22.8181 0.000883852 0.00122223 0.00210608 -1.99122 
0.548946 22.7324 0.000892946 0.00121315 0.0021061 -2.00144 
0.548948 22.6463 0.000902051 0.00120406 0.00210611 -2.01162 
0.548951 22.5598 0.000911168 0.00119495 0.00210612 -2.02176 
0.548953 22.4728 0.000920295 0.00118584 0.00210613 -2.03186 
0.548955 22.3854 0.000929432 0.00117671 0.00210614 -2.04192 
0.548957 22.2975 0.000938579 0.00116757 0.00210615 -2.05194 
0.54896 22.2092 0.000947733 0.00115843 0.00210616 -2.06192 
0.548962 22.1205 0.000956896 0.00114927 0.00210617 -2.07187 
0.548964 22.0314 0.000966066 0.00114011 0.00210617 -2.08177 
0.548966 21.9418 0.000975242 0.00113094 0.00210618 -2.09163 
0.548968 21.8518 0.000984423 0.00112176 0.00210619 -2.10146 
0.548971 21.7614 0.00099361 0.00111258 0.00210619 -2.11124 
0.548973 21.6706 0.0010028 0.0011034 0.0021062 -2.12098 
0.548975 21.5794 0.00101199 0.0010942 0.0021062 -2.13068 
0.548977 21.4877 0.00102119 0.00108501 0.0021062 -2.14034 
0.548979 21.3957 0.00103039 0.00107581 0.0021062 -2.14996 
0.548981 21.3032 0.00103959 0.00106661 0.00210621 -2.15954 
0.548984 21.2103 0.00104879 0.00105741 0.00210621 -2.16907 
0.548986 21.117 0.00105799 0.00104821 0.00210621 -2.17857 
0.548988 21.0233 0.00106719 0.00103901 0.00210621 -2.18802 
0.54899 20.9292 0.00107639 0.00102981 0.0021062 -2.19743 
0.548992 20.8347 0.00108559 0.00102061 0.0021062 -2.2068 
0.548994 20.7398 0.00109478 0.00101141 0.0021062 -2.21612 
0.548996 20.6444 0.00110398 0.00100222 0.0021062 -2.22541 
0.548998 20.5487 0.00111316 0.00099303 0.00210619 -2.23465 
0.549 20.4526 0.00112234 0.000983844 0.00210619 -2.24384 
0.549002 20.3561 0.00113152 0.000974663 0.00210618 -2.253 
0.549004 20.2592 0.00114069 0.000965487 0.00210617 -2.26211 
0.549006 20.162 0.00114985 0.000956318 0.00210617 -2.27117 
0.549008 20.0643 0.001159 0.000947156 0.00210616 -2.2802 
0.54901 19.9662 0.00116815 0.000938002 0.00210615 -2.28917 
0.549012 19.8678 0.00117729 0.000928856 0.00210614 -2.29811 
0.549014 19.769 0.00118641 0.00091972 0.00210613 -2.307 
0.549016 19.6698 0.00119553 0.000910593 0.00210612 -2.31585 
0.549018 19.5702 0.00120463 0.000901477 0.00210611 -2.32465 
0.54902 19.4702 0.00121373 0.000892373 0.0021061 -2.3334 
0.549022 19.3699 0.00122281 0.00088328 0.00210609 -2.34212 
0.549024 19.2692 0.00123187 0.0008742 0.00210607 -2.35078 
0.549026 19.1681 0.00124092 0.000865134 0.00210606 -2.3594 
0.549028 19.0667 0.00124996 0.000856081 0.00210604 -2.36798 
0.54903 18.9649 0.00125898 0.000847044 0.00210603 -2.37651 
0.549032 18.8627 0.00126799 0.000838022 0.00210601 -2.385 
0.549034 18.7601 0.00127698 0.000829016 0.002106 -2.39343 
0.549035 18.6572 0.00128595 0.000820027 0.00210598 -2.40183 
0.549037 18.554 0.0012949 0.000811056 0.00210596 -2.41017 
0.549039 18.4504 0.00130384 0.000802103 0.00210594 -2.41847 
0.549041 18.3464 0.00131275 0.000793169 0.00210592 -2.42673 
0.549043 18.2421 0.00132165 0.000784254 0.0021059 -2.43493 
0.549045 18.1374 0.00133052 0.00077536 0.00210588 -2.44309 
0.549046 18.0323 0.00133937 0.000766487 0.00210586 -2.45121 
0.549048 17.927 0.0013482 0.000757636 0.00210584 -2.45927 
0.54905 17.8213 0.00135701 0.000748807 0.00210581 -2.46729 
0.549052 17.7152 0.00136579 0.000740001 0.00210579 -2.47526 
0.549054 17.6088 0.00137455 0.000731219 0.00210576 -2.48319 
0.549055 17.502 0.00138328 0.000722462 0.00210574 -2.49106 
0.549057 17.395 0.00139198 0.000713729 0.00210571 -2.49889 
0.549059 17.2875 0.00140066 0.000705022 0.00210569 -2.50667 
0.54906 17.1798 0.00140932 0.000696342 0.00210566 -2.5144 
0.549062 17.0717 0.00141794 0.000687689 0.00210563 -2.52208 
0.549064 16.9633 0.00142654 0.000679064 0.0021056 -2.52972 
0.549066 16.8546 0.00143511 0.000670467 0.00210557 -2.5373 
0.549067 16.7455 0.00144365 0.000661899 0.00210554 -2.54484 
0.549069 16.6361 0.00145215 0.000653361 0.00210551 -2.55232 
0.549071 16.5264 0.00146063 0.000644853 0.00210548 -2.55976 
0.549072 16.4164 0.00146907 0.000636377 0.00210545 -2.56715 
0.549074 16.3061 0.00147749 0.000627932 0.00210542 -2.57449 
0.549076 16.1954 0.00148587 0.00061952 0.00210539 -2.58178 
0.549077 16.0845 0.00149421 0.00061114 0.00210535 -2.58902 
0.549079 15.9732 0.00150252 0.000602795 0.00210532 -2.59621 
0.54908 15.8616 0.0015108 0.000594483 0.00210528 -2.60335 
0.549082 15.7497 0.00151904 0.000586207 0.00210525 -2.61044 
0.549083 15.6375 0.00152725 0.000577966 0.00210521 -2.61748 
0.549085 15.5251 0.00153541 0.000569762 0.00210518 -2.62447 
0.549087 15.4123 0.00154354 0.000561594 0.00210514 -2.63141 
0.549088 15.2992 0.00155164 0.000553464 0.0021051 -2.6383 
0.54909 15.1858 0.00155969 0.000545372 0.00210506 -2.64514 
0.549091 15.0721 0.0015677 0.000537319 0.00210502 -2.65193 
0.549093 14.9582 0.00157568 0.000529305 0.00210498 -2.65866 
0.549094 14.8439 0.00158361 0.000521331 0.00210494 -2.66535 
0.549096 14.7294 0.0015915 0.000513397 0.0021049 -2.67198 
0.549097 14.6146 0.00159935 0.000505505 0.00210486 -2.67856 
0.549099 14.4995 0.00160716 0.000497655 0.00210482 -2.68509 
0.5491 14.3841 0.00161493 0.000489847 0.00210477 -2.69157 
0.549101 14.2684 0.00162265 0.000482082 0.00210473 -2.698 
0.549103 14.1525 0.00163032 0.000474361 0.00210468 -2.70437 
0.549104 14.0363 0.00163796 0.000466684 0.00210464 -2.7107 
0.549106 13.9198 0.00164554 0.000459052 0.00210459 -2.71697 
0.549107 13.8031 0.00165308 0.000451465 0.00210455 -2.72318 
0.549108 13.6861 0.00166058 0.000443924 0.0021045 -2.72935 
0.54911 13.5688 0.00166803 0.00043643 0.00210446 -2.73546 
0.549111 13.4513 0.00167542 0.000428983 0.00210441 -2.74152 
0.549112 13.3335 0.00168278 0.000421583 0.00210436 -2.74753 
0.549114 13.2154 0.00169008 0.000414232 0.00210431 -2.75349 
0.549115 13.0971 0.00169733 0.00040693 0.00210426 -2.75939 
0.549116 12.9786 0.00170453 0.000399677 0.00210421 -2.76524 
0.549118 12.8598 0.00171169 0.000392474 0.00210416 -2.77103 
0.549119 12.7407 0.00171879 0.000385322 0.00210411 -2.77678 
0.54912 12.6214 0.00172584 0.00037822 0.00210406 -2.78246 
0.549122 12.5019 0.00173284 0.00037117 0.00210401 -2.7881 
0.549123 12.3821 0.00173978 0.000364173 0.00210395 -2.79368 
0.549124 12.2621 0.00174667 0.000357228 0.0021039 -2.79921 
0.549125 12.1418 0.00175351 0.000350336 0.00210385 -2.80468 
0.549126 12.0214 0.00176029 0.000343499 0.00210379 -2.8101 
0.549128 11.9006 0.00176702 0.000336715 0.00210374 -2.81547 
0.549129 11.7797 0.0017737 0.000329986 0.00210368 -2.82078 
0.54913 11.6585 0.00178031 0.000323313 0.00210363 -2.82604 
0.549131 11.5371 0.00178687 0.000316695 0.00210357 -2.83124 
0.549132 11.4155 0.00179338 0.000310134 0.00210351 -2.83639 
0.549133 11.2936 0.00179983 0.00030363 0.00210346 -2.84148 
0.549135 11.1716 0.00180622 0.000297183 0.0021034 -2.84652 
0.549136 11.0493 0.00181255 0.000290794 0.00210334 -2.8515 
0.549137 10.9268 0.00181882 0.000284463 0.00210328 -2.85643 
0.549138 10.8041 0.00182503 0.000278191 0.00210322 -2.86131 
0.549139 10.6812 0.00183118 0.000271978 0.00210316 -2.86613 
0.54914 10.5581 0.00183728 0.000265826 0.0021031 -2.87089 
0.549141 10.4348 0.00184331 0.000259733 0.00210304 -2.8756 
0.549142 10.3113 0.00184928 0.000253701 0.00210298 -2.88025 
0.549143 10.1876 0.00185519 0.000247731 0.00210292 -2.88485 
0.549144 10.0636 0.00186103 0.000241822 0.00210286 -2.88939 
0.549145 9.93954 0.00186682 0.000235975 0.00210279 -2.89388 
0.549146 9.81524 0.00187254 0.000230191 0.00210273 -2.89831 
0.549147 9.69076 0.0018782 0.00022447 0.00210267 -2.90269 
0.549148 9.56608 0.00188379 0.000218812 0.0021026 -2.90701 
0.549149 9.44123 0.00188932 0.000213218 0.00210254 -2.91127 
0.54915 9.31619 0.00189479 0.000207689 0.00210247 -2.91548 
0.549151 9.19097 0.00190018 0.000202224 0.00210241 -2.91963 
0.549152 9.06558 0.00190552 0.000196824 0.00210234 -2.92372 
0.549153 8.94001 0.00191079 0.00019149 0.00210228 -2.92776 
0.549154 8.81427 0.00191599 0.000186222 0.00210221 -2.93174 
0.549154 8.68836 0.00192112 0.000181021 0.00210214 -2.93567 
0.549155 8.56228 0.00192619 0.000175886 0.00210208 -2.93954 
0.549156 8.43604 0.00193119 0.000170819 0.00210201 -2.94335 
0.549157 8.30964 0.00193612 0.000165819 0.00210194 -2.94711 
0.549158 8.18307 0.00194099 0.000160887 0.00210187 -2.95081 
0.549159 8.05635 0.00194578 0.000156023 0.0021018 -2.95445 
0.549159 7.92947 0.00195051 0.000151228 0.00210174 -2.95804 
0.54916 7.80244 0.00195516 0.000146502 0.00210167 -2.96156 
0.549161 7.67526 0.00195975 0.000141846 0.0021016 -2.96504 
0.549162 7.54793 0.00196427 0.000137259 0.00210153 -2.96845 
0.549162 7.42046 0.00196871 0.000132743 0.00210146 -2.97181 
0.549163 7.29284 0.00197309 0.000128297 0.00210138 -2.97511 
0.549164 7.16509 0.00197739 0.000123922 0.00210131 -2.97835 
0.549165 7.03719 0.00198162 0.000119619 0.00210124 -2.98154 
0.549165 6.90916 0.00198578 0.000115386 0.00210117 -2.98466 
0.549166 6.781 0.00198987 0.000111226 0.0021011 -2.98774 
0.549167 6.65271 0.00199389 0.000107138 0.00210103 -2.99075 
0.549167 6.52428 0.00199783 0.000103122 0.00210095 -2.9937 
0.549168 6.39574 0.0020017 9.91795e-05 0.00210088 -2.9966 
0.549169 6.26707 0.0020055 9.53097e-05 0.00210081 -2.99944 
0.549169 6.13828 0.00200922 9.15134e-05 0.00210073 -3.00223 
0.54917 6.00937 0.00201287 8.77907e-05 0.00210066 -3.00495 
0.54917 5.88034 0.00201644 8.41421e-05 0.00210058 -3.00762 
0.549171 5.7512 0.00201994 8.05677e-05 0.00210051 -3.01023 
0.549172 5.62195 0.00202337 7.70679e-05 0.00210043 -3.01278 
0.549172 5.4926 0.00202672 7.36428e-05 0.00210036 -3.01527 
0.549173 5.36313 0.00202999 7.02929e-05 0.00210028 -3.0177 
0.549173 5.23357 0.00203319 6.70183e-05 0.00210021 -3.02008 
0.549174 5.1039 0.00203631 6.38192e-05 0.00210013 -3.0224 
0.549174 4.97414 0.00203936 6.0696e-05 0.00210006 -3.02466 
0.549175 4.84427 0.00204233 5.76489e-05 0.00209998 -3.02686 
0.549175 4.71432 0.00204523 5.46781e-05 0.0020999 -3.02901 
0.549176 4.58428 0.00204804 5.17838e-05 0.00209983 -3.03109 
0.549176 4.45414 0.00205078 4.89663e-05 0.00209975 -3.03312 
0.549177 4.32392 0.00205345 4.62258e-05 0.00209967 -3.03509 
0.549177 4.19362 0.00205603 4.35624e-05 0.0020996 -3.037 
0.549177 4.06324 0.00205854 4.09764e-05 0.00209952 -3.03885 
0.549178 3.93278 0.00206097 3.84681e-05 0.00209944 -3.04065 
0.549178 3.80224 0.00206333 3.60375e-05 0.00209936 -3.04238 
0.549179 3.67163 0.0020656 3.36849e-05 0.00209928 -3.04406 
0.549179 3.54095 0.0020678 3.14104e-05 0.00209921 -3.04567 
0.549179 3.4102 0.00206991 2.92143e-05 0.00209913 -3.04723 
0.54918 3.27938 0.00207195 2.70966e-05 0.00209905 -3.04873 
0.54918 3.14851 0.00207391 2.50577e-05 0.00209897 -3.05018 
0.54918 3.01757 0.00207579 2.30975e-05 0.00209889 -3.05156 
0.549181 2.88657 0.0020776 2.12163e-05 0.00209881 -3.05288 
0.549181 2.75552 0.00207932 1.94142e-05 0.00209873 -3.05415 
0.549181 2.62441 0.00208096 1.76914e-05 0.00209865 -3.05536 
0.549181 2.49326 0.00208253 1.6048e-05 0.00209857 -3.0565 
0.549182 2.36205 0.00208401 1.44841e-05 0.00209849 -3.05759 
0.549182 2.2308 0.00208541 1.29998e-05 0.00209841 -3.05862 
0.549182 2.09951 0.00208674 1.15952e-05 0.00209833 -3.05959 
0.549182 1.96818 0.00208798 1.02705e-05 0.00209825 -3.06051 
0.549182 1.83681 0.00208915 9.0258e-06 0.00209817 -3.06136 
0.549183 1.7054 0.00209023 7.86112e-06 0.00209809 -3.06215 
0.549183 1.57397 0.00209124 6.77658e-06 0.00209801 -3.06289 
0.549183 1.4425 0.00209216 5.77226e-06 0.00209793 -3.06357 
0.549183 1.311 0.00209301 4.84825e-06 0.00209785 -3.06418 
0.549183 1.17948 0.00209377 4.00462e-06 0.00209777 -3.06474 
0.549183 1.04793 0.00209445 3.24142e-06 0.00209769 -3.06524 
0.549183 0.916368 0.00209505 2.55872e-06 0.00209761 -3.06568 
0.549183 0.784785 0.00209558 1.95657e-06 0.00209753 -3.06606 
0.549184 0.653187 0.00209602 1.43502e-06 0.00209745 -3.06639 
0.549184 0.521577 0.00209638 9.94103e-07 0.00209737 -3.06665 
0.549184 0.389957 0.00209666 6.33859e-07 0.00209729 -3.06685 
0.549184 0.258329 0.00209685 3.54315e-07 0.00209721 -3.067 
0.549184 0.126696 0.00209697 1.5549e-07 0.00209713 -3.06709 
0.549184 -0.00493892 0.00209701 3.7401e-08 0.00209705 -3.06711 
0.549184 -0.136574 0.00209697 5.68355e-11 0.00209697 -3.06708 
0.549184 -0.268206 0.00209684 4.34602e-08 0.00209689 -3.06699 
0.549184 -0.399834 0.00209664 1.67608e-07 0.00209681 -3.06684 
0.549184 -0.531453 0.00209635 3.7249e-07 0.00209672 -3.06663 
0.549184 -0.663063 0.00209599 6.58092e-07 0.00209664 -3.06636 
0.549183 -0.794659 0.00209554 1.02439e-06 0.00209656 -3.06604 
0.549183 -0.926241 0.00209501 1.47136e-06 0.00209648 -3.06565 
0.549183 -1.0578 0.0020944 1.99896e-06 0.0020964 -3.06521 
0.549183 -1.18935 0.00209371 2.60715e-06 0.00209632 -3.0647 
0.549183 -1.32087 0.00209294 3.29589e-06 0.00209624 -3.06414 
0.549183 -1.45236 0.0020921 4.06513e-06 0.00209616 -3.06352 
0.549183 -1.58383 0.00209117 4.9148e-06 0.00209608 -3.06284 
0.549183 -1.71527 0.00209015 5.84484e-06 0.002096 -3.0621 
0.549182 -1.84667 0.00208906 6.85518e-06 0.00209592 -3.0613 
0.549182 -1.97804 0.00208789 7.94573e-06 0.00209584 -3.06044 
0.549182 -2.10937 0.00208664 9.11642e-06 0.00209576 -3.05952 
0.549182 -2.24066 0.00208531 1.03672e-05 0.00209568 -3.05855 
0.549182 -2.3719 0.0020839 1.16978e-05 0.0020956 -3.05751 
0.549181 -2.5031 0.00208241 1.31084e-05 0.00209552 -3.05642 
0.549181 -2.63425 0.00208084 1.45987e-05 0.00209544 -3.05527 
0.549181 -2.76535 0.00207919 1.61685e-05 0.00209536 -3.05406 
0.549181 -2.8964 0.00207746 1.78179e-05 0.00209528 -3.05279 
0.54918 -3.0274 0.00207566 1.95467e-05 0.0020952 -3.05146 
0.54918 -3.15833 0.00207377 2.13547e-05 0.00209512 -3.05007 
0.54918 -3.2892 0.0020718 2.32419e-05 0.00209504 -3.04862 
0.549179 -3.42001 0.00206976 2.52079e-05 0.00209497 -3.04712 
0.549179 -3.55076 0.00206763 2.72528e-05 0.00209489 -3.04555 
0.549179 -3.68143 0.00206543 2.93763e-05 0.00209481 -3.04393 
0.549178 -3.81204 0.00206315 3.15784e-05 0.00209473 -3.04225 
0.549178 -3.94257 0.00206079 3.38587e-05 0.00209465 -3.04051 
0.549177 -4.07302 0.00205836 3.62172e-05 0.00209457 -3.03871 
0.549177 -4.2034 0.00205584 3.86536e-05 0.0020945 -3.03686 
0.549177 -4.3337 0.00205325 4.11678e-05 0.00209442 -3.03494 
0.549176 -4.46391 0.00205058 4.37596e-05 0.00209434 -3.03297 
0.549176 -4.59404 0.00204783 4.64287e-05 0.00209426 -3.03094 
0.549175 -4.72408 0.00204501 4.91751e-05 0.00209419 -3.02885 
0.549175 -4.85402 0.00204211 5.19983e-05 0.00209411 -3.0267 
0.549174 -4.98388 0.00203913 5.48984e-05 0.00209403 -3.02449 
0.549174 -5.11363 0.00203608 5.78749e-05 0.00209396 -3.02223 
0.549173 -5.24329 0.00203295 6.09278e-05 0.00209388 -3.01991 
0.549173 -5.37285 0.00202975 6.40567e-05 0.00209381 -3.01752 
0.549172 -5.50231 0.00202647 6.72614e-05 0.00209373 -3.01508 
0.549172 -5.63166 0.00202311 7.05417e-05 0.00209365 -3.01259 
0.549171 -5.7609 0.00201968 7.38972e-05 0.00209358 -3.01003 
0.54917 -5.89003 0.00201618 7.73279e-05 0.0020935 -3.00742 
0.54917 -6.01904 0.0020126 8.08333e-05 0.00209343 -3.00475 
0.549169 -6.14794 0.00200894 8.44133e-05 0.00209336 -3.00202 
0.549169 -6.27673 0.00200521 8.80675e-05 0.00209328 -2.99923 
0.549168 -6.40539 0.00200141 9.17957e-05 0.00209321 -2.99639 
0.549167 -6.53393 0.00199754 9.55976e-05 0.00209313 -2.99348 
0.549167 -6.66234 0.00199359 9.94728e-05 0.00209306 -2.99052 
0.549166 -6.79062 0.00198957 0.000103421 0.00209299 -2.98751 
0.549165 -6.91878 0.00198547 0.000107442 0.00209292 -2.98443 
0.549165 -7.0468 0.00198131 0.000111536 0.00209284 -2.9813 
0.549164 -7.17468 0.00197707 0.000115702 0.00209277 -2.97811 
0.549163 -7.30243 0.00197276 0.000119939 0.0020927 -2.97486 
0.549162 -7.43003 0.00196838 0.000124248 0.00209263 -2.97156 
0.549162 -7.55749 0.00196393 0.000128629 0.00209256 -2.9682 
0.549161 -7.68481 0.00195941 0.00013308 0.00209249 -2.96478 
0.54916 -7.81198 0.00195482 0.000137601 0.00209242 -2.9613 
0.549159 -7.939 0.00195015 0.000142193 0.00209235 -2.95777 
0.549159 -8.06586 0.00194542 0.000146855 0.00209228 -2.95418 
0.549158 -8.19258 0.00194062 0.000151586 0.00209221 -2.95053 
0.549157 -8.31913 0.00193575 0.000156386 0.00209214 -2.94683 
0.549156 -8.44552 0.00193082 0.000161254 0.00209207 -2.94307 
0.549155 -8.57175 0.00192581 0.000166191 0.002092 -2.93925 
0.549154 -8.69782 0.00192074 0.000171197 0.00209194 -2.93538 
0.549153 -8.82371 0.0019156 0.000176269 0.00209187 -2.93145 
0.549153 -8.94944 0.00191039 0.000181409 0.0020918 -2.92746 
0.549152 -9.075 0.00190512 0.000186615 0.00209174 -2.92342 
0.549151 -9.20038 0.00189978 0.000191888 0.00209167 -2.91932 
0.54915 -9.32558 0.00189438 0.000197227 0.0020916 -2.91516 
0.549149 -9.4506 0.00188891 0.000202632 0.00209154 -2.91095 
0.549148 -9.57545 0.00188337 0.000208101 0.00209147 -2.90668 
0.549147 -9.7001 0.00187777 0.000213636 0.00209141 -2.90236 
0.549146 -9.82457 0.00187211 0.000219234 0.00209135 -2.89798 
0.549145 -9.94886 0.00186639 0.000224897 0.00209128 -2.89355 
full duration of calculation: 0.01 sec
