1 0.54847 -30 0.13458 0.00210104 4.0374e-06 0.002097 0 0 
2 0.54844 -29.9422 0.268901 0.00210908 1.61185e-05 0.00209296 0 0 
3 0.54841 -29.8268 0.402704 0.00211704 3.61504e-05 0.00208089 0 0 
4 0.548381 -29.654 0.535732 0.00212485 6.39787e-05 0.00206087 0 0 
5 0.548351 -29.4241 0.667728 0.00213244 9.93894e-05 0.00203305 0 0 
6 0.548322 -29.1375 0.798439 0.00213977 0.00014211 0.00199766 0 0 
7 0.548293 -28.7948 0.927613 0.00214677 0.000191811 0.00195496 0 0 
8 0.548265 -28.3967 1.055 0.00215339 0.000248111 0.00190528 0 0 
9 0.548237 -27.9439 1.18036 0.00215958 0.000310575 0.00184901 0 0 
10 0.548209 -27.4373 1.30344 0.0021653 0.000378724 0.00178657 0 0 
11 0.548183 -26.8779 1.42401 0.00217049 0.000452032 0.00171846 0 0 
12 0.548156 -26.2667 1.54185 0.00217512 0.000529936 0.00164519 0 0 
13 0.548131 -25.605 1.65671 0.00217915 0.000611835 0.00156732 0 0 
14 0.548106 -24.894 1.76839 0.00218256 0.000697099 0.00148546 0 0 
15 0.548082 -24.135 1.87666 0.00218531 0.000785072 0.00140024 0 0 
16 0.548058 -23.3296 1.98131 0.00218738 0.000875077 0.00131231 0 0 
17 0.548036 -22.4792 2.08215 0.00218876 0.000966421 0.00122234 0 0 
18 0.548014 -21.5856 2.17899 0.00218944 0.0010584 0.00113104 0 0 
19 0.547994 -20.6504 2.27162 0.00218942 0.00115031 0.00103911 0 0 
20 0.547974 -19.6755 2.35989 0.00218868 0.00124143 0.000947247 0 0 
21 0.547955 -18.6626 2.44361 0.00218724 0.00133108 0.000856164 0 0 
22 0.547938 -17.6139 2.52262 0.00218512 0.00141855 0.000766561 0 0 
23 0.547921 -16.5312 2.59678 0.00218231 0.00150318 0.000679129 0 0 
24 0.547906 -15.4167 2.66594 0.00217886 0.00158432 0.000594539 0 0 
25 0.547891 -14.2725 2.72997 0.00217478 0.00166133 0.000513444 0 0 
26 0.547878 -13.1009 2.78874 0.0021701 0.00173363 0.000436468 0 0 
27 0.547866 -11.904 2.84214 0.00216486 0.00180066 0.000364203 0 0 
28 0.547856 -10.6842 2.89007 0.00215911 0.0018619 0.000297206 0 0 
29 0.547846 -9.4438 2.93244 0.00215288 0.00191689 0.000235991 0 0 
30 0.547838 -8.18524 2.96915 0.00214623 0.0019652 0.000181031 0 0 
31 0.547831 -6.91093 3.00016 0.0021392 0.00200645 0.000132748 0 0 
32 0.547826 -5.62331 3.02538 0.00213185 0.00204033 9.15148e-05 0 0 
33 0.547821 -4.32486 3.04478 0.00212423 0.00206659 5.76477e-05 0 0 
34 0.547818 -3.01808 3.05832 0.00211641 0.00208501 3.14077e-05 0 0 
35 0.547817 -1.7055 3.06597 0.00210845 0.00209545 1.29969e-05 0 0 
36 0.547816 -0.389631 3.06772 0.0021004 0.00209784 2.55693e-06 0 0 
37 0.547817 0.926988 3.06356 0.00209233 0.00209216 1.68198e-07 0 0 
38 0.547819 2.24182 3.05351 0.00208429 0.00207844 5.84909e-06 0 0 
39 0.547823 3.55234 3.03757 0.00207636 0.00205681 1.95559e-05 0 0 
40 0.547828 4.85602 3.01579 0.00206859 0.00202741 4.1183e-05 0 0 
41 0.547834 6.15035 2.9882 0.00206105 0.00199049 7.05641e-05 0 0 
42 0.547841 7.43283 2.95485 0.00205378 0.00194631 0.000107473 0 0 
43 0.54785 8.70101 2.91582 0.00204686 0.00189523 0.000151625 0 0 
44 0.54786 9.95244 2.87117 0.00204032 0.00183764 0.000202682 0 0 
45 0.547871 11.1847 2.821 0.00203422 0.00177397 0.000260248 0 0 
46 0.547884 12.3954 2.76539 0.00202861 0.00170473 0.000323883 0 0 
47 0.547897 13.5823 2.70446 0.00202353 0.00163043 0.000393095 0 0 
48 0.547912 14.743 2.63833 0.00201902 0.00155166 0.000467353 0 0 
49 0.547928 15.8753 2.56711 0.00201511 0.00146903 0.000546084 0 0 
50 0.547945 16.9771 2.49095 0.00201184 0.00138315 0.000628682 0 0 
51 0.547963 18.0462 2.40999 0.00200922 0.00129471 0.000714512 0 0 
52 0.547982 19.0805 2.3244 0.00200729 0.00120438 0.000802912 0 0 
53 0.548002 20.0781 2.23433 0.00200605 0.00111285 0.000893204 0 0 
54 0.548023 21.037 2.13996 0.00200551 0.00102082 0.00098469 0 0 
55 0.548045 21.9555 2.04146 0.00200569 0.000929018 0.00107667 0 0 
56 0.548068 22.8316 1.93904 0.00200657 0.000838137 0.00116843 0 0 
57 0.548091 23.6639 1.83289 0.00200815 0.000748879 0.00125927 0 0 
58 0.548116 24.4505 1.7232 0.00201041 0.00066193 0.00134848 0 0 
59 0.548141 25.1901 1.6102 0.00201335 0.000577962 0.00143539 0 0 
60 0.548167 25.8811 1.4941 0.00201694 0.000497619 0.00151932 0 0 
61 0.548193 26.5224 1.37512 0.00202114 0.000421521 0.00159962 0 0 
62 0.548221 27.1126 1.25349 0.00202593 0.000350253 0.00167568 0 0 
63 0.548248 27.6505 1.12945 0.00203128 0.000284363 0.00174692 0 0 
64 0.548276 28.1353 1.00323 0.00203713 0.00022436 0.00181277 0 0 
65 0.548305 28.5659 0.875087 0.00204345 0.000170704 0.00187275 0 0 
66 0.548334 28.9414 0.745256 0.00205019 0.000123809 0.00192638 0 0 
67 0.548363 29.2613 0.61399 0.00205729 8.40356e-05 0.00197325 0 0 
68 0.548393 29.5248 0.481542 0.0020647 5.16902e-05 0.002013 0 0 
69 0.548422 29.7315 0.348166 0.00207236 2.70218e-05 0.00204533 0 0 
70 0.548452 29.8809 0.214121 0.00208021 1.02202e-05 0.00206999 0 0 
71 0.548482 29.9728 0.0796626 0.0020882 1.41465e-06 0.00208678 0 0 
72 0.548512 30.007 -0.0549487 0.00209626 6.73062e-07 0.00209559 0 0 
73 0.548542 29.9834 -0.189454 0.00210433 8.00109e-06 0.00209633 0 0 
74 0.548572 29.9021 -0.323595 0.00211235 2.33423e-05 0.002089 0 0 
75 0.548602 29.7632 -0.457113 0.00212025 4.65787e-05 0.00207367 0 0 
76 0.548631 29.567 -0.58975 0.00212798 7.75313e-05 0.00205044 0 0 
77 0.548661 29.3139 -0.721253 0.00213547 0.000115962 0.00201951 0 0 
78 0.54869 29.0044 -0.851366 0.00214267 0.000161575 0.00198109 0 0 
79 0.548718 28.639 -0.97984 0.00214952 0.000214019 0.0019355 0 0 
80 0.548747 28.2184 -1.10643 0.00215597 0.00027289 0.00188308 0 0 
81 0.548774 27.7436 -1.23089 0.00216198 0.000337735 0.00182424 0 0 
82 0.548802 27.2153 -1.35297 0.00216748 0.000408056 0.00175943 0 0 
83 0.548828 26.6346 -1.47246 0.00217245 0.00048331 0.00168914 0 0 
84 0.548854 26.0027 -1.5891 0.00217684 0.000562919 0.00161392 0 0 
85 0.54888 25.3206 -1.70269 0.00218062 0.000646269 0.00153435 0 0 
86 0.548904 24.5899 -1.813 0.00218376 0.00073272 0.00145104 0 0 
87 0.548928 23.8118 -1.91982 0.00218624 0.000821605 0.00136463 0 0 
88 0.548951 22.9878 -2.02295 0.00218803 0.00091224 0.00127579 0 0 
89 0.548973 22.1196 -2.12217 0.00218913 0.00100393 0.0011852 0 0 
90 0.548994 21.2088 -2.21732 0.00218952 0.00109596 0.00109355 0 0 
91 0.549015 20.2571 -2.30819 0.0021892 0.00118764 0.00100156 0 0 
92 0.549034 19.2665 -2.39462 0.00218818 0.00127824 0.000909934 0 0 
93 0.549052 18.2388 -2.47644 0.00218646 0.00136709 0.000819371 0 0 
94 0.549069 17.1759 -2.55349 0.00218405 0.00145348 0.000730571 0 0 
95 0.549085 16.08 -2.62563 0.00218098 0.00153676 0.000644219 0 0 
96 0.5491 14.9531 -2.6927 0.00217727 0.00161629 0.000560979 0 0 
97 0.549114 13.7975 -2.7546 0.00217294 0.00169145 0.000481492 0 0 
98 0.549127 12.6152 -2.81119 0.00216803 0.00176166 0.000406369 0 0 
99 0.549138 11.4087 -2.86237 0.00216258 0.00182639 0.000336189 0 0 
100 0.549148 10.1802 -2.90804 0.00215662 0.00188513 0.000271492 0 0 
101 0.549157 8.93213 -2.94811 0.00215022 0.00193744 0.000212777 0 0 
102 0.549165 7.66685 -2.9825 0.0021434 0.00198291 0.000160494 0 0 
103 0.549171 6.3868 -3.01115 0.00213623 0.00202119 0.000115047 0 0 
104 0.549176 5.09446 -3.03401 0.00212877 0.00205198 7.67848e-05 0 0 
105 0.54918 3.79231 -3.05102 0.00212106 0.00207506 4.60028e-05 0 0 
106 0.549183 2.48286 -3.06216 0.00211318 0.00209024 2.29376e-05 0 0 
107 0.549184 1.16863 -3.0674 0.00210517 0.0020974 7.7667e-06 0 0 
108 0.549184 -0.14785 -3.06674 0.0020971 0.0020965 6.0696e-07 0 0 
109 0.549182 -1.46405 -3.06017 0.00208904 0.00208753 1.51346e-06 0 0 
110 0.549179 -2.77742 -3.04771 0.00208104 0.00207056 1.04792e-05 0 0 
111 0.549175 -4.08545 -3.02938 0.00207317 0.00204573 2.74352e-05 0 0 
112 0.54917 -5.38562 -3.00522 0.00206548 0.00201323 5.2251e-05 0 0 
113 0.549163 -6.67541 -2.97528 0.00205805 0.00197331 8.47354e-05 0 0 
114 0.549155 -7.95236 -2.9396 0.00205091 0.00192627 0.000124639 0 0 
115 0.549146 -9.21399 -2.89827 0.00204414 0.00187248 0.000171653 0 0 
116 0.549136 -10.4579 -2.85135 0.00203777 0.00181236 0.000225417 0 0 
117 0.549124 -11.6816 -2.79895 0.00203187 0.00174635 0.000285517 0 0 
118 0.549111 -12.8829 -2.74116 0.00202647 0.00167498 0.00035149 0 0 
119 0.549097 -14.0594 -2.67809 0.00202162 0.00159879 0.000422829 0 0 
120 0.549082 -15.2088 -2.60986 0.00201735 0.00151836 0.000498983 0 0 
121 0.549065 -16.3289 -2.53661 0.00201369 0.00143433 0.000579368 0 0 
122 0.549048 -17.4175 -2.45848 0.00201069 0.00134732 0.000663363 0 0 
123 0.54903 -18.4727 -2.37561 0.00200835 0.00125803 0.000750324 0 0 
124 0.54901 -19.4923 -2.28816 0.0020067 0.00116712 0.000839579 0 0 
125 0.54899 -20.4743 -2.19632 0.00200575 0.0010753 0.000930443 0 0 
126 0.548968 -21.4169 -2.10024 0.0020055 0.000983283 0.00102222 0 0 
127 0.548946 -22.3183 -2.00012 0.00200596 0.00089177 0.00111419 0 0 
128 0.548923 -23.1767 -1.89615 0.00200713 0.000801467 0.00120566 0 0 
129 0.548899 -23.9905 -1.78853 0.00200899 0.00071307 0.00129592 0 0 
130 0.548874 -24.7581 -1.67746 0.00201153 0.000627258 0.00138427 0 0 
131 0.548848 -25.4781 -1.56317 0.00201474 0.000544693 0.00147004 0 0 
132 0.548822 -26.149 -1.44586 0.00201858 0.00046601 0.00155257 0 0 
133 0.548796 -26.7695 -1.32578 0.00202303 0.000391815 0.00163121 0 0 
134 0.548768 -27.3385 -1.20314 0.00202805 0.000322678 0.00170537 0 0 
135 0.54874 -27.8549 -1.07818 0.00203361 0.000259132 0.00177448 0 0 
136 0.548712 -28.3176 -0.951145 0.00203966 0.000201667 0.00183799 0 0 
137 0.548683 -28.7258 -0.822281 0.00204615 0.000150724 0.00189543 0 0 
138 0.548654 -29.0788 -0.691834 0.00205304 0.000106695 0.00194635 0 0 
139 0.548625 -29.3757 -0.560054 0.00206028 6.99199e-05 0.00199036 0 0 
140 0.548595 -29.616 -0.427197 0.0020678 4.06815e-05 0.00202711 0 0 
141 0.548565 -29.7994 -0.293517 0.00207554 1.92047e-05 0.00205634 0 0 
142 0.548536 -29.9254 -0.159272 0.00208346 5.6548e-06 0.0020778 0 0 
143 0.548506 -29.9937 -0.0247197 0.00209148 1.36216e-07 0.00209135 0 0 
144 0.548476 -30.0043 0.10988 0.00209956 2.69139e-06 0.00209686 0 0 
145 0.548446 -29.9572 0.244268 0.00210761 1.33006e-05 0.00209431 0 0 
146 0.548416 -29.8523 0.378185 0.00211559 3.18823e-05 0.00208371 0 0 
147 0.548386 -29.69 0.511375 0.00212343 5.82934e-05 0.00206513 0 0 
148 0.548357 -29.4706 0.64358 0.00213107 9.23305e-05 0.00203873 0 0 
149 0.548327 -29.1943 0.774545 0.00213845 0.000133732 0.00200471 0 0 
150 0.548298 -28.8619 0.90402 0.00214551 0.000182178 0.00196333 0 0 
151 0.54827 -28.4739 1.03175 0.00215221 0.000237297 0.00191491 0 0 
152 0.548242 -28.0311 1.1575 0.00215848 0.000298665 0.00185982 0 0 
153 0.548214 -27.5343 1.28102 0.00216429 0.000365808 0.00179848 0 0 
154 0.548187 -26.9845 1.40207 0.00216958 0.00043821 0.00173137 0 0 
155 0.548161 -26.3828 1.52043 0.00217431 0.000515313 0.001659 0 0 
156 0.548135 -25.7302 1.63585 0.00217846 0.000596525 0.00158193 0 0 
157 0.54811 -25.0282 1.74813 0.00218198 0.00068122 0.00150076 0 0 
158 0.548086 -24.2779 1.85704 0.00218485 0.000768746 0.00141611 0 0 
159 0.548063 -23.4809 1.96237 0.00218705 0.000858429 0.00132862 0 0 
160 0.54804 -22.6387 2.06393 0.00218856 0.000949579 0.00123898 0 0 
161 0.548018 -21.7528 2.16151 0.00218937 0.00104149 0.00114788 0 0 
162 0.547997 -20.8252 2.25494 0.00218947 0.00113347 0.00105601 0 0 
163 0.547977 -19.8574 2.34402 0.00218887 0.00122479 0.000964078 0 0 
164 0.547959 -18.8514 2.42858 0.00218756 0.00131476 0.000872798 0 0 
165 0.547941 -17.8091 2.50848 0.00218556 0.00140269 0.000782872 0 0 
166 0.547924 -16.7325 2.58354 0.00218288 0.00148789 0.00069499 0 0 
167 0.547908 -15.6236 2.65362 0.00217954 0.00156971 0.000609829 0 0 
168 0.547894 -14.4847 2.7186 0.00217557 0.00164753 0.000528045 0 0 
169 0.547881 -13.318 2.77835 0.002171 0.00172073 0.000450267 0 0 
170 0.547869 -12.1255 2.83274 0.00216587 0.00178877 0.000377094 0 0 
171 0.547858 -10.9098 2.88168 0.0021602 0.00185111 0.000309089 0 0 
172 0.547848 -9.67299 2.92508 0.00215406 0.00190728 0.000246776 0 0 
173 0.54784 -8.4176 2.96284 0.00214748 0.00195685 0.000190634 0 0 
174 0.547832 -7.14599 2.9949 0.00214052 0.00199942 0.000141096 0 0 
175 0.547827 -5.86063 3.02119 0.00213322 0.00203468 9.85428e-05 0 0 
176 0.547822 -4.56398 3.04166 0.00212565 0.00206235 6.33017e-05 0 0 
177 0.547819 -3.25855 3.05628 0.00211786 0.00208222 3.56443e-05 0 0 
178 0.547817 -1.94684 3.06501 0.00210992 0.00209414 1.57835e-05 0 0 
179 0.547816 -0.631386 3.06784 0.00210188 0.00209801 3.87203e-06 0 0 
180 0.547817 0.685285 3.06477 0.00209381 0.00209381 1.69217e-09 0 0 
181 0.547819 2.00064 3.05579 0.00208576 0.00208156 4.20225e-06 0 0 
182 0.547822 3.31214 3.04094 0.00207781 0.00206137 1.64414e-05 0 0 
183 0.547827 4.61726 3.02022 0.00207001 0.00203338 3.66249e-05 0 0 
184 0.547833 5.91349 2.9937 0.00206242 0.00199782 6.45973e-05 0 0 
185 0.54784 7.19834 2.9614 0.00205509 0.00195495 0.000100143 0 0 
186 0.547848 8.46933 2.92341 0.0020481 0.00190511 0.00014299 0 0 
187 0.547858 9.72401 2.87979 0.00204149 0.00184868 0.000192806 0 0 
188 0.547869 10.96 2.83062 0.0020353 0.00178609 0.000249209 0 0 
189 0.547881 12.1748 2.77601 0.0020296 0.00171783 0.000311765 0 0 
190 0.547895 13.3662 2.71604 0.00202442 0.00164443 0.000379992 0 0 
191 0.547909 14.5319 2.65085 0.0020198 0.00156644 0.000453365 0 0 
192 0.547925 15.6696 2.58056 0.00201578 0.00148446 0.000531319 0 0 
193 0.547942 16.7772 2.5053 0.00201239 0.00139913 0.000613254 0 0 
194 0.547959 17.8524 2.42521 0.00200965 0.00131111 0.000698539 0 0 
195 0.547978 18.8933 2.34046 0.00200759 0.00122107 0.000786518 0 0 
196 0.547998 19.8978 2.2512 0.00200622 0.00112971 0.000876514 0 0 
197 0.548019 20.8639 2.1576 0.00200556 0.00103773 0.000967833 0 0 
198 0.548041 21.7899 2.05985 0.0020056 0.000945828 0.00105977 0 0 
199 0.548064 22.674 1.95813 0.00200635 0.000854724 0.00115163 0 0 
200 0.548087 23.5144 1.85265 0.0020078 0.000765115 0.00124269 0 0 
201 0.548111 24.3095 1.7436 0.00200995 0.000677692 0.00133225 0 0 
202 0.548136 25.0579 1.63119 0.00201276 0.000593128 0.00141963 0 0 
203 0.548162 25.7579 1.51564 0.00201623 0.000512072 0.00150416 0 0 
204 0.548189 26.4084 1.39717 0.00202032 0.000435149 0.00158517 0 0 
205 0.548216 27.0081 1.27601 0.00202501 0.000362952 0.00166206 0 0 
206 0.548243 27.5557 1.1524 0.00203026 0.000296035 0.00173422 0 0 
207 0.548271 28.0503 1.02656 0.00203602 0.000234915 0.00180111 0 0 
208 0.5483 28.4909 0.898751 0.00204226 0.000180061 0.0018622 0 0 
209 0.548329 28.8766 0.769211 0.00204892 0.000131896 0.00191703 0 0 
210 0.548358 29.2068 0.638189 0.00205596 9.07904e-05 0.00196517 0 0 
211 0.548387 29.4807 0.505939 0.00206331 5.70607e-05 0.00200625 0 0 
212 0.548417 29.6978 0.372715 0.00207093 3.09667e-05 0.00203997 0 0 
213 0.548447 29.8578 0.238773 0.00207876 1.2709e-05 0.00206605 0 0 
214 0.548477 29.9602 0.104371 0.00208673 2.42831e-06 0.0020843 0 0 
215 0.548507 30.005 -0.0302312 0.00209478 2.03728e-07 0.00209457 0 0 
216 0.548537 29.9921 -0.164776 0.00210285 6.05238e-06 0.0020968 0 0 
217 0.548567 29.9213 -0.299003 0.00211088 1.99292e-05 0.00209095 0 0 
218 0.548596 29.793 -0.432654 0.00211881 4.17275e-05 0.00207708 0 0 
219 0.548626 29.6073 -0.565473 0.00212657 7.12794e-05 0.00205529 0 0 
220 0.548655 29.3646 -0.697202 0.00213411 0.000108357 0.00202575 0 0 
221 0.548684 29.0654 -0.82759 0.00214137 0.000152676 0.00198869 0 0 
222 0.548713 28.7102 -0.956384 0.00214829 0.000203894 0.0019444 0 0 
223 0.548741 28.2997 -1.08334 0.00215482 0.000261618 0.0018932 0 0 
224 0.548769 27.8348 -1.2082 0.00216091 0.000325402 0.00183551 0 0 
225 0.548797 27.3163 -1.33074 0.00216651 0.000394757 0.00177175 0 0 
226 0.548823 26.7451 -1.45072 0.00217158 0.000469148 0.00170243 0 0 
227 0.54885 26.1225 -1.56791 0.00217608 0.000548002 0.00162808 0 0 
228 0.548875 25.4496 -1.68207 0.00217997 0.000630712 0.00154926 0 0 
229 0.5489 24.7276 -1.793 0.00218323 0.000716643 0.00146659 0 0 
230 0.548924 23.9581 -1.90048 0.00218583 0.000805132 0.0013807 0 0 
231 0.548947 23.1425 -2.0043 0.00218775 0.000895498 0.00129226 0 0 
232 0.548969 22.2823 -2.10425 0.00218898 0.000987046 0.00120193 0 0 
233 0.54899 21.3791 -2.20016 0.0021895 0.00107907 0.00111043 0 0 
234 0.549011 20.4349 -2.29183 0.00218931 0.00117086 0.00101845 0 0 
235 0.54903 19.4512 -2.37909 0.00218842 0.00126172 0.0009267 0 0 
236 0.549049 18.4302 -2.46177 0.00218683 0.00135094 0.000835888 0 0 
237 0.549066 17.3736 -2.53971 0.00218454 0.00143783 0.000746714 0 0 
238 0.549082 16.2836 -2.61275 0.00218159 0.00152173 0.000659862 0 0 
239 0.549098 15.1623 -2.68077 0.00217799 0.00160199 0.000576001 0 0 
240 0.549112 14.0117 -2.74363 0.00217378 0.001678 0.000495778 0 0 
241 0.549124 12.8342 -2.8012 0.00216897 0.00174916 0.00041981 0 0 
242 0.549136 11.632 -2.85338 0.00216362 0.00181494 0.00034868 0 0 
243 0.549146 10.4073 -2.90007 0.00215775 0.00187481 0.000282938 0 0 
244 0.549156 9.16267 -2.94118 0.00215142 0.00192834 0.000223089 0 0 
245 0.549164 7.90036 -2.97662 0.00214468 0.00197509 0.000169593 0 0 
246 0.54917 6.62284 -3.00633 0.00213757 0.00201471 0.000122863 0 0 
247 0.549175 5.33257 -3.03025 0.00213016 0.0020469 8.32579e-05 0 0 
248 0.54918 4.03204 -3.04834 0.00212249 0.00207141 5.10829e-05 0 0 
249 0.549182 2.72374 -3.06055 0.00211464 0.00208805 2.65856e-05 0 0 
250 0.549184 1.4102 -3.06688 0.00210665 0.00209669 9.9546e-06 0 0 
251 0.549184 0.0939398 -3.0673 0.00209859 0.00209727 1.31787e-06 0 0 
252 0.549183 -1.2225 -3.06182 0.00209052 0.00208977 7.41899e-07 0 0 
253 0.54918 -2.53658 -3.05044 0.0020825 0.00207427 8.23113e-06 0 0 
254 0.549176 -3.84579 -3.03319 0.0020746 0.00205087 2.37279e-05 0 0 
255 0.549171 -5.14758 -3.01009 0.00206688 0.00201977 4.7113e-05 0 0 
256 0.549165 -6.43947 -2.98121 0.00205939 0.00198119 7.82063e-05 0 0 
257 0.549157 -7.71896 -2.94658 0.0020522 0.00193543 0.000116769 0 0 
258 0.549148 -8.98358 -2.90628 0.00204535 0.00188285 0.000162503 0 0 
259 0.549138 -10.2309 -2.86038 0.00203891 0.00182385 0.000215057 0 0 
260 0.549126 -11.4585 -2.80898 0.00203292 0.00175889 0.000274027 0 0 
261 0.549114 -12.6641 -2.75217 0.00202742 0.00168846 0.000338958 0 0 
262 0.5491 -13.8453 -2.69006 0.00202246 0.00161311 0.000409352 0 0 
263 0.549085 -14.9998 -2.62277 0.00201808 0.00153342 0.000484665 0 0 
264 0.549069 -16.1255 -2.55043 0.00201432 0.00145 0.000564318 0 0 
265 0.549051 -17.2201 -2.47318 0.00201119 0.00136349 0.000647698 0 0 
266 0.549033 -18.2815 -2.39117 0.00200873 0.00127456 0.000734164 0 0 
267 0.549014 -19.3078 -2.30456 0.00200695 0.0011839 0.000823049 0 0 
268 0.548993 -20.2969 -2.2135 0.00200587 0.0010922 0.000913669 0 0 
269 0.548972 -21.2469 -2.11819 0.00200549 0.00100016 0.00100533 0 0 
270 0.54895 -22.156 -2.0188 0.00200582 0.000908504 0.00109732 0 0 
271 0.548927 -23.0224 -1.91552 0.00200686 0.000817927 0.00118893 0 0 
272 0.548903 -23.8445 -1.80855 0.00200859 0.000729128 0.00127947 0 0 
273 0.548879 -24.6207 -1.69811 0.00201101 0.000642791 0.00136822 0 0 
274 0.548853 -25.3495 -1.58439 0.0020141 0.000559582 0.00145452 0 0 
275 0.548827 -26.0295 -1.46762 0.00201783 0.000480139 0.00153769 0 0 
276 0.5488 -26.6594 -1.34802 0.00202217 0.000405076 0.00161709 0 0 
277 0.548773 -27.238 -1.22584 0.00202709 0.000334969 0.00169212 0 0 
278 0.548745 -27.7641 -1.10129 0.00203255 0.000270359 0.00176219 0 0 
279 0.548717 -28.2367 -0.974616 0.00203851 0.000211742 0.00182677 0 0 
280 0.548689 -28.655 -0.846069 0.00204493 0.000159571 0.00188536 0 0 
281 0.54866 -29.0181 -0.715894 0.00205175 0.000114245 0.00193751 0 0 
282 0.54863 -29.3254 -0.58434 0.00205893 7.61154e-05 0.00198281 0 0 
283 0.548601 -29.5762 -0.451662 0.0020664 4.54744e-05 0.00202092 0 0 
284 0.548571 -29.77 -0.318113 0.00207411 2.25582e-05 0.00205155 0 0 
285 0.548541 -29.9065 -0.183953 0.002082 7.54316e-06 0.00207445 0 0 
286 0.548511 -29.9855 -0.0494378 0.00209001 5.44827e-07 0.00208946 0 0 
287 0.548481 -30.0067 0.0851723 0.00209807 1.6171e-06 0.00209646 0 0 
288 0.548451 -29.9702 0.219618 0.00210614 1.07517e-05 0.00209538 0 0 
289 0.548421 -29.8759 0.353642 0.00211413 2.78784e-05 0.00208625 0 0 
290 0.548391 -29.7241 0.486984 0.002122 5.28653e-05 0.00206914 0 0 
291 0.548362 -29.5151 0.619389 0.00212968 8.552e-05 0.00204416 0 0 
292 0.548333 -29.2493 0.750601 0.00213711 0.000125591 0.00201152 0 0 
293 0.548304 -28.9271 0.880368 0.00214424 0.000172771 0.00197147 0 0 
294 0.548275 -28.5493 1.00844 0.00215101 0.000226695 0.00192431 0 0 
295 0.548247 -28.1165 1.13457 0.00215736 0.000286949 0.00187041 0 0 
296 0.548219 -27.6296 1.25852 0.00216326 0.000353069 0.00181019 0 0 
297 0.548192 -27.0894 1.38004 0.00216865 0.000424546 0.0017441 0 0 
298 0.548166 -26.4971 1.49891 0.00217349 0.000500829 0.00167266 0 0 
299 0.54814 -25.8538 1.61489 0.00217774 0.000581333 0.00159641 0 0 
300 0.548115 -25.1607 1.72776 0.00218138 0.000665436 0.00151595 0 0 
301 0.54809 -24.4192 1.8373 0.00218438 0.000752492 0.00143188 0 0 
302 0.548067 -23.6307 1.94331 0.0021867 0.000841831 0.00134487 0 0 
303 0.548044 -22.7966 2.04558 0.00218834 0.000932764 0.00125557 0 0 
304 0.548022 -21.9187 2.1439 0.00218928 0.00102459 0.00116469 0 0 
305 0.548001 -20.9986 2.2381 0.00218951 0.00111661 0.0010729 0 0 
306 0.547981 -20.038 2.32799 0.00218903 0.0012081 0.00098093 0 0 
307 0.547962 -19.0389 2.4134 0.00218785 0.00129837 0.000889479 0 0 
308 0.547944 -18.0031 2.49416 0.00218598 0.00138672 0.000799251 0 0 
309 0.547927 -16.9326 2.57012 0.00218342 0.00147248 0.000710943 0 0 
310 0.547911 -15.8296 2.64113 0.0021802 0.00155497 0.000625232 0 0 
311 0.547897 -14.696 2.70706 0.00217635 0.00163357 0.00054278 0 0 
312 0.547883 -13.5342 2.76777 0.00217188 0.00170766 0.000464221 0 0 
313 0.547871 -12.3463 2.82316 0.00216685 0.00177669 0.000390159 0 0 
314 0.54786 -11.1347 2.87311 0.00216128 0.00184012 0.000321165 0 0 
315 0.54785 -9.90156 2.91753 0.00215522 0.00189745 0.000257769 0 0 
316 0.547841 -8.6494 2.95633 0.00214872 0.00194826 0.000200461 0 0 
317 0.547834 -7.38059 2.98944 0.00214182 0.00199214 0.00014968 0 0 
318 0.547828 -6.09757 3.01679 0.00213458 0.00202876 0.000105817 0 0 
319 0.547823 -4.80281 3.03834 0.00212706 0.00205785 6.92117e-05 0 0 
320 0.547819 -3.4988 3.05403 0.00211931 0.00207916 4.0144e-05 0 0 
321 0.547817 -2.18806 3.06385 0.00211139 0.00209255 1.88383e-05 0 0 
322 0.547816 -0.873101 3.06777 0.00210336 0.0020979 5.45843e-06 0 0 
323 0.547817 0.443537 3.06578 0.00209529 0.00209518 1.07486e-07 0 0 
324 0.547818 1.75932 3.05788 0.00208723 0.00208441 2.82663e-06 0 0 
325 0.547821 3.07172 3.0441 0.00207926 0.00206566 1.35949e-05 0 0 
326 0.547826 4.3782 3.02446 0.00207142 0.0020391 3.23295e-05 0 0 
327 0.547831 5.67625 2.999 0.00206379 0.0020049 5.88861e-05 0 0 
328 0.547838 6.96338 2.96776 0.00205642 0.00196336 9.30604e-05 0 0 
329 0.547847 8.2371 2.93081 0.00204936 0.00191477 0.000134589 0 0 
330 0.547856 9.49495 2.88822 0.00204267 0.00185952 0.000183153 0 0 
331 0.547867 10.7345 2.84006 0.0020364 0.00179803 0.000238378 0 0 
332 0.547879 11.9534 2.78644 0.00203061 0.00173077 0.000299839 0 0 
333 0.547892 13.1493 2.72745 0.00202533 0.00165827 0.000367062 0 0 
334 0.547906 14.3199 2.66321 0.0020206 0.00158107 0.000439531 0 0 
335 0.547922 15.4629 2.59384 0.00201647 0.00149978 0.000516688 0 0 
336 0.547938 16.5762 2.51948 0.00201296 0.00141502 0.000597938 0 0 
337 0.547956 17.6575 2.44027 0.0020101 0.00132745 0.000682657 0 0 
338 0.547975 18.7048 2.35636 0.00200792 0.00123773 0.000770192 0 0 
339 0.547994 19.7161 2.26792 0.00200642 0.00114655 0.000859869 0 0 
340 0.548015 20.6895 2.1751 0.00200563 0.00105463 0.000950998 0 0 
341 0.548037 21.623 2.0781 0.00200554 0.000962663 0.00104288 0 0 
342 0.548059 22.5149 1.9771 0.00200616 0.000871361 0.0011348 0 0 
343 0.548083 23.3634 1.87229 0.00200748 0.000781426 0.00122606 0 0 
344 0.548107 24.167 1.76388 0.0020095 0.000693551 0.00131595 0 0 
345 0.548132 24.924 1.65207 0.00201219 0.000608411 0.00140378 0 0 
346 0.548157 25.6331 1.53708 0.00201555 0.000526664 0.00148888 0 0 
347 0.548184 26.2928 1.41913 0.00201953 0.000448937 0.00157059 0 0 
348 0.548211 26.9018 1.29845 0.00202411 0.000375829 0.00164828 0 0 
349 0.548238 27.4591 1.17527 0.00202925 0.000307903 0.00172135 0 0 
350 0.548266 27.9635 1.04982 0.00203493 0.000245682 0.00178925 0 0 
351 0.548294 28.4141 0.922357 0.00204108 0.000189644 0.00185144 0 0 
352 0.548323 28.8099 0.793116 0.00204767 0.000140221 0.00190745 0 0 
353 0.548352 29.1503 0.662348 0.00205464 9.77941e-05 0.00195685 0 0 
354 0.548382 29.4346 0.530304 0.00206194 6.26889e-05 0.00199925 0 0 
355 0.548411 29.6622 0.397239 0.00206952 3.51759e-05 0.00203434 0 0 
356 0.548441 29.8327 0.26341 0.00207731 1.5467e-05 0.00206184 0 0 
357 0.548471 29.9457 0.129073 0.00208525 3.71376e-06 0.00208154 0 0 
358 0.548501 30.0011 -0.0055117 0.00209329 6.77192e-09 0.00209329 0 0 
359 0.548531 29.9988 -0.140086 0.00210137 4.37453e-06 0.00209699 0 0 
360 0.548561 29.9386 -0.274391 0.00210941 1.67834e-05 0.00209263 0 0 
361 0.548591 29.8209 -0.408167 0.00211736 3.71379e-05 0.00208022 0 0 
362 0.548621 29.6457 -0.541158 0.00212516 6.52813e-05 0.00205988 0 0 
363 0.54865 29.4134 -0.673107 0.00213275 0.000100997 0.00203175 0 0 
364 0.548679 29.1246 -0.80376 0.00214006 0.00014401 0.00199605 0 0 
365 0.548708 28.7796 -0.932865 0.00214705 0.000193989 0.00195306 0 0 
366 0.548736 28.3792 -1.06017 0.00215365 0.00025055 0.0019031 0 0 
367 0.548764 27.9242 -1.18544 0.00215983 0.000313257 0.00184657 0 0 
368 0.548792 27.4154 -1.30843 0.00216552 0.000381628 0.00178389 0 0 
369 0.548819 26.8539 -1.42889 0.00217069 0.000455136 0.00171556 0 0 
370 0.548845 26.2406 -1.54661 0.0021753 0.000533215 0.00164208 0 0 
371 0.54887 25.5768 -1.66135 0.00217931 0.000615264 0.00156404 0 0 
372 0.548895 24.8638 -1.77289 0.00218268 0.000700652 0.00148203 0 0 
373 0.548919 24.1029 -1.88101 0.00218541 0.000788722 0.00139668 0 0 
374 0.548943 23.2956 -1.98552 0.00218745 0.000878795 0.00130866 0 0 
375 0.548965 22.4435 -2.0862 0.00218881 0.000970179 0.00121863 0 0 
376 0.548987 21.5481 -2.18286 0.00218946 0.00106217 0.00112729 0 0 
377 0.549007 20.6113 -2.27532 0.0021894 0.00115406 0.00103534 0 0 
378 0.549027 19.6347 -2.36341 0.00218864 0.00124514 0.000943498 0 0 
379 0.549045 18.6204 -2.44694 0.00218717 0.00133471 0.000852461 0 0 
380 0.549063 17.5702 -2.52576 0.00218501 0.00142208 0.000762934 0 0 
381 0.54908 16.4862 -2.59971 0.00218218 0.00150658 0.000675605 0 0 
382 0.549095 15.3704 -2.66867 0.0021787 0.00158756 0.000591146 0 0 
383 0.549109 14.2251 -2.73248 0.0021746 0.00166439 0.000510208 0 0 
384 0.549122 13.0523 -2.79103 0.0021699 0.00173648 0.000433413 0 0 
385 0.549134 11.8545 -2.84421 0.00216464 0.00180329 0.000361353 0 0 
386 0.549145 10.6338 -2.89191 0.00215886 0.00186428 0.000294583 0 0 
387 0.549154 9.39261 -2.93405 0.00215262 0.001919 0.000233615 0 0 
388 0.549162 8.13336 -2.97054 0.00214595 0.00196703 0.000178921 0 0 
389 0.549169 6.85845 -3.0013 0.0021389 0.00200798 0.00013092 0 0 
390 0.549175 5.57034 -3.02629 0.00213154 0.00204156 8.99817e-05 0 0 
391 0.549179 4.2715 -3.04545 0.00212392 0.0020675 5.64221e-05 0 0 
392 0.549182 2.96444 -3.05875 0.00211609 0.00208559 3.04991e-05 0 0 
393 0.549183 1.65167 -3.06616 0.00210812 0.00209571 1.24122e-05 0 0 
394 0.549184 0.335724 -3.06767 0.00210007 0.00209777 2.30073e-06 0 0 
395 0.549183 -0.980872 -3.06327 0.002092 0.00209175 2.42445e-07 0 0 
396 0.549181 -2.29558 -3.05297 0.00208397 0.00207771 6.25321e-06 0 0 
397 0.549177 -3.60587 -3.03679 0.00207604 0.00205575 2.02868e-05 0 0 
398 0.549172 -4.90921 -3.01477 0.00206828 0.00202605 4.22351e-05 0 0 
399 0.549166 -6.2031 -2.98694 0.00206075 0.00198882 7.19292e-05 0 0 
400 0.549158 -7.48505 -2.95337 0.00205349 0.00194435 0.00010914 0 0 
401 0.54915 -8.75259 -2.9141 0.00204658 0.001893 0.000153583 0 0 
402 0.54914 -10.0033 -2.86923 0.00204006 0.00183515 0.000204913 0 0 
403 0.549128 -11.2347 -2.81883 0.00203398 0.00177124 0.000262738 0 0 
404 0.549116 -12.4445 -2.763 0.00202839 0.00170178 0.000326611 0 0 
405 0.549102 -13.6303 -2.70186 0.00202333 0.00162729 0.00039604 0 0 
406 0.549087 -14.7899 -2.63551 0.00201884 0.00154835 0.000470492 0 0 
407 0.549072 -15.9211 -2.56409 0.00201496 0.00146557 0.000549394 0 0 
408 0.549055 -17.0215 -2.48773 0.00201172 0.00137958 0.000632137 0 0 
409 0.549036 -18.0892 -2.40658 0.00200913 0.00129104 0.000718085 0 0 
410 0.549017 -19.1221 -2.3208 0.00200722 0.00120065 0.000806577 0 0 
411 0.548997 -20.1181 -2.23055 0.00200601 0.00110908 0.000896931 0 0 
412 0.548976 -21.0755 -2.136 0.00200551 0.00101706 0.000988451 0 0 
413 0.548954 -21.9922 -2.03735 0.00200571 0.000925275 0.00108043 0 0 
414 0.548931 -22.8666 -1.93477 0.00200662 0.000834446 0.00117217 0 0 
415 0.548908 -23.697 -1.82846 0.00200822 0.000745269 0.00126296 0 0 
416 0.548883 -24.4817 -1.71864 0.00201052 0.00065843 0.00135209 0 0 
417 0.548858 -25.2193 -1.6055 0.00201348 0.000574597 0.00143889 0 0 
418 0.548832 -25.9084 -1.48928 0.0020171 0.000494416 0.00152268 0 0 
419 0.548805 -26.5476 -1.37019 0.00202133 0.000418504 0.00160282 0 0 
420 0.548778 -27.1356 -1.24846 0.00202614 0.000347446 0.0016787 0 0 
421 0.548751 -27.6714 -1.12432 0.00203151 0.000281788 0.00174972 0 0 
422 0.548722 -28.154 -0.998023 0.00203738 0.000222035 0.00181535 0 0 
423 0.548694 -28.5823 -0.869803 0.00204372 0.000168649 0.00187507 0 0 
424 0.548665 -28.9556 -0.739908 0.00205047 0.000122038 0.00192843 0 0 
425 0.548636 -29.2732 -0.608589 0.00205758 8.25636e-05 0.00197502 0 0 
426 0.548606 -29.5344 -0.476097 0.002065 5.0528e-05 0.00201448 0 0 
427 0.548576 -29.7387 -0.34269 0.00207267 2.61784e-05 0.0020465 0 0 
428 0.548547 -29.8858 -0.208622 0.00208054 9.70199e-06 0.00207083 0 0 
429 0.548517 -29.9753 -0.0741527 0.00208853 1.22573e-06 0.0020873 0 0 
430 0.548487 -30.0071 0.0604594 0.00209659 8.14833e-07 0.00209577 0 0 
431 0.548457 -29.9812 0.194955 0.00210466 8.47247e-06 0.00209619 0 0 
432 0.548427 -29.8975 0.329075 0.00211267 2.41397e-05 0.00208853 0 0 
433 0.548397 -29.7563 0.462562 0.00212057 4.76959e-05 0.00207287 0 0 
434 0.548367 -29.5578 0.595158 0.00212829 7.89597e-05 0.00204933 0 0 
435 0.548338 -29.3023 0.726609 0.00213577 0.000117691 0.00201808 0 0 
436 0.548309 -28.9905 0.85666 0.00214296 0.00016359 0.00197937 0 0 
437 0.54828 -28.6228 0.985062 0.00214979 0.000216306 0.00193349 0 0 
438 0.548252 -28.2 1.11157 0.00215623 0.000275431 0.0018808 0 0 
439 0.548224 -27.723 1.23593 0.00216221 0.00034051 0.0018217 0 0 
440 0.548197 -27.1925 1.35792 0.0021677 0.000411044 0.00175665 0 0 
441 0.548171 -26.6097 1.47729 0.00217264 0.000486488 0.00168615 0 0 
442 0.548145 -25.9757 1.59382 0.00217701 0.000566262 0.00161075 0 0 
443 0.548119 -25.2917 1.70728 0.00218076 0.000649752 0.00153101 0 0 
444 0.548095 -24.5589 1.81745 0.00218388 0.000736316 0.00144756 0 0 
445 0.548071 -23.7789 1.92412 0.00218632 0.000825286 0.00136104 0 0 
446 0.548048 -22.9531 2.02709 0.00218809 0.000915978 0.00127211 0 0 
447 0.548026 -22.0831 2.12615 0.00218916 0.00100769 0.00118146 0 0 
448 0.548005 -21.1706 2.22112 0.00218952 0.00109973 0.00108979 0 0 
449 0.547985 -20.2173 2.31182 0.00218917 0.00119137 0.0009978 0 0 
450 0.547965 -19.2251 2.39806 0.00218812 0.00128192 0.0009062 0 0 
451 0.547947 -18.1959 2.47969 0.00218637 0.00137068 0.000815696 0 0 
452 0.54793 -17.1317 2.55654 0.00218394 0.00145696 0.000726983 0 0 
453 0.547914 -16.0345 2.62847 0.00218084 0.00154009 0.000640746 0 0 
454 0.547899 -14.9064 2.69534 0.0021771 0.00161945 0.000557647 0 0 
455 0.547885 -13.7496 2.75702 0.00217275 0.00169442 0.000478326 0 0 
456 0.547873 -12.5663 2.81339 0.00216782 0.00176442 0.000403395 0 0 
457 0.547861 -11.3588 2.86435 0.00216234 0.00182891 0.000333429 0 0 
458 0.547851 -10.1295 2.90979 0.00215637 0.0018874 0.000268968 0 0 
459 0.547842 -8.88065 2.94963 0.00214994 0.00193944 0.000210507 0 0 
460 0.547835 -7.61471 2.98379 0.00214311 0.00198462 0.000158496 0 0 
461 0.547829 -6.33412 3.0122 0.00213593 0.0020226 0.000113337 0 0 
462 0.547823 -5.04133 3.03482 0.00212846 0.00205308 7.53759e-05 0 0 
463 0.54782 -3.73883 3.05159 0.00212074 0.00207584 4.49056e-05 0 0 
464 0.547817 -2.42913 3.06249 0.00211285 0.00209069 2.21605e-05 0 0 
465 0.547816 -1.11476 3.06749 0.00210484 0.00209752 7.31571e-06 0 0 
466 0.547816 0.201761 3.06658 0.00209677 0.00209629 4.85552e-07 0 0 
467 0.547818 1.51789 3.05978 0.00208871 0.00208699 1.72257e-06 0 0 
468 0.547821 2.8311 3.04708 0.00208072 0.0020697 1.10172e-05 0 0 
469 0.547825 4.13886 3.02851 0.00207285 0.00204455 2.8298e-05 0 0 
470 0.54783 5.43865 3.00411 0.00206517 0.00201174 5.34319e-05 0 0 
471 0.547837 6.72796 2.97393 0.00205775 0.00197152 8.62254e-05 0 0 
472 0.547845 8.00433 2.93802 0.00205063 0.0019242 0.000126426 0 0 
473 0.547854 9.26528 2.89646 0.00204387 0.00187014 0.000173724 0 0 
474 0.547865 10.5084 2.84932 0.00203752 0.00180976 0.000227757 0 0 
475 0.547877 11.7313 2.79669 0.00203164 0.00174353 0.000288106 0 0 
476 0.54789 12.9316 2.73868 0.00202626 0.00167195 0.000354309 0 0 
477 0.547904 14.107 2.6754 0.00202143 0.00159557 0.000425856 0 0 
478 0.547919 15.2552 2.60696 0.00201718 0.00151499 0.000502195 0 0 
479 0.547935 16.3741 2.53351 0.00201356 0.00143082 0.00058274 0 0 
480 0.547953 17.4614 2.45517 0.00201058 0.00134371 0.00066687 0 0 
481 0.547971 18.5151 2.37212 0.00200827 0.00125433 0.000753937 0 0 
482 0.547991 19.5332 2.28449 0.00200665 0.00116337 0.000843272 0 0 
483 0.548011 20.5137 2.19246 0.00200572 0.00107153 0.000934187 0 0 
484 0.548033 21.4547 2.09622 0.0020055 0.000979522 0.00102598 0 0 
485 0.548055 22.3543 1.99594 0.00200599 0.000888044 0.00111795 0 0 
486 0.548078 23.2109 1.89181 0.00200719 0.000797806 0.00120938 0 0 
487 0.548102 24.0229 1.78405 0.00200908 0.000709501 0.00129958 0 0 
488 0.548127 24.7886 1.67285 0.00201165 0.00062381 0.00138784 0 0 
489 0.548153 25.5065 1.55842 0.00201488 0.000541391 0.00147349 0 0 
490 0.548179 26.1754 1.441 0.00201875 0.00046288 0.00155587 0 0 
491 0.548206 26.7938 1.3208 0.00202322 0.000388881 0.00163434 0 0 
492 0.548233 27.3607 1.19806 0.00202827 0.000319963 0.00170831 0 0 
493 0.548261 27.8749 1.07302 0.00203385 0.000256657 0.00177719 0 0 
494 0.548289 28.3354 0.945903 0.00203992 0.00019945 0.00184047 0 0 
495 0.548318 28.7414 0.81697 0.00204643 0.000148783 0.00189765 0 0 
496 0.548347 29.092 0.686463 0.00205333 0.000105045 0.00194829 0 0 
497 0.548376 29.3866 0.554634 0.00206058 6.85732e-05 0.00199201 0 0 
498 0.548406 29.6247 0.421738 0.00206811 3.96485e-05 0.00202846 0 0 
499 0.548436 29.8057 0.28803 0.00207586 1.84934e-05 0.00205737 0 0 
500 0.548466 29.9293 0.153767 0.00208379 5.27068e-06 0.00207852 0 0 
501 0.548496 29.9953 0.0192081 0.00209181 8.22453e-08 0.00209173 0 0 
502 0.548526 30.0035 -0.115388 0.00209989 2.96797e-06 0.00209692 0 0 
503 0.548556 29.954 -0.249761 0.00210794 1.39057e-05 0.00209403 0 0 
504 0.548586 29.8468 -0.383654 0.00211591 3.28111e-05 0.0020831 0 0 
505 0.548615 29.6822 -0.516808 0.00212374 5.95388e-05 0.0020642 0 0 
506 0.548645 29.4604 -0.648968 0.00213137 9.38829e-05 0.00203749 0 0 
507 0.548674 29.1818 -0.779877 0.00213874 0.000135579 0.00200316 0 0 
508 0.548703 28.8471 -0.909285 0.00214579 0.000184307 0.00196149 0 0 
509 0.548731 28.4569 -1.03694 0.00215247 0.00023969 0.00191278 0 0 
510 0.548759 28.0118 -1.1626 0.00215873 0.000301304 0.00185743 0 0 
511 0.548787 27.5129 -1.28603 0.00216451 0.000368672 0.00179584 0 0 
512 0.548814 26.9609 -1.40697 0.00216978 0.000441278 0.00172851 0 0 
513 0.54884 26.3571 -1.52521 0.0021745 0.000518562 0.00165593 0 0 
514 0.548866 25.7025 -1.64051 0.00217862 0.000599929 0.00157869 0 0 
515 0.548891 24.9984 -1.75265 0.00218211 0.000684752 0.00149736 0 0 
516 0.548915 24.2462 -1.86142 0.00218496 0.00077238 0.00141258 0 0 
517 0.548938 23.4473 -1.96661 0.00218713 0.000862137 0.00132499 0 0 
518 0.548961 22.6032 -2.06801 0.00218861 0.000953332 0.00123528 0 0 
519 0.548983 21.7157 -2.16542 0.00218939 0.00104526 0.00114413 0 0 
520 0.549003 20.7863 -2.25867 0.00218946 0.00113722 0.00105224 0 0 
521 0.549023 19.8169 -2.34757 0.00218883 0.00122851 0.000960323 0 0 
522 0.549042 18.8094 -2.43195 0.00218749 0.00131841 0.000869085 0 0 
523 0.54906 17.7656 -2.51164 0.00218546 0.00140623 0.000779229 0 0 
524 0.549077 16.6877 -2.5865 0.00218275 0.00149131 0.000691445 0 0 
525 0.549092 15.5776 -2.65639 0.00217939 0.00157298 0.00060641 0 0 
526 0.549107 14.4375 -2.72115 0.0021754 0.00165062 0.000524778 0 0 
527 0.54912 13.2696 -2.78068 0.0021708 0.00172363 0.000447177 0 0 
528 0.549132 12.0762 -2.83485 0.00216564 0.00179144 0.000374205 0 0 
529 0.549143 10.8595 -2.88357 0.00215996 0.00185354 0.000306423 0 0 
530 0.549152 9.62194 -2.92673 0.0021538 0.00190945 0.000244353 0 0 
531 0.549161 8.36584 -2.96426 0.0021472 0.00195873 0.000188474 0 0 
532 0.549168 7.09362 -2.99609 0.00214022 0.00200101 0.000139214 0 0 
533 0.549174 5.80775 -3.02214 0.00213292 0.00203596 9.69544e-05 0 0 
534 0.549178 4.51069 -3.04237 0.00212534 0.00206332 6.20189e-05 0 0 
535 0.549181 3.20495 -3.05675 0.00211754 0.00208286 3.46769e-05 0 0 
536 0.549183 1.89304 -3.06524 0.00210959 0.00209445 1.51389e-05 0 0 
537 0.549184 0.577486 -3.06783 0.00210155 0.00209799 3.55529e-06 0 0 
538 0.549183 -0.73918 -3.06452 0.00209348 0.00209346 1.52295e-08 0 0 
539 0.549181 -2.05442 -3.0553 0.00208543 0.00208089 4.54596e-06 0 0 
540 0.549178 -3.36571 -3.0402 0.00207749 0.00206037 1.71126e-05 0 0 
541 0.549173 -4.67052 -3.01925 0.00206969 0.00203207 3.76185e-05 0 0 
542 0.549167 -5.96634 -2.99249 0.00206211 0.0019962 6.59056e-05 0 0 
543 0.54916 -7.25067 -2.95996 0.0020548 0.00195305 0.000101756 0 0 
544 0.549151 -8.52103 -2.92173 0.00204782 0.00190293 0.000144895 0 0 
545 0.549142 -9.775 -2.87788 0.00204122 0.00184624 0.000194989 0 0 
546 0.549131 -11.0101 -2.82849 0.00203506 0.00178341 0.000251653 0 0 
547 0.549118 -12.2241 -2.77365 0.00202938 0.00171493 0.000314451 0 0 
548 0.549105 -13.4145 -2.71348 0.00202422 0.00164132 0.000382899 0 0 
549 0.54909 -14.5791 -2.64808 0.00201962 0.00156315 0.00045647 0 0 
550 0.549075 -15.7156 -2.57758 0.00201563 0.00148103 0.000534599 0 0 
551 0.549058 -16.8218 -2.50211 0.00201226 0.00139558 0.000616684 0 0 
552 0.54904 -17.8957 -2.42183 0.00200955 0.00130746 0.000702093 0 0 
553 0.549021 -18.9351 -2.33689 0.00200752 0.00121735 0.000790168 0 0 
554 0.549001 -19.9381 -2.24745 0.00200618 0.00112595 0.000880231 0 0 
555 0.54898 -20.9027 -2.15368 0.00200555 0.00103396 0.00097159 0 0 
556 0.548958 -21.827 -2.05576 0.00200562 0.000942077 0.00106354 0 0 
557 0.548936 -22.7093 -1.95389 0.0020064 0.000851021 0.00115538 0 0 
558 0.548912 -23.5479 -1.84825 0.00200788 0.000761489 0.00124639 0 0 
559 0.548888 -24.3411 -1.73906 0.00201005 0.00067417 0.00133588 0 0 
560 0.548863 -25.0875 -1.62652 0.00201289 0.000589736 0.00142315 0 0 
561 0.548837 -25.7856 -1.51084 0.00201639 0.000508837 0.00150755 0 0 
562 0.54881 -26.434 -1.39226 0.0020205 0.000432097 0.00158841 0 0 
563 0.548783 -27.0315 -1.271 0.00202522 0.000360105 0.00166511 0 0 
564 0.548756 -27.577 -1.14729 0.00203048 0.000293416 0.00173707 0 0 
565 0.548728 -28.0694 -1.02137 0.00203627 0.000232543 0.00180373 0 0 
566 0.548699 -28.5078 -0.89348 0.00204252 0.000177955 0.00186457 0 0 
567 0.54867 -28.8912 -0.763874 0.0020492 0.000130072 0.00191913 0 0 
568 0.548641 -29.2191 -0.632797 0.00205625 8.92627e-05 0.00196699 0 0 
569 0.548612 -29.4907 -0.500502 0.00206362 5.58409e-05 0.00200778 0 0 
570 0.548582 -29.7055 -0.367243 0.00207125 3.00641e-05 0.00204119 0 0 
571 0.548552 -29.8631 -0.233278 0.00207908 1.21307e-05 0.00206695 0 0 
572 0.548522 -29.9632 -0.0988627 0.00208705 2.17874e-06 0.00208488 0 0 
573 0.548492 -30.0056 0.0357426 0.00209511 2.84782e-07 0.00209482 0 0 
574 0.548462 -29.9903 0.170279 0.00210318 6.46343e-06 0.00209672 0 0 
575 0.548432 -29.9172 0.304488 0.00211121 2.06671e-05 0.00209054 0 0 
576 0.548402 -29.7865 0.43811 0.00211913 4.27865e-05 0.00207634 0 0 
577 0.548373 -29.5985 0.570889 0.00212689 7.26514e-05 0.00205423 0 0 
578 0.548343 -29.3535 0.702569 0.00213442 0.000110032 0.00202438 0 0 
579 0.548314 -29.052 0.832896 0.00214166 0.00015464 0.00198702 0 0 
580 0.548286 -28.6945 0.961619 0.00214857 0.000206133 0.00194243 0 0 
581 0.548257 -28.2818 1.08849 0.00215508 0.000264113 0.00189097 0 0 
582 0.54823 -27.8146 1.21327 0.00216115 0.000328136 0.00183301 0 0 
583 0.548202 -27.2939 1.33571 0.00216673 0.000397707 0.00176902 0 0 
584 0.548176 -26.7206 1.45558 0.00217178 0.000472292 0.00169948 0 0 
585 0.548149 -26.0959 1.57264 0.00217625 0.000551317 0.00162493 0 0 
586 0.548124 -25.421 1.68668 0.00218012 0.000634172 0.00154595 0 0 
587 0.548099 -24.6971 1.79747 0.00218335 0.00072022 0.00146313 0 0 
588 0.548075 -23.9256 1.9048 0.00218593 0.000808799 0.00137713 0 0 
589 0.548052 -23.1081 2.00847 0.00218782 0.000899228 0.00128859 0 0 
590 0.54803 -22.2461 2.10826 0.00218901 0.000990809 0.00119821 0 0 
591 0.548009 -21.3413 2.204 0.00218951 0.00108284 0.00110667 0 0 
592 0.547988 -20.3954 2.29549 0.00218929 0.00117461 0.00101468 0 0 
593 0.547969 -19.4102 2.38257 0.00218837 0.00126541 0.000922959 0 0 
594 0.547951 -18.3876 2.46505 0.00218675 0.00135454 0.000832201 0 0 
595 0.547933 -17.3296 2.54279 0.00218444 0.00144133 0.000743107 0 0 
596 0.547917 -16.2383 2.61564 0.00218146 0.00152509 0.000656365 0 0 
597 0.547902 -15.1157 2.68345 0.00217783 0.00160519 0.000572641 0 0 
598 0.547888 -13.964 2.74609 0.00217359 0.00168101 0.00049258 0 0 
599 0.547875 -12.7854 2.80345 0.00216876 0.00175196 0.000416799 0 0 
600 0.547863 -11.5822 2.8554 0.00216339 0.00181751 0.000345879 0 0 
601 0.547853 -10.3568 2.90186 0.0021575 0.00187713 0.000280369 0 0 
602 0.547844 -9.11132 2.94274 0.00215116 0.00193038 0.000220771 0 0 
603 0.547836 -7.84834 2.97795 0.0021444 0.00197685 0.000167544 0 0 
604 0.54783 -6.57025 3.00742 0.00213728 0.00201618 0.000121099 0 0 
605 0.547824 -5.27951 3.0311 0.00212985 0.00204806 8.17929e-05 0 0 
606 0.54782 -3.97861 3.04895 0.00212218 0.00207225 4.99277e-05 0 0 
607 0.547818 -2.67005 3.06093 0.00211431 0.00208856 2.57492e-05 0 0 
608 0.547816 -1.35634 3.06701 0.00210632 0.00209687 9.44339e-06 0 0 
609 0.547816 -0.0400289 3.06719 0.00209825 0.00209712 1.13579e-06 0 0 
610 0.547818 1.27636 3.06147 0.00209019 0.0020893 8.90364e-07 0 0 
611 0.54782 2.5903 3.04985 0.00208218 0.00207347 8.709e-06 0 0 
612 0.547824 3.89925 3.03236 0.00207428 0.00204975 2.45315e-05 0 0 
613 0.547829 5.20069 3.00903 0.00206657 0.00201833 4.82361e-05 0 0 
614 0.547836 6.49211 2.9799 0.00205909 0.00197945 7.96403e-05 0 0 
615 0.547844 7.77104 2.94504 0.00205191 0.00193341 0.000118502 0 0 
616 0.547853 9.03501 2.90451 0.00204508 0.00188056 0.000164523 0 0 
617 0.547863 10.2816 2.85839 0.00203865 0.00182131 0.000217348 0 0 
618 0.547874 11.5084 2.80676 0.00203268 0.00175611 0.000276572 0 0 
619 0.547887 12.713 2.74973 0.00202721 0.00168547 0.000341737 0 0 
620 0.547901 13.8931 2.68741 0.00202227 0.00160993 0.000412342 0 0 
621 0.547916 15.0465 2.61991 0.00201792 0.00153007 0.000487845 0 0 
622 0.547932 16.1709 2.54736 0.00201418 0.00144651 0.000567663 0 0 
623 0.547949 17.2642 2.46992 0.00201108 0.00135989 0.000651182 0 0 
624 0.547968 18.3243 2.38771 0.00200864 0.00127088 0.00073776 0 0 
625 0.547987 19.349 2.30091 0.00200689 0.00118016 0.000826729 0 0 
626 0.548007 20.3366 2.20968 0.00200584 0.00108843 0.000917406 0 0 
627 0.548029 21.2849 2.1142 0.00200549 0.000996398 0.00100909 0 0 
628 0.548051 22.1923 2.01465 0.00200585 0.00090477 0.00110108 0 0 
629 0.548074 23.057 1.91121 0.00200692 0.000814251 0.00119267 0 0 
630 0.548098 23.8772 1.8041 0.00200868 0.00072554 0.00128314 0 0 
631 0.548122 24.6515 1.69351 0.00201113 0.000639319 0.00137181 0 0 
632 0.548148 25.3783 1.57967 0.00201424 0.000556251 0.00145799 0 0 
633 0.548174 26.0563 1.46278 0.00201799 0.000476976 0.00154102 0 0 
634 0.548201 26.6841 1.34307 0.00202236 0.000402105 0.00162025 0 0 
635 0.548228 27.2605 1.22078 0.0020273 0.000332213 0.00169509 0 0 
636 0.548256 27.7845 1.09614 0.00203279 0.000267838 0.00176495 0 0 
637 0.548284 28.2549 0.969388 0.00203877 0.000209477 0.00182929 0 0 
638 0.548313 28.671 0.84077 0.0020452 0.000157578 0.00188762 0 0 
639 0.548342 29.0318 0.710533 0.00205204 0.000112541 0.0019395 0 0 
640 0.548371 29.3368 0.578929 0.00205923 7.47121e-05 0.00198451 0 0 
641 0.548401 29.5852 0.446209 0.00206671 4.43832e-05 0.00202232 0 0 
642 0.54843 29.7767 0.312631 0.00207443 2.17874e-05 0.00205264 0 0 
643 0.54846 29.9109 0.178451 0.00208232 7.09867e-06 0.00207522 0 0 
644 0.54849 29.9875 0.0439267 0.00209033 4.30129e-07 0.0020899 0 0 
645 0.54852 30.0064 -0.0906818 0.0020984 1.83308e-06 0.00209657 0 0 
646 0.54855 29.9674 -0.225116 0.00210646 1.12967e-05 0.00209517 0 0 
647 0.54858 29.8708 -0.359116 0.00211446 2.87482e-05 0.00208571 0 0 
648 0.54861 29.7167 -0.492425 0.00212232 5.40532e-05 0.00206827 0 0 
649 0.548639 29.5053 -0.624786 0.00212999 8.70169e-05 0.00204297 0 0 
650 0.548669 29.2372 -0.755944 0.00213741 0.000127386 0.00201002 0 0 
651 0.548697 28.9128 -0.885647 0.00214452 0.000174849 0.00196968 0 0 
652 0.548726 28.5327 -1.01364 0.00215128 0.00022904 0.00192224 0 0 
653 0.548754 28.0976 -1.13969 0.00215761 0.000289544 0.00186807 0 0 
654 0.548782 27.6085 -1.26354 0.00216349 0.000355893 0.0018076 0 0 
655 0.548809 27.0662 -1.38496 0.00216886 0.000427578 0.00174128 0 0 
656 0.548835 26.4718 -1.50371 0.00217367 0.000504047 0.00166963 0 0 
657 0.548861 25.8264 -1.61957 0.00217791 0.00058471 0.0015932 0 0 
658 0.548886 25.1313 -1.73231 0.00218152 0.000668947 0.00151257 0 0 
659 0.548911 24.3878 -1.84171 0.00218448 0.00075611 0.00142837 0 0 
660 0.548934 23.5974 -1.94757 0.00218678 0.000845527 0.00134125 0 0 
661 0.548957 22.7615 -2.04968 0.00218839 0.00093651 0.00125188 0 0 
662 0.548979 21.8818 -2.14784 0.0021893 0.00102836 0.00116094 0 0 
663 0.549 20.96 -2.24187 0.0021895 0.00112037 0.00106914 0 0 
664 0.54902 19.9978 -2.33158 0.002189 0.00121183 0.000977171 0 0 
665 0.549039 18.9972 -2.4168 0.00218779 0.00130203 0.000885756 0 0 
666 0.549057 17.9599 -2.49737 0.00218588 0.00139029 0.000795594 0 0 
667 0.549074 16.8881 -2.57313 0.0021833 0.00147592 0.000707378 0 0 
668 0.549089 15.7837 -2.64393 0.00218006 0.00155827 0.000621788 0 0 
669 0.549104 14.649 -2.70965 0.00217617 0.00163669 0.000539483 0 0 
670 0.549118 13.4861 -2.77015 0.00217169 0.00171059 0.000461096 0 0 
671 0.54913 12.2972 -2.82531 0.00216663 0.0017794 0.000387231 0 0 
672 0.549141 11.0846 -2.87504 0.00216104 0.00184259 0.000318456 0 0 
673 0.549151 9.85065 -2.91923 0.00215496 0.00189966 0.0002553 0 0 
674 0.549159 8.59777 -2.9578 0.00214844 0.00195019 0.00019825 0 0 
675 0.549167 7.32832 -2.99067 0.00214153 0.00199379 0.000147746 0 0 
676 0.549173 6.04477 -3.01779 0.00213428 0.00203011 0.000104174 0 0 
677 0.549177 4.74959 -3.0391 0.00212674 0.00205887 6.78719e-05 0 0 
678 0.549181 3.44525 -3.05455 0.00211899 0.00207987 3.9118e-05 0 0 
679 0.549183 2.13429 -3.06413 0.00211106 0.00209293 1.8134e-05 0 0 
680 0.549184 0.819211 -3.0678 0.00210303 0.00209795 5.08123e-06 0 0 
681 0.549183 -0.497441 -3.06557 0.00209496 0.0020949 6.03096e-08 0 0 
682 0.549182 -1.81314 -3.05744 0.00208691 0.0020838 3.10983e-06 0 0 
683 0.549178 -3.12534 -3.04342 0.00207894 0.00206473 1.42063e-05 0 0 
684 0.549174 -4.43153 -3.02354 0.00207111 0.00203784 3.32644e-05 0 0 
685 0.549168 -5.72918 -2.99783 0.00206348 0.00200335 6.01373e-05 0 0 
686 0.549161 -7.01581 -2.96636 0.00205612 0.0019615 9.46182e-05 0 0 
687 0.549153 -8.28892 -2.92918 0.00204908 0.00191263 0.000136442 0 0 
688 0.549143 -9.54608 -2.88635 0.00204241 0.00185712 0.000185286 0 0 
689 0.549133 -10.7849 -2.83797 0.00203616 0.00179538 0.000240775 0 0 
690 0.549121 -12.0029 -2.78413 0.00203038 0.0017279 0.000302481 0 0 
691 0.549107 -13.1978 -2.72492 0.00202512 0.00165519 0.00036993 0 0 
692 0.549093 -14.3673 -2.66047 0.00202042 0.00157782 0.000442602 0 0 
693 0.549078 -15.5091 -2.5909 0.00201632 0.00149638 0.000519938 0 0 
694 0.549061 -16.6211 -2.51633 0.00201283 0.00141149 0.000601343 0 0 
695 0.549043 -17.7011 -2.43693 0.00201 0.00132381 0.00068619 0 0 
696 0.549024 -18.7469 -2.35283 0.00200784 0.00123402 0.000773826 0 0 
697 0.549005 -19.7567 -2.2642 0.00200638 0.0011428 0.000863576 0 0 
698 0.548984 -20.7285 -2.17121 0.00200561 0.00105086 0.000954749 0 0 
699 0.548962 -21.6604 -2.07404 0.00200555 0.000958908 0.00104664 0 0 
700 0.54894 -22.5505 -1.97288 0.0020062 0.000867647 0.00113855 0 0 
701 0.548916 -23.3972 -1.86792 0.00200755 0.000777783 0.00122977 0 0 
702 0.548892 -24.1989 -1.75937 0.0020096 0.000690007 0.00131959 0 0 
703 0.548867 -24.954 -1.64742 0.00201232 0.000604994 0.00140733 0 0 
704 0.548842 -25.6611 -1.53231 0.0020157 0.000523398 0.0014923 0 0 
705 0.548815 -26.3187 -1.41424 0.0020197 0.000445849 0.00157385 0 0 
706 0.548788 -26.9257 -1.29345 0.00202431 0.000372943 0.00165137 0 0 
707 0.548761 -27.4808 -1.17017 0.00202948 0.00030524 0.00172424 0 0 
708 0.548733 -27.983 -1.04464 0.00203517 0.000243263 0.00179191 0 0 
709 0.548704 -28.4314 -0.917099 0.00204134 0.000187488 0.00185385 0 0 
710 0.548676 -28.825 -0.78779 0.00204795 0.000138345 0.0019096 0 0 
711 0.548646 -29.1631 -0.656965 0.00205493 9.62111e-05 0.00195872 0 0 
712 0.548617 -29.445 -0.524874 0.00206225 6.14118e-05 0.00200084 0 0 
713 0.548587 -29.6703 -0.391773 0.00206983 3.42145e-05 0.00203562 0 0 
714 0.548557 -29.8384 -0.257918 0.00207763 1.48288e-05 0.0020628 0 0 
715 0.548528 -29.9491 -0.123566 0.00208558 3.40362e-06 0.00208218 0 0 
716 0.548498 -30.0022 0.0110234 0.00209363 2.70876e-08 0.0020936 0 0 
717 0.548468 -29.9974 0.145592 0.0021017 4.72515e-06 0.00209697 0 0 
718 0.548438 -29.935 0.27988 0.00210974 1.74616e-05 0.00209228 0 0 
719 0.548408 -29.8148 0.413629 0.00211769 3.81385e-05 0.00207955 0 0 
720 0.548378 -29.6373 0.546582 0.00212548 6.65966e-05 0.00205888 0 0 
721 0.548349 -29.4027 0.678483 0.00213305 0.000102617 0.00203044 0 0 
722 0.54832 -29.1115 0.809077 0.00214035 0.000145922 0.00199443 0 0 
723 0.548291 -28.7643 0.938114 0.00214733 0.000196179 0.00195115 0 0 
724 0.548263 -28.3617 1.06534 0.00215392 0.000253 0.00190092 0 0 
725 0.548235 -27.9044 1.19052 0.00216007 0.000315949 0.00184412 0 0 
726 0.548207 -27.3935 1.31341 0.00216574 0.00038454 0.0017812 0 0 
727 0.54818 -26.8298 1.43377 0.00217089 0.000458247 0.00171264 0 0 
728 0.548154 -26.2144 1.55137 0.00217547 0.0005365 0.00163897 0 0 
729 0.548129 -25.5486 1.66598 0.00217946 0.000618699 0.00156076 0 0 
730 0.548104 -24.8336 1.77738 0.00218281 0.00070421 0.0014786 0 0 
731 0.54808 -24.0708 1.88536 0.0021855 0.000792375 0.00139313 0 0 
732 0.548056 -23.2616 1.98971 0.00218752 0.000882516 0.00130501 0 0 
733 0.548034 -22.4077 2.09024 0.00218885 0.000973938 0.00121491 0 0 
734 0.548013 -21.5106 2.18673 0.00218947 0.00106594 0.00112353 0 0 
735 0.547992 -20.572 2.27902 0.00218938 0.00115781 0.00103158 0 0 
736 0.547972 -19.5939 2.36692 0.00218859 0.00124884 0.00093975 0 0 
737 0.547954 -18.5781 2.45026 0.00218709 0.00133833 0.000848762 0 0 
738 0.547936 -17.5265 2.52888 0.00218491 0.0014256 0.000759311 0 0 
739 0.54792 -16.4411 2.60264 0.00218205 0.00150997 0.000672086 0 0 
740 0.547905 -15.3241 2.67138 0.00217855 0.00159079 0.000587759 0 0 
741 0.54789 -14.1776 2.73498 0.00217441 0.00166744 0.000506978 0 0 
742 0.547877 -13.0038 2.79332 0.00216969 0.00173933 0.000430366 0 0 
743 0.547866 -11.8049 2.84627 0.00216441 0.0018059 0.000358512 0 0 
744 0.547855 -10.5833 2.89375 0.00215862 0.00186665 0.000291969 0 0 
745 0.547846 -9.34139 2.93565 0.00215235 0.0019211 0.00023125 0 0 
746 0.547838 -8.08146 2.97191 0.00214567 0.00196885 0.000176821 0 0 
747 0.547831 -6.80596 3.00244 0.00213861 0.00200951 0.000129102 0 0 
748 0.547825 -5.51736 3.02719 0.00213123 0.00204277 8.84609e-05 0 0 
749 0.547821 -4.21813 3.04611 0.0021236 0.00206839 5.52093e-05 0 0 
750 0.547818 -2.91079 3.05917 0.00211577 0.00208616 2.96036e-05 0 0 
751 0.547816 -1.59784 3.06634 0.00210779 0.00209595 1.18409e-05 0 0 
752 0.547816 -0.281816 3.0676 0.00209974 0.00209768 2.05804e-06 0 0 
753 0.547817 1.03475 3.06296 0.00209167 0.00209134 3.30227e-07 0 0 
754 0.54782 2.34933 3.05242 0.00208364 0.00207697 6.67079e-06 0 0 
755 0.547823 3.65938 3.03601 0.00207572 0.00205469 2.10309e-05 0 0 
756 0.547828 4.96239 3.01375 0.00206797 0.00202467 4.33001e-05 0 0 
757 0.547834 6.25584 2.98568 0.00206044 0.00198714 7.33068e-05 0 0 
758 0.547842 7.53725 2.95187 0.0020532 0.00194238 0.00011082 0 0 
759 0.547851 8.80415 2.91237 0.00204631 0.00189075 0.000155551 0 0 
760 0.547861 10.0541 2.86727 0.0020398 0.00183264 0.000207156 0 0 
761 0.547872 11.2847 2.81665 0.00203374 0.0017685 0.000265237 0 0 
762 0.547885 12.4935 2.7606 0.00202817 0.00169882 0.000329348 0 0 
763 0.547898 13.6783 2.69924 0.00202314 0.00162414 0.000398994 0 0 
764 0.547913 14.8368 2.63268 0.00201867 0.00154503 0.000473639 0 0 
765 0.547929 15.9667 2.56106 0.00201482 0.00146211 0.00055271 0 0 
766 0.547946 17.0659 2.4845 0.0020116 0.001376 0.000635597 0 0 
767 0.547964 18.1322 2.40316 0.00200904 0.00128738 0.000721663 0 0 
768 0.547983 19.1636 2.31719 0.00200716 0.00119692 0.000810244 0 0 
769 0.548004 20.1581 2.22676 0.00200598 0.00110532 0.000900659 0 0 
770 0.548025 21.1138 2.13204 0.0020055 0.00101329 0.000992213 0 0 
771 0.548047 22.0288 2.03322 0.00200573 0.000921532 0.0010842 0 0 
772 0.54807 22.9015 1.93049 0.00200667 0.000830758 0.00117591 0 0 
773 0.548093 23.73 1.82403 0.00200831 0.000741663 0.00126664 0 0 
774 0.548118 24.5128 1.71407 0.00201063 0.000654934 0.00135569 0 0 
775 0.548143 25.2485 1.6008 0.00201362 0.000571238 0.00144238 0 0 
776 0.548169 25.9355 1.48446 0.00201726 0.00049122 0.00152604 0 0 
777 0.548196 26.5726 1.36525 0.00202151 0.000415496 0.00160602 0 0 
778 0.548223 27.1586 1.24342 0.00202635 0.000344648 0.0016817 0 0 
779 0.548251 27.6922 1.11919 0.00203174 0.000279222 0.00175252 0 0 
780 0.548279 28.1726 0.99281 0.00203763 0.000219722 0.00181791 0 0 
781 0.548307 28.5987 0.864516 0.00204399 0.000166605 0.00187738 0 0 
782 0.548336 28.9697 0.734558 0.00205076 0.00012028 0.00193048 0 0 
783 0.548366 29.285 0.603185 0.00205788 8.1104e-05 0.00197678 0 0 
784 0.548395 29.5439 0.470652 0.00206531 4.93787e-05 0.00201593 0 0 
785 0.548425 29.7459 0.337212 0.00207299 2.53482e-05 0.00204765 0 0 
786 0.548455 29.8906 0.203123 0.00208086 9.19724e-06 0.00207166 0 0 
787 0.548485 29.9778 0.0686425 0.00208886 1.05033e-06 0.00208781 0 0 
788 0.548515 30.0072 -0.0659699 0.00209692 9.70137e-07 0.00209595 0 0 
789 0.548545 29.9789 -0.200455 0.00210499 8.95727e-06 0.00209603 0 0 
790 0.548575 29.8929 -0.334555 0.002113 2.49503e-05 0.00208805 0 0 
791 0.548604 29.7493 -0.46801 0.00212089 4.8826e-05 0.00207206 0 0 
792 0.548634 29.5484 -0.600564 0.0021286 8.04007e-05 0.0020482 0 0 
793 0.548663 29.2907 -0.731962 0.00213607 0.000119431 0.00201664 0 0 
794 0.548692 28.9765 -0.861951 0.00214324 0.000165617 0.00197763 0 0 
795 0.548721 28.6066 -0.99028 0.00215007 0.000218603 0.00193146 0 0 
796 0.548749 28.1816 -1.1167 0.00215648 0.000277981 0.0018785 0 0 
797 0.548777 27.7023 -1.24098 0.00216245 0.000343295 0.00181915 0 0 
798 0.548804 27.1697 -1.36286 0.00216791 0.00041404 0.00175387 0 0 
799 0.54883 26.5848 -1.48212 0.00217283 0.000489673 0.00168316 0 0 
800 0.548856 25.9487 -1.59852 0.00217717 0.000569612 0.00160756 0 0 
801 0.548882 25.2626 -1.71185 0.0021809 0.00065324 0.00152766 0 0 
802 0.548906 24.5279 -1.82188 0.00218399 0.000739915 0.00144407 0 0 
803 0.54893 23.746 -1.92841 0.00218641 0.00082897 0.00135744 0 0 
804 0.548953 22.9183 -2.03122 0.00218815 0.000919718 0.00126843 0 0 
805 0.548975 22.0466 -2.13012 0.00218919 0.00101146 0.00117772 0 0 
806 0.548996 21.1324 -2.22492 0.00218952 0.00110349 0.00108603 0 0 
807 0.549016 20.1775 -2.31544 0.00218914 0.00119511 0.000994037 0 0 
808 0.549035 19.1837 -2.4015 0.00218806 0.00128559 0.000902469 0 0 
809 0.549053 18.153 -2.48293 0.00218629 0.00137426 0.000812024 0 0 
810 0.549071 17.0874 -2.55958 0.00218382 0.00146043 0.000723399 0 0 
811 0.549087 15.9889 -2.63131 0.0021807 0.00154342 0.000637278 0 0 
812 0.549101 14.8595 -2.69797 0.00217693 0.00162261 0.000554321 0 0 
813 0.549115 13.7016 -2.75944 0.00217256 0.00169739 0.000475168 0 0 
814 0.549128 12.5173 -2.81559 0.0021676 0.00176717 0.000400429 0 0 
815 0.549139 11.3089 -2.86632 0.00216211 0.00183143 0.000330678 0 0 
816 0.549149 10.0787 -2.91153 0.00215611 0.00188966 0.000266453 0 0 
817 0.549158 8.82914 -2.95114 0.00214967 0.00194142 0.000208248 0 0 
818 0.549165 7.56255 -2.98507 0.00214283 0.00198632 0.000156511 0 0 
819 0.549172 6.28141 -3.01324 0.00213563 0.00202399 0.000111639 0 0 
820 0.549177 4.98817 -3.03562 0.00212815 0.00205417 7.39795e-05 0 0 
821 0.54918 3.68533 -3.05215 0.00212042 0.0020766 4.38213e-05 0 0 
822 0.549183 2.37539 -3.06281 0.00211252 0.00209113 2.13966e-05 0 0 
823 0.549184 1.06088 -3.06757 0.00210451 0.00209763 6.87816e-06 0 0 
824 0.549184 -0.25567 -3.06642 0.00209644 0.00209606 3.77674e-07 0 0 
825 0.549182 -1.57173 -3.05937 0.00208838 0.00208644 1.9452e-06 0 0 
826 0.549179 -2.88477 -3.04643 0.00208039 0.00206882 1.15687e-05 0 0 
827 0.549175 -4.19225 -3.02762 0.00207253 0.00204336 2.9174e-05 0 0 
828 0.549169 -5.49166 -3.00299 0.00206487 0.00201024 5.46257e-05 0 0 
829 0.549163 -6.78049 -2.97257 0.00205745 0.00196972 8.77278e-05 0 0 
830 0.549155 -8.05627 -2.93643 0.00205034 0.00192212 0.000128225 0 0 
831 0.549145 -9.31654 -2.89464 0.0020436 0.00186779 0.000175807 0 0 
832 0.549135 -10.5589 -2.84727 0.00203727 0.00180716 0.000230106 0 0 
833 0.549123 -11.7809 -2.79442 0.00203141 0.0017407 0.000290705 0 0 
834 0.54911 -12.9802 -2.73619 0.00202605 0.00166891 0.000357137 0 0 
835 0.549096 -14.1545 -2.67269 0.00202124 0.00159235 0.000428891 0 0 
836 0.54908 -15.3016 -2.60405 0.00201702 0.00151161 0.000505415 0 0 
837 0.549064 -16.4192 -2.53039 0.00201342 0.00142731 0.000586118 0 0 
838 0.549047 -17.5052 -2.45187 0.00201047 0.00134009 0.000670381 0 0 
839 0.549028 -18.5575 -2.36862 0.00200819 0.00125063 0.000757555 0 0 
840 0.549008 -19.5741 -2.28081 0.00200659 0.00115963 0.000846968 0 0 
841 0.548988 -20.553 -2.18861 0.0020057 0.00106777 0.000937933 0 0 
842 0.548966 -21.4923 -2.09219 0.00200551 0.000975761 0.00102975 0 0 
843 0.548944 -22.3903 -1.99175 0.00200603 0.000884321 0.00112171 0 0 
844 0.548921 -23.2451 -1.88747 0.00200725 0.000794148 0.0012131 0 0 
845 0.548897 -24.0552 -1.77956 0.00200917 0.000705937 0.00130323 0 0 
846 0.548872 -24.8189 -1.66822 0.00201177 0.000620367 0.0013914 0 0 
847 0.548846 -25.5349 -1.55367 0.00201503 0.000538096 0.00147693 0 0 
848 0.54882 -26.2017 -1.43613 0.00201892 0.000459758 0.00155916 0 0 
849 0.548793 -26.8181 -1.31583 0.00202342 0.000385956 0.00163746 0 0 
850 0.548766 -27.3828 -1.19299 0.00202849 0.000317258 0.00171123 0 0 
851 0.548738 -27.8948 -1.06785 0.00203409 0.000254192 0.0017799 0 0 
852 0.54871 -28.3531 -0.940659 0.00204017 0.000197245 0.00184293 0 0 
853 0.548681 -28.7568 -0.811656 0.0020467 0.000146854 0.00189985 0 0 
854 0.548652 -29.1052 -0.68109 0.00205362 0.000103407 0.00195022 0 0 
855 0.548622 -29.3975 -0.549213 0.00206088 6.72391e-05 0.00199364 0 0 
856 0.548593 -29.6332 -0.416278 0.00206842 3.86285e-05 0.00202979 0 0 
857 0.548563 -29.8119 -0.282542 0.00207619 1.77954e-05 0.00205839 0 0 
858 0.548533 -29.9331 -0.148262 0.00208411 4.90005e-06 0.00207921 0 0 
859 0.548503 -29.9968 -0.0136965 0.00209214 4.18178e-08 0.0020921 0 0 
860 0.548473 -30.0026 0.120895 0.00210022 3.25807e-06 0.00209696 0 0 
861 0.548443 -29.9508 0.255254 0.00210827 1.4524e-05 0.00209374 0 0 
862 0.548413 -29.8412 0.389122 0.00211624 3.3753e-05 0.00208248 0 0 
863 0.548384 -29.6742 0.52224 0.00212406 6.0797e-05 0.00206326 0 0 
864 0.548354 -29.4501 0.654353 0.00213168 9.54477e-05 0.00203623 0 0 
865 0.548325 -29.1692 0.785207 0.00213904 0.000137439 0.0020016 0 0 
866 0.548296 -28.8322 0.914548 0.00214607 0.000186446 0.00195963 0 0 
867 0.548268 -28.4397 1.04213 0.00215274 0.000242094 0.00191064 0 0 
868 0.54824 -27.9924 1.1677 0.00215898 0.000303952 0.00185502 0 0 
869 0.548212 -27.4913 1.29103 0.00216474 0.000371546 0.00179319 0 0 
870 0.548185 -26.9372 1.41187 0.00216999 0.000444354 0.00172563 0 0 
871 0.548159 -26.3312 1.52999 0.00217468 0.000521817 0.00165286 0 0 
872 0.548133 -25.6746 1.64517 0.00217877 0.000603338 0.00157543 0 0 
873 0.548108 -24.9685 1.75718 0.00218224 0.00068829 0.00149395 0 0 
874 0.548084 -24.2144 1.8658 0.00218506 0.000776018 0.00140904 0 0 
875 0.548061 -23.4136 1.97083 0.0021872 0.000865847 0.00132136 0 0 
876 0.548038 -22.5677 2.07207 0.00218866 0.000957086 0.00123157 0 0 
877 0.548016 -21.6784 2.16932 0.00218941 0.00104903 0.00114037 0 0 
878 0.547996 -20.7474 2.2624 0.00218945 0.00114098 0.00104847 0 0 
879 0.547976 -19.7764 2.35111 0.00218879 0.00123222 0.000956569 0 0 
880 0.547957 -18.7674 2.4353 0.00218742 0.00132205 0.000865375 0 0 
881 0.547939 -17.7222 2.5148 0.00218536 0.00140977 0.00077559 0 0 
882 0.547923 -16.6428 2.58946 0.00218263 0.00149472 0.000687905 0 0 
883 0.547907 -15.5315 2.65914 0.00217924 0.00157624 0.000602996 0 0 
884 0.547893 -14.3902 2.72369 0.00217522 0.0016537 0.000521517 0 0 
885 0.54788 -13.2213 2.783 0.0021706 0.00172651 0.000444094 0 0 
886 0.547868 -12.0268 2.83696 0.00216542 0.0017941 0.000371324 0 0 
887 0.547857 -10.8093 2.88545 0.00215972 0.00185595 0.000303766 0 0 
888 0.547847 -9.57086 2.92838 0.00215354 0.0019116 0.000241941 0 0 
889 0.547839 -8.31405 2.96568 0.00214692 0.0019606 0.000186324 0 0 
890 0.547832 -7.04123 2.99727 0.00213993 0.00200259 0.000137344 0 0 
891 0.547826 -5.75485 3.02308 0.00213261 0.00203723 9.53782e-05 0 0 
892 0.547822 -4.45739 3.04308 0.00212502 0.00206427 6.07487e-05 0 0 
893 0.547818 -3.15134 3.05721 0.00211722 0.0020835 3.37225e-05 0 0 
894 0.547817 -1.83923 3.06547 0.00210926 0.00209476 1.45077e-05 0 0 
895 0.547816 -0.523584 3.06781 0.00210122 0.00209797 3.25205e-06 0 0 
896 0.547817 0.793074 3.06426 0.00209315 0.0020931 4.23039e-08 0 0 
897 0.547819 2.10821 3.0548 0.00208511 0.0020802 4.90315e-06 0 0 
898 0.547822 3.41928 3.03946 0.00207716 0.00205937 1.77972e-05 0 0 
899 0.547827 4.72377 3.01827 0.00206938 0.00203075 3.86251e-05 0 0 
900 0.547833 6.01916 2.99127 0.00206181 0.00199458 6.72266e-05 0 0 
901 0.547841 7.30297 2.95851 0.00205451 0.00195113 0.000103382 0 0 
902 0.547849 8.57271 2.92005 0.00204754 0.00190073 0.000146812 0 0 
903 0.547859 9.82595 2.87597 0.00204096 0.00184378 0.000197183 0 0 
904 0.54787 11.0603 2.82635 0.00203482 0.00178071 0.000254107 0 0 
905 0.547882 12.2733 2.7713 0.00202916 0.00171201 0.000317145 0 0 
906 0.547896 13.4627 2.7109 0.00202402 0.0016382 0.000385814 0 0 
907 0.54791 14.6262 2.64529 0.00201945 0.00155986 0.000459584 0 0 
908 0.547926 15.7615 2.57458 0.00201548 0.00147759 0.000537887 0 0 
909 0.547943 16.8665 2.49892 0.00201214 0.00139202 0.00062012 0 0 
910 0.547961 17.939 2.41845 0.00200946 0.00130381 0.000705651 0 0 
911 0.54798 18.9769 2.33331 0.00200745 0.00121363 0.000793821 0 0 
912 0.548 19.9783 2.24369 0.00200614 0.00112219 0.000883951 0 0 
913 0.548021 20.9413 2.14975 0.00200554 0.00103019 0.000975348 0 0 
914 0.548043 21.8639 2.05167 0.00200564 0.000938328 0.00106731 0 0 
915 0.548065 22.7445 1.94964 0.00200644 0.000847321 0.00115912 0 0 
916 0.548089 23.5812 1.84385 0.00200795 0.000757866 0.00125009 0 0 
917 0.548113 24.3726 1.73452 0.00201015 0.000670651 0.0013395 0 0 
918 0.548138 25.117 1.62184 0.00201302 0.00058635 0.00142667 0 0 
919 0.548164 25.8131 1.50604 0.00201654 0.00050561 0.00151093 0 0 
920 0.548191 26.4595 1.38735 0.00202069 0.000429052 0.00159163 0 0 
921 0.548218 27.0549 1.26598 0.00202542 0.000357267 0.00166815 0 0 
922 0.548245 27.5982 1.14217 0.00203071 0.000290806 0.00173991 0 0 
923 0.548273 28.0884 1.01617 0.00203652 0.000230182 0.00180633 0 0 
924 0.548302 28.5245 0.888206 0.00204279 0.00017586 0.00186693 0 0 
925 0.548331 28.9058 0.758535 0.00204948 0.00012826 0.00192122 0 0 
926 0.54836 29.2313 0.627403 0.00205655 8.77474e-05 0.0019688 0 0 
927 0.54839 29.5006 0.495064 0.00206393 5.46339e-05 0.00200929 0 0 
928 0.548419 29.713 0.361771 0.00207157 2.91748e-05 0.00204239 0 0 
929 0.548449 29.8683 0.227782 0.00207941 1.15659e-05 0.00206784 0 0 
930 0.548479 29.9661 0.0933537 0.00208738 1.94269e-06 0.00208544 0 0 
931 0.548509 30.0061 -0.0412538 0.00209544 3.79375e-07 0.00209506 0 0 
932 0.548539 29.9884 -0.175782 0.00210351 6.88794e-06 0.00209662 0 0 
933 0.548569 29.913 -0.309972 0.00211153 2.14183e-05 0.00209012 0 0 
934 0.548599 29.78 -0.443565 0.00211945 4.38586e-05 0.00207559 0 0 
935 0.548628 29.5896 -0.576303 0.0021272 7.4036e-05 0.00205316 0 0 
936 0.548658 29.3422 -0.707933 0.00213472 0.000111718 0.002023 0 0 
937 0.548687 29.0384 -0.838199 0.00214195 0.000156616 0.00198534 0 0 
938 0.548716 28.6787 -0.966852 0.00214884 0.000208382 0.00194046 0 0 
939 0.548744 28.2637 -1.09364 0.00215534 0.000266619 0.00188872 0 0 
940 0.548772 27.7943 -1.21833 0.00216139 0.000330879 0.00183051 0 0 
941 0.548799 27.2714 -1.34067 0.00216695 0.000400666 0.00176628 0 0 
942 0.548826 26.6961 -1.46043 0.00217197 0.000475445 0.00169653 0 0 
943 0.548852 26.0693 -1.57737 0.00217642 0.000554638 0.00162178 0 0 
944 0.548877 25.3923 -1.69128 0.00218027 0.000637636 0.00154263 0 0 
945 0.548902 24.6664 -1.80194 0.00218347 0.000723802 0.00145967 0 0 
946 0.548926 23.893 -1.90912 0.00218602 0.00081247 0.00137355 0 0 
947 0.548949 23.0737 -2.01263 0.00218788 0.000902959 0.00128492 0 0 
948 0.548971 22.2099 -2.11226 0.00218905 0.000994573 0.00119448 0 0 
949 0.548992 21.3033 -2.20783 0.00218951 0.0010866 0.00110291 0 0 
950 0.549013 20.3558 -2.29915 0.00218927 0.00117835 0.00101092 0 0 
951 0.549032 19.369 -2.38603 0.00218831 0.0012691 0.000919219 0 0 
952 0.54905 18.345 -2.46833 0.00218666 0.00135815 0.000828516 0 0 
953 0.549068 17.2856 -2.54587 0.00218433 0.00144482 0.000739505 0 0 
954 0.549084 16.1929 -2.61851 0.00218132 0.00152845 0.000652874 0 0 
955 0.549099 15.0691 -2.68611 0.00217767 0.00160838 0.000569287 0 0 
956 0.549113 13.9163 -2.74854 0.0021734 0.00168401 0.00048939 0 0 
957 0.549125 12.7367 -2.80568 0.00216855 0.00175476 0.000413796 0 0 
958 0.549137 11.5325 -2.85741 0.00216315 0.00182007 0.000343088 0 0 
959 0.549147 10.3061 -2.90365 0.00215725 0.00187944 0.000277809 0 0 
960 0.549156 9.05994 -2.94429 0.00215089 0.00193242 0.000218464 0 0 
961 0.549164 7.79629 -2.97927 0.00214411 0.0019786 0.000165507 0 0 
962 0.549171 6.51764 -3.0085 0.00213698 0.00201763 0.000119348 0 0 
963 0.549176 5.22643 -3.03195 0.00212954 0.0020492 8.03403e-05 0 0 
964 0.54918 3.92517 -3.04956 0.00212186 0.00207307 4.87854e-05 0 0 
965 0.549182 2.61635 -3.06129 0.00211399 0.00208906 2.4926e-05 0 0 
966 0.549184 1.30249 -3.06714 0.00210599 0.00209704 8.94559e-06 0 0 
967 0.549184 -0.0138822 -3.06707 0.00209792 0.00209696 9.67241e-07 0 0 
968 0.549182 -1.33022 -3.06111 0.00208986 0.00208881 1.05236e-06 0 0 
969 0.54918 -2.644 -3.04925 0.00208185 0.00207265 9.20028e-06 0 0 
970 0.549176 -3.95269 -3.03151 0.00207396 0.00204861 2.53483e-05 0 0 
971 0.549171 -5.25377 -3.00795 0.00206626 0.00201688 4.93721e-05 0 0 
972 0.549164 -6.54474 -2.97859 0.00205879 0.0019777 8.10868e-05 0 0 
973 0.549156 -7.8231 -2.94349 0.00205162 0.00193137 0.000120248 0 0 
974 0.549147 -9.0864 -2.90273 0.00204481 0.00187825 0.000166555 0 0 
975 0.549137 -10.3322 -2.85638 0.0020384 0.00181875 0.00021965 0 0 
976 0.549125 -11.5581 -2.80453 0.00203245 0.00175332 0.000279126 0 0 
977 0.549112 -12.7618 -2.74728 0.00202699 0.00168247 0.000344524 0 0 
978 0.549098 -13.9409 -2.68474 0.00202208 0.00160674 0.000415341 0 0 
979 0.549083 -15.0931 -2.61703 0.00201775 0.00152672 0.000491032 0 0 
980 0.549067 -16.2163 -2.54429 0.00201404 0.00144302 0.000571014 0 0 
981 0.54905 -17.3083 -2.46664 0.00201096 0.00135629 0.000654671 0 0 
982 0.549031 -18.3669 -2.38425 0.00200856 0.0012672 0.00074136 0 0 
983 0.549012 -19.3902 -2.29726 0.00200683 0.00117642 0.000830413 0 0 
984 0.548992 -20.3762 -2.20586 0.00200581 0.00108466 0.000921145 0 0 
985 0.54897 -21.3229 -2.1102 0.00200549 0.000992634 0.00101286 0 0 
986 0.548948 -22.2286 -2.01049 0.00200588 0.000901037 0.00110484 0 0 
987 0.548925 -23.0914 -1.9069 0.00200698 0.000810579 0.0011964 0 0 
988 0.548901 -23.9098 -1.79964 0.00200877 0.000721957 0.00128681 0 0 
989 0.548876 -24.6822 -1.68891 0.00201124 0.000635851 0.00137539 0 0 
990 0.548851 -25.4071 -1.57494 0.00201438 0.000552927 0.00146145 0 0 
991 0.548825 -26.083 -1.45793 0.00201816 0.00047382 0.00154434 0 0 
992 0.548798 -26.7087 -1.33811 0.00202255 0.000399142 0.00162341 0 0 
993 0.548771 -27.283 -1.21572 0.00202752 0.000329465 0.00169805 0 0 
994 0.548743 -27.8048 -1.09099 0.00203302 0.000265328 0.00176769 0 0 
995 0.548715 -28.273 -0.964157 0.00203902 0.000207222 0.0018318 0 0 
996 0.548686 -28.6868 -0.835468 0.00204547 0.000155597 0.00188988 0 0 
997 0.548657 -29.0454 -0.70517 0.00205233 0.000110848 0.00194148 0 0 
998 0.548628 -29.348 -0.573515 0.00205953 7.33214e-05 0.00198621 0 0 
999 0.548598 -29.5942 -0.440756 0.00206702 4.33048e-05 0.00202371 0 0 
1000 0.548568 -29.7834 -0.307147 0.00207475 2.10298e-05 0.00205372 0 0 
1001 0.548539 -29.9152 -0.172948 0.00208265 6.66763e-06 0.00207598 0 0 
1002 0.548509 -29.9894 -0.0384155 0.00209066 3.28968e-07 0.00209034 0 0 
1003 0.548479 -30.0059 0.0961909 0.00209873 2.06257e-06 0.00209667 0 0 
1004 0.548449 -29.9646 0.230612 0.00210679 1.18551e-05 0.00209494 0 0 
1005 0.548419 -29.8656 0.364589 0.00211478 2.96312e-05 0.00208515 0 0 
1006 0.548389 -29.7092 0.497865 0.00212264 5.52539e-05 0.00206738 0 0 
1007 0.54836 -29.4955 0.630181 0.0021303 8.85262e-05 0.00204177 0 0 
1008 0.54833 -29.225 0.761285 0.00213771 0.000129192 0.00200852 0 0 
1009 0.548301 -28.8983 0.890923 0.00214481 0.000176938 0.00196787 0 0 
1010 0.548273 -28.5159 1.01884 0.00215154 0.000231397 0.00192015 0 0 
1011 0.548245 -28.0786 1.14481 0.00215786 0.000292149 0.00186571 0 0 
1012 0.548217 -27.5873 1.26856 0.00216372 0.000358727 0.00180499 0 0 
1013 0.54819 -27.0429 1.38988 0.00216906 0.000430619 0.00173845 0 0 
1014 0.548164 -26.4463 1.50851 0.00217386 0.000507271 0.00166659 0 0 
1015 0.548138 -25.7989 1.62425 0.00217807 0.000588093 0.00158997 0 0 
1016 0.548113 -25.1018 1.73686 0.00218165 0.000672463 0.00150919 0 0 
1017 0.548088 -24.3564 1.84612 0.00218459 0.000759731 0.00142486 0 0 
1018 0.548065 -23.5641 1.95183 0.00218686 0.000849226 0.00133763 0 0 
1019 0.548042 -22.7264 2.05378 0.00218844 0.000940259 0.00124818 0 0 
1020 0.54802 -21.8449 2.15177 0.00218932 0.00103213 0.00115719 0 0 
1021 0.547999 -20.9214 2.24563 0.0021895 0.00112413 0.00106537 0 0 
1022 0.547979 -19.9576 2.33516 0.00218896 0.00121555 0.000973413 0 0 
1023 0.547961 -18.9554 2.42019 0.00218772 0.00130569 0.000882035 0 0 
1024 0.547943 -17.9167 2.50057 0.00218579 0.00139385 0.000791939 0 0 
1025 0.547926 -16.8435 2.57612 0.00218318 0.00147936 0.000703818 0 0 
1026 0.54791 -15.7379 2.64672 0.00217991 0.00156156 0.00061835 0 0 
1027 0.547895 -14.6019 2.71223 0.002176 0.00163981 0.000536193 0 0 
1028 0.547882 -13.4379 2.77251 0.00217149 0.00171351 0.000457979 0 0 
1029 0.54787 -12.248 2.82746 0.00216641 0.0017821 0.000384312 0 0 
1030 0.547859 -11.0345 2.87696 0.0021608 0.00184505 0.000315756 0 0 
1031 0.547849 -9.79971 2.92092 0.00215471 0.00190186 0.000252842 0 0 
1032 0.54784 -8.5461 2.95926 0.00214817 0.00195212 0.000196051 0 0 
1033 0.547833 -7.27603 2.9919 0.00214124 0.00199542 0.000145823 0 0 
1034 0.547827 -5.99196 3.01878 0.00213398 0.00203143 0.000102543 0 0 
1035 0.547822 -4.69635 3.03984 0.00212643 0.00205989 6.65447e-05 0 0 
1036 0.547819 -3.39169 3.05506 0.00211866 0.00208056 3.8105e-05 0 0 
1037 0.547817 -2.08051 3.06439 0.00211073 0.00209329 1.7443e-05 0 0 
1038 0.547816 -0.765319 3.06783 0.0021027 0.00209798 4.71751e-06 0 0 
1039 0.547817 0.551344 3.06535 0.00209463 0.0020946 2.66699e-08 0 0 
1040 0.547819 1.86695 3.05698 0.00208658 0.00208317 3.40653e-06 0 0 
1041 0.547822 3.17895 3.04272 0.00207861 0.00206378 1.48311e-05 0 0 
1042 0.547826 4.48484 3.0226 0.00207079 0.00203658 3.42124e-05 0 0 
1043 0.547832 5.78209 2.99666 0.00206318 0.00200178 6.14013e-05 0 0 
1044 0.547839 7.06821 2.96495 0.00205583 0.00195964 9.61884e-05 0 0 
1045 0.547847 8.34072 2.92753 0.0020488 0.00191049 0.000138306 0 0 
1046 0.547857 9.59718 2.88448 0.00204214 0.00185471 0.00018743 0 0 
1047 0.547868 10.8351 2.83587 0.00203591 0.00179273 0.000243182 0 0 
1048 0.54788 12.0523 2.78181 0.00203016 0.00172502 0.000305133 0 0 
1049 0.547893 13.2462 2.72239 0.00202492 0.00165211 0.000372806 0 0 
1050 0.547908 14.4146 2.65772 0.00202024 0.00157456 0.000445681 0 0 
1051 0.547923 15.5552 2.58794 0.00201616 0.00149296 0.000523195 0 0 
1052 0.54794 16.6659 2.51318 0.0020127 0.00140795 0.000604754 0 0 
1053 0.547958 17.7446 2.43358 0.0020099 0.00132017 0.000689728 0 0 
1054 0.547976 18.789 2.34929 0.00200777 0.00123031 0.000777463 0 0 
1055 0.547996 19.7973 2.26048 0.00200633 0.00113905 0.000867285 0 0 
1056 0.548017 20.7674 2.16732 0.00200559 0.00104709 0.000958502 0 0 
1057 0.548039 21.6976 2.06998 0.00200556 0.000955153 0.00105041 0 0 
1058 0.548061 22.586 1.96866 0.00200624 0.000863936 0.00114231 0 0 
1059 0.548085 23.4309 1.86355 0.00200762 0.000774144 0.00123348 0 0 
1060 0.548109 24.2308 1.75485 0.0020097 0.000686467 0.00132323 0 0 
1061 0.548134 24.9839 1.64277 0.00201244 0.000601582 0.00141086 0 0 
1062 0.548159 25.689 1.52753 0.00201585 0.00052014 0.00149571 0 0 
1063 0.548186 26.3445 1.40935 0.00201988 0.000442769 0.00157711 0 0 
1064 0.548213 26.9494 1.28845 0.00202451 0.000370065 0.00165444 0 0 
1065 0.54824 27.5024 1.16508 0.0020297 0.000302587 0.00172711 0 0 
1066 0.548268 28.0024 1.03946 0.00203541 0.000240855 0.00179456 0 0 
1067 0.548297 28.4486 0.911838 0.0020416 0.000185343 0.00185626 0 0 
1068 0.548326 28.8399 0.782462 0.00204823 0.00013648 0.00191175 0 0 
1069 0.548355 29.1757 0.65158 0.00205523 9.46403e-05 0.00196059 0 0 
1070 0.548384 29.4554 0.519443 0.00206255 6.01474e-05 0.00200241 0 0 
1071 0.548414 29.6783 0.386306 0.00207015 3.32663e-05 0.00203688 0 0 
1072 0.548444 29.8441 0.252426 0.00207795 1.42039e-05 0.00206375 0 0 
1073 0.548474 29.9524 0.118059 0.00208591 3.10698e-06 0.0020828 0 0 
1074 0.548504 30.0031 -0.016535 0.00209396 6.09467e-08 0.00209389 0 0 
1075 0.548534 29.996 -0.151097 0.00210203 5.08924e-06 0.00209694 0 0 
1076 0.548564 29.9312 -0.285368 0.00211007 1.81532e-05 0.00209191 0 0 
1077 0.548593 29.8087 -0.41909 0.00211801 3.91522e-05 0.00207886 0 0 
1078 0.548623 29.6288 -0.552005 0.00212579 6.79246e-05 0.00205787 0 0 
1079 0.548652 29.3919 -0.683857 0.00213336 0.000104249 0.00202911 0 0 
1080 0.548682 29.0984 -0.814393 0.00214065 0.000147846 0.0019928 0 0 
1081 0.54871 28.7489 -0.94336 0.0021476 0.000198379 0.00194923 0 0 
1082 0.548739 28.344 -1.07051 0.00215418 0.00025546 0.00189872 0 0 
1083 0.548767 27.8846 -1.1956 0.00216031 0.00031865 0.00184166 0 0 
1084 0.548794 27.3714 -1.31839 0.00216596 0.000387461 0.0017785 0 0 
1085 0.548821 26.8056 -1.43864 0.00217109 0.000461365 0.00170973 0 0 
1086 0.548847 26.1882 -1.55612 0.00217565 0.000539792 0.00163586 0 0 
1087 0.548872 25.5203 -1.6706 0.00217961 0.000622139 0.00155747 0 0 
1088 0.548897 24.8033 -1.78187 0.00218293 0.000707772 0.00147516 0 0 
1089 0.548921 24.0385 -1.88971 0.0021856 0.000796032 0.00138957 0 0 
1090 0.548944 23.2275 -1.99391 0.00218759 0.000886238 0.00130135 0 0 
1091 0.548967 22.3718 -2.09427 0.00218889 0.000977698 0.00121119 0 0 
1092 0.548988 21.4729 -2.19059 0.00218948 0.00106971 0.00111977 0 0 
1093 0.549009 20.5328 -2.2827 0.00218936 0.00116156 0.00102781 0 0 
1094 0.549028 19.5531 -2.37042 0.00218854 0.00125254 0.000936004 0 0 
1095 0.549047 18.5357 -2.45357 0.00218702 0.00134195 0.000845065 0 0 
1096 0.549064 17.4827 -2.532 0.00218481 0.00142912 0.000755691 0 0 
1097 0.549081 16.396 -2.60555 0.00218192 0.00151335 0.000668572 0 0 
1098 0.549096 15.2777 -2.67409 0.00217839 0.00159401 0.000584378 0 0 
1099 0.54911 14.13 -2.73747 0.00217423 0.00167048 0.000503756 0 0 
1100 0.549123 12.9552 -2.79559 0.00216949 0.00174216 0.000427327 0 0 
1101 0.549135 11.7553 -2.84832 0.00216418 0.0018085 0.00035568 0 0 
1102 0.549145 10.5329 -2.89558 0.00215837 0.001869 0.000289366 0 0 
1103 0.549155 9.29015 -2.93725 0.00215209 0.00192319 0.000228895 0 0 
1104 0.549163 8.02952 -2.97327 0.00214538 0.00197065 0.000174733 0 0 
1105 0.54917 6.75344 -3.00357 0.00213831 0.00201102 0.000127297 0 0 
1106 0.549175 5.46436 -3.02808 0.00213093 0.00204397 8.69525e-05 0 0 
1107 0.549179 4.16475 -3.04676 0.00212328 0.00206927 5.40093e-05 0 0 
1108 0.549182 2.85713 -3.05958 0.00211544 0.00208672 2.87212e-05 0 0 
1109 0.549184 1.544 -3.06651 0.00210746 0.00209618 1.1283e-05 0 0 
1110 0.549184 0.227907 -3.06753 0.00209941 0.00209758 1.82886e-06 0 0 
1111 0.549183 -1.08863 -3.06265 0.00209134 0.0020909 4.31542e-07 0 0 
1112 0.54918 -2.40307 -3.05187 0.00208331 0.00207621 7.10182e-06 0 0 
1113 0.549177 -3.71288 -3.03521 0.0020754 0.00205361 2.17883e-05 0 0 
1114 0.549172 -5.01555 -3.01271 0.00206765 0.00202328 4.43781e-05 0 0 
1115 0.549165 -6.30856 -2.98441 0.00206014 0.00198544 7.46971e-05 0 0 
1116 0.549158 -7.58942 -2.95036 0.00205291 0.0019404 0.000112512 0 0 
1117 0.549149 -8.85567 -2.91064 0.00204603 0.0018885 0.000157532 0 0 
1118 0.549139 -10.1049 -2.86531 0.00203954 0.00183013 0.00020941 0 0 
1119 0.549127 -11.3346 -2.81446 0.0020335 0.00176576 0.000267747 0 0 
1120 0.549115 -12.5425 -2.75819 0.00202795 0.00169586 0.000332094 0 0 
1121 0.549101 -13.7263 -2.69662 0.00202294 0.00162099 0.000401956 0 0 
1122 0.549086 -14.8837 -2.62985 0.0020185 0.00154171 0.000476794 0 0 
1123 0.54907 -16.0123 -2.55802 0.00201467 0.00145864 0.000556033 0 0 
1124 0.549053 -17.1102 -2.48126 0.00201148 0.00137242 0.000639063 0 0 
1125 0.549035 -18.1751 -2.39973 0.00200895 0.0012837 0.000725245 0 0 
1126 0.549016 -19.2051 -2.31357 0.0020071 0.00119318 0.000813915 0 0 
1127 0.548996 -20.198 -2.22297 0.00200595 0.00110156 0.00090439 0 0 
1128 0.548974 -21.1521 -2.12808 0.0020055 0.00100952 0.000995975 0 0 
1129 0.548952 -22.0654 -2.02909 0.00200576 0.000917792 0.00108796 0 0 
1130 0.548929 -22.9363 -1.9262 0.00200672 0.000827072 0.00117965 0 0 
1131 0.548906 -23.763 -1.8196 0.00200839 0.000738061 0.00127033 0 0 
1132 0.548881 -24.5439 -1.7095 0.00201074 0.000651443 0.00135929 0 0 
1133 0.548856 -25.2776 -1.5961 0.00201376 0.000567886 0.00144587 0 0 
1134 0.54883 -25.9626 -1.47963 0.00201742 0.000488032 0.00152939 0 0 
1135 0.548803 -26.5976 -1.36031 0.0020217 0.000412496 0.0016092 0 0 
1136 0.548776 -27.1815 -1.23838 0.00202656 0.00034186 0.0016847 0 0 
1137 0.548748 -27.713 -1.11406 0.00203197 0.000276667 0.00175531 0 0 
1138 0.54872 -28.1911 -0.987593 0.00203789 0.000217419 0.00182047 0 0 
1139 0.548692 -28.615 -0.859226 0.00204426 0.000164572 0.00187969 0 0 
1140 0.548663 -28.9837 -0.729205 0.00205104 0.000118533 0.00193251 0 0 
1141 0.548633 -29.2967 -0.59778 0.00205818 7.9657e-05 0.00197852 0 0 
1142 0.548604 -29.5532 -0.465205 0.00206562 4.82424e-05 0.00201738 0 0 
1143 0.548574 -29.7529 -0.331733 0.00207331 2.45312e-05 0.00204878 0 0 
1144 0.548544 -29.8953 -0.197623 0.00208119 8.70592e-06 0.00207248 0 0 
1145 0.548514 -29.9801 -0.063132 0.00208919 8.88465e-07 0.0020883 0 0 
1146 0.548484 -30.0072 0.0714803 0.00209725 1.13897e-06 0.00209611 0 0 
1147 0.548454 -29.9765 0.205955 0.00210532 9.45551e-06 0.00209586 0 0 
1148 0.548424 -29.8881 0.340033 0.00211332 2.57741e-05 0.00208755 0 0 
1149 0.548394 -29.7422 0.473456 0.00212121 4.9969e-05 0.00207124 0 0 
1150 0.548365 -29.539 0.605968 0.00212891 8.18541e-05 0.00204706 0 0 
1151 0.548336 -29.2789 0.737314 0.00213637 0.000121184 0.00201519 0 0 
full duration of calculation: 0.015 sec
