1 1.16172 298.688 299.981 5000.17
2 1.1699 253.935 297.879 5000.35
3 1.18469 257.6 294.156 5000.53
4 1.20333 309.375 289.597 5000.72
5 1.22227 373.96 285.106 5000.9
6 1.23783 406.443 281.521 5001.09
7 1.2469 384.773 279.468 5001.27
8 1.24768 325.592 279.29 5001.46
9 1.24001 271.885 281.015 5001.65
10 1.22542 261.53 284.357 5001.84
11 1.20682 299.8 288.734 5002.03
12 1.18785 355.94 293.341 5002.22
13 1.17214 386.247 297.271 5002.42
14 1.16261 366.62 299.702 5002.61
15 1.16104 310.604 300.104 5002.81
16 1.1677 259.612 298.388 5003.01
17 1.18138 252.482 294.93 5003.2
18 1.19952 296.708 290.463 5003.4
19 1.2187 362.509 285.888 5003.6
20 1.23519 404.163 282.067 5003.81
21 1.24574 393.059 279.675 5004.01
22 1.24822 338.309 279.114 5004.21
23 1.24213 279.879 280.476 5004.42
24 1.22871 259.312 283.535 5004.63
25 1.21063 289.497 287.764 5004.84
26 1.19144 345.642 292.395 5005.04
27 1.17482 383.968 296.526 5005.26
28 1.1639 374.33 299.304 5005.47
29 1.16068 322.725 300.126 5005.68
30 1.16578 267.097 298.81 5005.89
31 1.17823 249.482 295.645 5006.11
32 1.19575 284.933 291.308 5006.33
33 1.21502 350.064 286.682 5006.55
34 1.23233 399.709 282.651 5006.77
35 1.24425 399.546 279.936 5006.99
36 1.24842 350.876 278.996 5007.21
37 1.24397 289.438 279.986 5007.44
38 1.23182 259.188 282.742 5007.66
39 1.2144 280.264 286.793 5007.89
40 1.19513 334.607 291.411 5008.12
41 1.17773 379.708 295.709 5008.35
42 1.16548 380.305 298.81 5008.58
43 1.16066 334.678 300.045 5008.81
44 1.16414 276.15 299.141 5009.04
45 1.17529 248.673 296.295 5009.28
46 1.19205 274.383 292.123 5009.52
47 1.21127 336.981 287.482 5009.75
48 1.22925 393.201 283.27 5009.99
49 1.24246 404.034 280.25 5010.24
50 1.24827 362.919 278.938 5010.48
51 1.24551 300.285 279.55 5010.72
52 1.23473 261.183 281.983 5010.97
53 1.21809 272.404 285.827 5011.22
54 1.19889 323.188 290.398 5011.47
55 1.18084 373.607 294.829 5011.72
56 1.16736 384.37 298.226 5011.97
57 1.16096 346.095 299.862 5012.22
58 1.16281 286.482 299.377 5012.48
59 1.17257 250.058 296.876 5012.73
60 1.18845 265.356 292.902 5012.99
61 1.20746 323.637 288.281 5013.25
62 1.22598 384.823 283.919 5013.52
63 1.24038 406.382 280.615 5013.78
64 1.2478 374.077 278.939 5014.04
65 1.24673 312.106 279.169 5014.31
66 1.2374 265.256 281.265 5014.58
67 1.22168 266.175 284.876 5014.85
68 1.20269 311.753 289.365 5015.12
69 1.18413 365.867 293.893 5015.4
70 1.16951 386.407 297.557 5015.67
71 1.16158 356.629 299.58 5015.95
72 1.16178 297.77 299.519 5016.23
73 1.17009 253.577 297.384 5016.51
74 1.18497 258.104 293.642 5016.79
75 1.20364 310.415 289.077 5017.08
76 1.22255 374.812 284.596 5017.36
77 1.23802 406.509 281.031 5017.65
78 1.24698 384.013 279.003 5017.94
79 1.24762 324.553 278.85 5018.24
80 1.23982 271.301 280.596 5018.53
81 1.22515 261.789 283.948 5018.83
82 1.20652 300.667 288.323 5019.12
83 1.18757 356.738 292.913 5019.42
84 1.17193 386.363 296.812 5019.72
85 1.16252 365.96 299.205 5020.03
86 1.16108 309.661 299.568 5020.33
87 1.16787 259.106 297.818 5020.64
88 1.18163 252.825 294.338 5020.95
89 1.19983 297.693 289.866 5021.26
90 1.21899 363.454 285.299 5021.58
91 1.23541 404.403 281.498 5021.89
92 1.24584 392.427 279.132 5022.21
93 1.24819 337.259 278.598 5022.53
94 1.24197 279.153 279.982 5022.85
95 1.22845 259.4 283.054 5023.18
96 1.21033 290.288 287.283 5023.5
97 1.19115 346.514 291.899 5023.83
98 1.17459 384.251 296.003 5024.16
99 1.16378 373.805 298.744 5024.49
100 1.1607 321.786 299.527 5024.83
101 1.16592 266.462 298.177 5025.17
102 1.17848 249.658 294.99 5025.51
103 1.19605 285.836 290.646 5025.85
104 1.21532 351.076 286.029 5026.19
105 1.23256 400.117 282.018 5026.54
106 1.24438 399.063 279.33 5026.89
107 1.24841 349.847 278.419 5027.24
108 1.24384 288.59 279.434 5027.59
109 1.23158 259.101 282.205 5027.95
110 1.2141 280.954 286.259 5028.31
111 1.19483 335.523 290.867 5028.67
112 1.17748 380.146 295.141 5029.03
113 1.16534 379.93 298.208 5029.4
114 1.16064 333.772 299.405 5029.76
115 1.16426 275.405 298.466 5030.13
116 1.17552 248.677 295.599 5030.51
117 1.19234 275.18 291.419 5030.88
118 1.21157 338.032 286.785 5031.26
119 1.2295 393.767 282.594 5031.64
120 1.24262 403.715 279.603 5032.03
121 1.2483 361.942 278.322 5032.41
122 1.2454 299.341 278.961 5032.8
123 1.2345 260.922 281.414 5033.19
124 1.2178 272.968 285.266 5033.59
125 1.19858 324.118 289.831 5033.98
126 1.18058 374.185 294.242 5034.38
127 1.16719 384.154 297.608 5034.78
128 1.16092 345.249 299.209 5035.19
129 1.1629 285.651 298.691 5035.6
130 1.17278 249.892 296.167 5036.01
131 1.18873 266.025 292.185 5036.42
132 1.20777 324.697 287.572 5036.84
133 1.22625 385.532 283.231 5037.26
134 1.24056 406.238 279.956 5037.68
135 1.24784 373.182 278.314 5038.1
136 1.24664 311.093 278.575 5038.53
137 1.23719 264.827 280.696 5038.96
138 1.2214 266.596 284.319 5039.4
139 1.20238 312.666 288.808 5039.83
140 1.18385 366.564 293.322 5040.27
141 1.16933 386.355 296.959 5040.72
142 1.16151 355.866 298.95 5041.16
143 1.16185 296.877 298.858 5041.61
144 1.17027 253.247 296.701 5042.07
145 1.18524 258.627 292.95 5042.52
146 1.20394 311.455 288.392 5042.98
147 1.22283 375.645 283.933 5043.45
148 1.23822 406.547 280.399 5043.91
149 1.24706 383.23 278.407 5044.38
150 1.24756 323.504 278.289 5044.85
151 1.23963 270.719 280.064 5045.33
152 1.22487 262.053 283.435 5045.81
153 1.20621 301.534 287.817 5046.29
154 1.18729 357.531 292.399 5046.78
155 1.17173 386.474 296.279 5047.27
156 1.16243 365.301 298.644 5047.76
157 1.16112 308.732 298.978 5048.26
158 1.16803 258.622 297.206 5048.76
159 1.18189 253.186 293.717 5049.27
160 1.20013 298.683 289.252 5049.77
161 1.21928 364.389 284.707 5050.29
162 1.23563 404.625 280.938 5050.8
163 1.24594 391.782 278.61 5051.32
164 1.24815 336.208 278.115 5051.84
165 1.24181 278.436 279.535 5052.37
166 1.22819 259.498 282.633 5052.9
167 1.21002 291.082 286.876 5053.44
168 1.19085 347.376 291.493 5053.98
169 1.17437 384.517 295.584 5054.52
170 1.16366 373.267 298.304 5055.07
171 1.16072 320.847 299.062 5055.62
172 1.16606 265.836 297.692 5056.17
173 1.17872 249.846 294.496 5056.73
174 1.19635 286.747 290.158 5057.3
175 1.21561 352.086 285.561 5057.87
176 1.2328 400.518 281.583 5058.44
177 1.24451 398.579 278.936 5059.01
178 1.2484 348.829 278.068 5059.6
179 1.2437 287.762 279.124 5060.18
180 1.23134 259.033 281.929 5060.77
181 1.2138 281.65 286.007 5061.37
182 1.19453 336.427 290.624 5061.96
183 1.17724 380.557 294.896 5062.57
184 1.1652 379.525 297.948 5063.18
185 1.16064 332.845 299.126 5063.79
186 1.16438 274.653 298.17 5064.41
187 1.17575 248.684 295.293 5065.03
188 1.19263 275.984 291.117 5065.66
189 1.21187 339.088 286.504 5066.29
190 1.22975 394.34 282.345 5066.93
191 1.24277 403.411 279.395 5067.57
192 1.24832 360.992 278.161 5068.22
193 1.24528 298.431 278.847 5068.87
194 1.23427 260.692 281.343 5069.53
195 1.2175 273.547 285.228 5070.19
196 1.19828 325.035 289.814 5070.86
197 1.18032 374.725 294.233 5071.53
198 1.16703 383.89 297.594 5072.21
199 1.16088 344.359 299.182 5072.89
200 1.163 284.792 298.65 5073.58
201 1.17299 249.716 296.118 5074.28
202 1.18901 266.697 292.139 5074.98
203 1.20807 325.769 287.543 5075.68
204 1.22651 386.261 283.233 5076.39
205 1.24073 406.127 280.001 5077.11
206 1.24789 372.335 278.408 5077.84
207 1.24655 310.136 278.722 5078.56
208 1.23699 264.448 280.893 5079.3
209 1.22111 267.042 284.56 5080.04
210 1.20208 313.568 289.083 5080.79
211 1.18359 367.215 293.617 5081.54
212 1.16915 386.234 297.26 5082.3
213 1.16146 355.033 299.247 5083.07
214 1.16192 295.929 299.145 5083.84
215 1.17047 252.886 296.98 5084.62
216 1.18551 259.143 293.23 5085.4
217 1.20425 312.509 288.687 5086.19
218 1.22311 376.512 284.256 5086.99
219 1.23842 406.638 280.763 5087.8
220 1.24713 382.518 278.823 5088.61
221 1.2475 322.535 278.762 5089.43
222 1.23945 270.208 280.596 5090.25
223 1.2246 262.358 284.022 5091.09
224 1.2059 302.397 288.45 5091.93
225 1.18701 358.271 293.066 5092.77
226 1.17153 386.496 296.965 5093.63
227 1.16235 364.542 299.335 5094.49
228 1.16117 307.715 299.665 5095.36
229 1.1682 258.079 297.888 5096.23
230 1.18216 253.525 294.399 5097.11
231 1.20044 299.686 289.944 5098.01
232 1.21957 365.368 285.423 5098.9
233 1.23585 404.921 281.692 5099.81
234 1.24605 391.235 279.416 5100.73
235 1.24812 335.265 278.982 5101.65
236 1.24165 277.817 280.467 5102.58
237 1.22794 259.661 283.631 5103.52
238 1.20972 291.883 287.934 5104.47
239 1.19057 348.183 292.6 5105.42
240 1.17416 384.677 296.724 5106.39
241 1.16356 372.598 299.46 5107.36
242 1.16074 319.781 300.222 5108.34
243 1.16621 265.118 298.849 5109.33
244 1.17897 249.989 295.65 5110.33
245 1.19666 287.664 291.317 5111.34
246 1.21592 353.149 286.739 5112.36
247 1.23304 401.015 282.795 5113.38
248 1.24464 398.221 280.197 5114.42
249 1.2484 347.952 279.391 5115.46
250 1.24356 287.066 280.519 5116.52
251 1.2311 259.057 283.4 5117.59
252 1.2135 282.372 287.551 5118.66
253 1.19424 337.277 292.232 5119.74
254 1.17701 380.845 296.551 5120.84
255 1.16508 378.957 299.633 5121.94
256 1.16064 331.753 300.823 5123.06
257 1.16451 273.769 299.866 5124.18
258 1.17599 248.617 296.985 5125.32
259 1.19294 276.78 292.809 5126.46
260 1.21218 340.201 288.207 5127.62
261 1.23001 395.026 284.075 5128.79
262 1.24293 403.262 281.17 5129.97
263 1.24835 360.22 279.998 5131.16
264 1.24518 297.692 280.76 5132.36
265 1.23406 260.59 283.339 5133.58
266 1.21722 274.176 287.31 5134.8
267 1.19799 325.908 291.974 5136.04
268 1.18008 375.131 296.456 5137.29
269 1.16689 383.431 299.86 5138.55
270 1.16086 343.258 301.47 5139.82
271 1.16311 283.752 300.941 5141.11
272 1.17321 249.425 298.403 5142.4
273 1.18931 267.339 294.417 5143.71
274 1.20839 326.895 289.823 5145.04
275 1.2268 387.12 285.531 5146.38
276 1.24092 406.202 282.336 5147.73
277 1.24795 371.705 280.802 5149.1
278 1.24648 309.392 281.192 5150.47
279 1.23679 264.236 283.453 5151.87
280 1.22084 267.571 287.216 5153.27
281 1.20179 314.442 291.83 5154.69
282 1.18334 367.726 296.443 5156.13
283 1.16899 385.891 300.143 5157.58
284 1.16142 353.944 302.161 5159.04
285 1.16202 294.749 302.067 5160.52
286 1.17068 252.364 299.894 5162.01
287 1.18581 259.597 296.13 5163.52
288 1.20458 313.607 291.578 5165.04
289 1.22341 377.519 287.153 5166.59
290 1.23864 406.944 283.687 5168.15
291 1.24723 382.064 281.798 5169.72
292 1.24746 321.826 281.811 5171.31
293 1.23928 269.912 283.737 5172.92
294 1.22435 262.786 287.266 5174.55
295 1.20562 303.255 291.797 5176.19
296 1.18675 358.872 296.505 5177.85
297 1.17135 386.272 300.473 5179.52
298 1.16229 363.484 302.884 5181.21
299 1.16124 306.411 303.227 5182.93
300 1.1684 257.322 301.438 5184.65
301 1.18245 253.761 297.927 5186.4
302 1.20077 300.713 293.45 5188.17
303 1.21989 366.492 288.921 5189.96
304 1.23609 405.456 285.204 5191.77
305 1.24617 390.986 282.967 5193.6
306 1.24811 334.634 282.6 5195.46
307 1.24151 277.467 284.175 5197.33
308 1.2277 259.992 287.444 5199.22
309 1.20944 292.712 291.858 5201.13
310 1.19031 348.86 296.625 5203.06
311 1.17396 384.573 300.828 5205.01
312 1.16348 371.587 303.613 5206.98
313 1.16079 318.372 304.39 5208.98
314 1.16639 264.125 303.002 5210.99
315 1.17925 249.979 299.771 5213.03
316 1.19699 288.575 295.402 5215.1
317 1.21625 354.351 290.798 5217.19
318 1.23331 401.77 286.85 5219.31
319 1.2448 398.201 284.275 5221.45
320 1.24843 347.439 283.523 5223.62
321 1.24345 286.696 284.732 5225.81
322 1.23089 259.304 287.715 5228.02
323 1.21323 283.161 291.977 5230.26
324 1.19397 338.017 296.763 5232.52
325 1.17681 380.862 301.167 5234.81
326 1.16498 378.012 304.3 5237.12
327 1.16067 330.261 305.504 5239.46
328 1.16467 272.547 304.527 5241.83
329 1.17626 248.338 301.602 5244.23
330 1.19327 277.53 297.372 5246.65
331 1.21252 341.436 292.723 5249.11
332 1.2303 395.98 288.564 5251.6
333 1.24312 403.484 285.662 5254.12
334 1.2484 359.862 284.523 5256.68
335 1.2451 297.338 285.35 5259.26
336 1.23387 260.769 288.019 5261.87
337 1.21696 274.922 292.091 5264.51
338 1.19772 326.699 296.854 5267.18
339 1.17987 375.27 301.417 5269.88
340 1.16677 382.573 304.869 5272.61
341 1.16088 341.713 306.486 5275.37
342 1.16325 282.315 305.926 5278.16
343 1.17347 248.862 303.327 5280.99
344 1.18965 267.882 299.267 5283.86
345 1.20875 328.112 294.601 5286.76
346 1.22711 388.24 290.255 5289.71
347 1.24114 406.666 287.034 5292.69
348 1.24805 371.528 285.507 5295.71
349 1.24643 309.087 285.936 5298.77
350 1.23663 264.367 288.261 5301.86
351 1.2206 268.272 292.104 5304.99
352 1.20153 315.277 296.798 5308.15
353 1.18311 367.989 301.473 5311.35
354 1.16885 385.145 305.205 5314.58
355 1.16141 352.382 307.213 5317.85
356 1.16214 293.125 307.069 5321.16
357 1.17092 251.514 304.813 5324.52
358 1.18614 259.897 300.95 5327.92
359 1.20494 314.75 296.297 5331.36
360 1.22374 378.759 291.786 5334.86
361 1.23888 407.633 288.26 5338.4
362 1.24735 382.08 286.341 5341.98
363 1.24745 321.593 286.355 5345.61
364 1.23915 270.007 288.308 5349.29
365 1.22413 263.439 291.878 5353
366 1.20536 304.125 296.451 5356.76
367 1.18653 359.267 301.186 5360.55
368 1.1712 385.67 305.152 5364.4
369 1.16226 361.957 307.521 5368.28
370 1.16135 304.647 307.783 5372.22
371 1.16863 256.201 305.882 5376.2
372 1.18277 253.793 302.239 5380.24
373 1.20113 301.726 297.629 5384.33
374 1.22023 367.793 292.978 5388.48
375 1.23636 406.33 289.16 5392.68
376 1.24633 391.182 286.849 5396.94
377 1.24813 334.475 286.434 5401.25
378 1.2414 277.526 287.982 5405.62
379 1.2275 260.589 291.235 5410.03
380 1.2092 293.606 295.632 5414.49
381 1.19008 349.396 300.367 5419
382 1.1738 384.159 304.512 5423.56
383 1.16343 370.17 307.204 5428.17
384 1.16088 316.546 307.854 5432.84
385 1.1666 262.781 306.313 5437.57
386 1.17956 249.742 302.913 5442.36
387 1.19735 289.412 298.375 5447.21
388 1.2166 355.642 293.612 5452.12
389 1.2336 402.764 289.521 5457.1
390 1.24498 398.529 286.823 5462.15
391 1.24847 347.321 285.966 5467.25
392 1.24337 286.691 287.08 5472.41
393 1.2307 259.813 289.971 5477.63
394 1.21299 284.059 294.135 5482.9
395 1.19374 338.703 298.806 5488.24
396 1.17663 380.692 303.071 5493.63
397 1.16491 376.804 306.039 5499.08
398 1.16072 328.487 307.054 5504.59
399 1.16486 271.072 305.873 5510.16
400 1.17654 247.869 302.739 5515.81
401 1.19362 278.166 298.306 5521.52
402 1.21288 342.648 293.465 5527.3
403 1.23061 397.003 289.127 5533.16
404 1.24332 403.857 286.056 5539.08
405 1.24847 359.706 284.753 5545.06
406 1.24503 297.195 285.413 5551.12
407 1.23369 261.122 287.904 5557.23
408 1.21672 275.776 291.781 5563.41
409 1.19747 327.534 296.327 5569.65
410 1.17967 375.41 300.651 5575.95
411 1.16667 381.703 303.848 5582.32
412 1.16089 340.157 305.201 5588.76
413 1.1634 280.864 304.382 5595.26
414 1.17373 248.257 301.538 5601.83
415 1.18997 268.335 297.252 5608.47
416 1.20909 329.186 292.379 5615.18
417 1.22741 389.185 287.836 5621.96
418 1.24135 406.951 284.42 5628.8
419 1.24813 371.195 282.687 5635.72
420 1.24638 308.668 282.888 5642.69
421 1.23646 264.44 284.958 5649.73
422 1.22036 268.992 288.512 5656.84
423 1.20126 316.234 292.888 5664.01
424 1.18288 368.502 297.225 5671.24
425 1.16871 384.769 300.612 5678.54
426 1.16138 351.262 302.289 5685.9
427 1.16224 291.92 301.843 5693.33
428 1.17114 250.947 299.327 5700.81
429 1.18643 260.248 295.245 5708.36
430 1.20525 315.667 290.406 5715.96
431 1.22402 379.519 285.724 5723.62
432 1.23908 407.665 282.021 5731.33
433 1.24743 381.37 279.901 5739.09
434 1.24739 320.685 279.676 5746.91
435 1.23896 269.596 281.339 5754.78
436 1.22386 263.866 284.574 5762.71
437 1.20506 305.13 288.771 5770.69
438 1.18625 360.195 293.111 5778.73
439 1.171 385.952 296.687 5786.82
440 1.16217 361.531 298.704 5794.96
441 1.16138 303.982 298.672 5803.15
442 1.16878 255.93 296.552 5811.37
443 1.183 254.21 292.761 5819.63
444 1.2014 302.538 288.057 5827.91
445 1.22048 368.302 283.339 5836.21
446 1.23653 405.944 279.451 5844.52
447 1.24638 389.858 277.04 5852.85
448 1.24804 332.8 276.474 5861.2
449 1.24119 276.352 277.812 5869.58
450 1.22719 260.482 280.798 5877.98
451 1.20884 294.51 284.885 5886.41
452 1.18973 350.719 289.295 5894.88
453 1.17353 385.226 293.134 5903.37
454 1.16326 370.687 295.577 5911.87
455 1.16083 316.74 296.065 5920.38
456 1.16667 263.126 294.465 5928.88
457 1.17972 250.482 291.108 5937.35
458 1.19755 290.269 286.692 5945.78
459 1.21679 355.93 282.097 5954.15
460 1.23372 401.868 278.187 5962.47
461 1.24499 396.397 275.653 5970.73
462 1.24835 344.608 274.919 5978.94
463 1.24311 284.44 276.111 5987.12
464 1.23033 258.87 279.036 5995.26
465 1.21257 284.62 283.207 6003.38
466 1.19331 340.292 287.888 6011.47
467 1.17627 382.551 292.197 6019.53
468 1.16464 378.403 295.28 6027.54
469 1.16058 329.779 296.51 6035.47
470 1.16483 272.322 295.657 6043.31
471 1.17662 249.223 292.963 6051.02
472 1.19375 279.319 289.065 6058.57
473 1.21301 342.897 284.828 6065.95
474 1.23067 395.695 281.139 6073.14
475 1.24328 400.913 278.741 6080.15
476 1.24829 355.847 278.128 6086.99
477 1.24472 293.666 279.492 6093.67
478 1.23326 259.073 282.711 6100.21
479 1.21622 275.7 287.351 6106.62
480 1.19696 329.111 292.711 6112.9
481 1.1792 377.835 297.914 6119.04
482 1.1663 384.236 302.06 6125.01
483 1.16065 342.489 304.441 6130.78
484 1.16329 283.064 304.723 6136.3
485 1.17373 250.384 303.051 6141.52
486 1.19004 270.057 300.009 6146.41
487 1.20917 329.765 296.456 6150.93
488 1.22744 387.884 293.326 6155.06
489 1.24127 403.602 291.435 6158.8
490 1.24791 366.51 291.367 6162.17
491 1.24602 304.031 293.4 6165.18
492 1.23597 261.269 297.484 6167.86
493 1.21979 268.063 303.239 6170.22
494 1.20068 317.397 309.982 6172.26
495 1.18234 370.94 316.808 6173.96
496 1.16826 387.59 322.745 6175.28
497 1.16107 353.991 326.965 6176.17
498 1.16208 294.552 329.004 6176.57
499 1.1711 253.579 328.898 6176.41
500 1.18648 262.628 327.181 6175.62
501 1.20534 317.057 324.737 6174.15
502 1.22408 379.045 322.585 6171.97
503 1.23904 404.934 321.665 6169.07
504 1.24725 376.905 322.693 6165.45
505 1.24705 315.824 326.066 6161.13
506 1.23849 265.867 331.824 6156.13
507 1.22328 262.216 339.632 6150.46
508 1.20446 305.519 348.798 6144.12
509 1.18569 361.798 358.343 6137.07
510 1.17055 387.816 367.157 6129.26
511 1.16187 363.194 374.224 6120.61
512 1.16125 305.636 378.891 6111.03
513 1.16881 258.023 381.054 6100.42
514 1.18316 256.835 381.204 6088.67
515 1.20162 305.093 380.289 6075.72
516 1.22069 369.741 379.482 6061.48
517 1.23665 405.447 379.929 6045.93
518 1.24635 387.457 382.547 6029.04
519 1.24784 329.462 387.909 6010.82
520 1.24082 273.429 396.167 5991.27
521 1.22671 258.877 407.026 5970.39
522 1.20831 294.149 419.743 5948.15
523 1.18925 350.717 433.189 5924.5
524 1.17316 384.629 446.011 5899.35
525 1.16308 369.267 456.899 5872.59
526 1.16086 315.258 464.911 5844.07
527 1.16691 262.835 469.744 5813.64
528 1.18014 252.23 471.838 5781.16
529 1.19807 293.826 472.255 5746.47
530 1.21732 360.062 472.409 5709.46
531 1.23416 405.095 473.743 5670.06
532 1.24527 397.906 477.469 5628.2
533 1.24841 344.655 484.386 5583.86
534 1.24296 283.949 494.777 5537.03
535 1.23002 258.549 508.357 5487.71
536 1.21217 284.281 524.264 5435.85
537 1.19294 338.931 541.119 5381.39
538 1.17602 379.201 557.207 5324.21
539 1.16461 373.134 570.8 5264.16
540 1.16081 324.077 580.563 5201.05
541 1.16533 268.458 585.927 5134.69
542 1.17734 248.965 587.26 5064.88
543 1.19461 282.836 585.751 4991.43
544 1.21388 348.63 583.088 4914.23
545 1.23144 401.3 581.043 4833.21
546 1.24381 404.639 581.113 4748.36
547 1.24853 357.407 584.282 4659.76
548 1.24463 294.047 590.891 4567.54
549 1.2329 259.492 600.581 4471.82
550 1.21568 276.549 612.303 4372.76
551 1.19637 329.714 624.408 4270.47
552 1.17869 377.187 634.868 4165.01
553 1.16599 382.117 641.646 4056.41
554 1.1606 339.981 643.164 3944.67
555 1.1635 281.929 638.716 3829.79
556 1.17415 251.633 628.653 3711.82
557 1.19057 272.755 614.251 3590.87
558 1.20964 331.074 597.316 3467.22
559 1.22768 384.543 579.716 3341.26
560 1.24112 394.022 562.972 3213.59
561 1.24726 352.161 548.031 3084.94
562 1.24482 289.202 535.175 2956.15
563 1.23428 251.305 524.041 2828.12
564 1.21771 267.141 513.715 2701.73
565 1.19837 327.075 502.88 2577.81
566 1.17997 390.114 490.059 2457.12
567 1.16599 413.465 473.918 2340.32
568 1.15897 383.073 453.601 2228.06
569 1.16018 322.915 428.972 2120.97
570 1.16935 276.495 400.66 2019.77
571 1.18475 274.427 369.879 1925.23
572 1.20347 312.137 338.092 1838.27
573 1.22187 354.108 306.671 1759.86
574 1.23632 361.448 276.66 1690.98
575 1.24391 322.226 248.684 1632.55
576 1.24308 261.9 222.975 1585.31
577 1.23395 225.754 199.456 1549.77
578 1.21835 245.913 177.847 1526.19
579 1.19934 317.029 157.777 1514.58
580 1.18061 398.593 138.883 1514.79
581 1.16571 442.497 120.904 1526.57
582 1.15742 426.046 103.742 1549.67
583 1.15726 366.694 87.4731 1583.8
584 1.16524 308.101 72.3089 1628.72
585 1.1799 288.014 58.5136 1684.12
586 1.1985 311.581 46.3187 1749.59
587 1.21751 349.457 35.8653 1824.59
588 1.23324 361.69 27.1859 1908.33
589 1.24258 329.338 20.2192 1999.82
590 1.24367 270.126 14.8395 2097.88
591 1.2363 226.331 10.8869 2201.25
592 1.22198 233.652 8.18891 2308.69
593 1.2036 294.004 6.57431 2419.09
594 1.18477 372.472 5.87874 2531.52
595 1.16912 421.025 5.94574 2645.28
596 1.1596 411.976 6.62684 2759.86
597 1.15801 356.984 7.78409 2874.89
598 1.16465 297.867 9.29646 2990.07
599 1.17834 276.023 11.0683 3105.08
600 1.19655 302.817 13.0355 3219.57
601 1.21586 352.41 15.166 3333.09
602 1.23256 382.031 17.4535 3445.08
603 1.24336 364.53 19.906 3554.95
604 1.24612 309.126 22.5322 3662.12
605 1.24031 255.026 25.3282 3766.05
606 1.22713 242.583 28.2646 3866.32
607 1.20922 283.251 31.2783 3962.68
608 1.19012 350.497 34.2698 4055.01
609 1.17352 398.511 37.1118 4143.33
610 1.16256 395.134 39.6704 4227.76
611 1.15926 344.968 41.8372 4308.45
612 1.16427 285.787 43.5602 4385.57
613 1.17666 260.861 44.8612 4459.24
614 1.19416 287.465 45.832 4529.58
615 1.21348 344.56 46.6102 4596.61
616 1.2309 388.599 47.3474 4660.32
617 1.24301 385.787 48.1785 4720.7
618 1.24739 337.078 49.2006 4777.71
619 1.24317 277.575 50.4588 4831.33
620 1.23121 250.773 51.9402 4881.58
621 1.2139 276.567 53.5717 4928.54
622 1.19467 336.524 55.2266 4972.32
623 1.17723 387.254 56.7424 5013.07
624 1.16487 392.109 57.9526 5050.97
625 1.15989 347.981 58.7282 5086.19
626 1.16321 287.55 59.0149 5118.89
627 1.17422 255.33 58.8524 5149.23
628 1.19089 275.059 58.3646 5177.33
629 1.2101 332.327 57.7272 5203.29
630 1.22816 385.16 57.1261 5227.2
631 1.24154 394.799 56.7217 5249.12
632 1.24756 354.111 56.6252 5269.11
633 1.24502 292.797 56.8864 5287.25
634 1.23444 255.608 57.4897 5303.59
635 1.21793 269.537 58.3557 5318.22
636 1.19876 324.053 59.3483 5331.23
637 1.18065 378.868 60.2935 5342.7
638 1.16702 393.531 61.0099 5352.75
639 1.16042 357.145 61.3505 5361.45
640 1.16204 296.397 61.2419 5368.91
641 1.17161 256.004 60.7063 5375.2
642 1.18735 265.913 59.8555 5380.39
643 1.20632 319.291 58.8597 5384.55
644 1.2249 377.463 57.9056 5387.74
645 1.23946 398.181 57.1582 5390
646 1.24711 366.521 56.7354 5391.38
647 1.2463 305.766 56.695 5391.92
648 1.23721 260.315 57.0303 5391.67
649 1.22165 263.154 57.6708 5390.68
650 1.20272 311.726 58.4894 5388.98
651 1.18409 369.896 59.3174 5386.63
652 1.16931 394.543 59.973 5383.67
653 1.16114 367.267 60.3 5380.14
654 1.16108 307.944 60.2083 5376.09
655 1.16914 260.182 59.6992 5371.55
656 1.18383 259.324 58.8652 5366.55
657 1.20243 306.482 57.8636 5361.13
658 1.22139 367.624 56.876 5355.32
659 1.23703 398.425 56.0695 5349.13
660 1.24624 376.67 55.5691 5342.6
661 1.24718 318.465 55.4431 5335.74
662 1.23966 266.402 55.6971 5328.59
663 1.22518 258.347 56.2742 5321.16
664 1.20664 299.734 57.0601 5313.47
665 1.18765 359.673 57.8957 5305.55
666 1.17184 393.7 58.6023 5297.41
667 1.16217 376.481 59.0182 5289.07
668 1.16042 320.456 59.0385 5280.56
669 1.16691 266.757 58.6445 5271.88
670 1.18045 255.038 57.9093 5263.05
671 1.19853 294.345 56.9766 5254.08
672 1.21772 356.401 56.0225 5244.99
673 1.2343 396.23 55.2164 5235.79
674 1.24501 385.032 54.6909 5226.49
675 1.24769 331.223 54.5253 5217.1
676 1.2418 274.225 54.7382 5207.64
677 1.22854 255.567 55.2863 5198.1
678 1.21054 288.493 56.0679 5188.51
679 1.19133 348.329 56.9338 5178.87
680 1.17461 390.681 57.709 5169.2
681 1.16352 384.084 58.2269 5159.48
682 1.16009 333.148 58.3689 5149.74
683 1.16497 275.225 58.0976 5139.99
684 1.17725 253.018 57.4672 5130.21
685 1.19467 283.229 56.6078 5120.44
686 1209.23 344.23 55.6904 5110.67
687 1208.86 391.828 54.889 5100.9
688 1208.55 391.548 54.3423 5091.15
689 1208.36 343.843 54.1408 5081.41
690 1208.29 283.706 54.316 5071.68
691 1208.33 255.014 54.8375 5061.98
692 1208.44 278.4 55.616 5052.31
693 1208.59 336.2 56.5113 5042.66
694 1208.71 385.508 57.3521 5033.05
695 1208.76 389.733 57.9673 5023.48
696 1208.71 345.51 58.2257 5013.95
697 1208.53 285.222 58.0712 5004.46
698 1208.23 253.263 57.5394 4995.01
699 1207.85 273.452 56.747 4985.61
700 1207.43 331.495 55.8596 4976.26
701 1207.04 385.369 55.0517 4966.96
702 1206.71 396.027 54.4726 4957.71
703 1206.49 355.942 54.2246 4948.52
704 1206.41 294.566 54.3516 4939.38
705 1206.44 256.729 54.8363 4930.31
706 1206.56 269.801 55.6008 4921.29
707 1206.73 323.696 56.514 4912.34
708 1206.88 378.365 57.4081 4903.44
709 1206.96 393.259 58.1082 4894.62
710 1206.94 357.152 58.471 4885.85
711 1206.79 296.429 58.4225 4877.15
712 1206.51 255.759 57.9795 4868.52
713 1206.14 265.315 57.2446 4859.96
714 1205.72 318.585 56.3777 4851.46
715 1205.31 377.053 55.5555 4843.03
716 1204.96 398.33 54.9357 4834.66
717 1204.72 367.145 54.6321 4826.37
718 1204.61 306.473 54.7018 4818.15
719 1204.63 260.672 55.1399 4809.99
720 1204.76 262.984 55.8801 4801.91
721 1204.94 311.225 56.8003 4793.89
722 1205.12 369.484 57.7369 4785.95
723 1205.24 394.553 58.5118 4778.08
724 1205.25 367.702 58.9706 4770.28
725 1205.14 308.483 59.0219 4762.54
726 1204.88 260.416 58.6633 4754.88
727 1204.52 259.064 57.9827 4747.29
728 1204.1 305.9 57.1326 4739.77
729 1203.68 367.13 56.2915 4732.32
730 1203.31 398.37 55.6251 4724.94
731 1203.04 377.086 55.2589 4717.63
732 1202.91 319.043 55.2628 4710.39
733 1202.92 266.719 55.645 4703.22
734 1203.04 258.171 56.3507 4696.12
735 1203.24 299.195 57.2672 4689.09
736 1203.44 359.163 58.2357 4682.12
737 1203.6 393.586 59.0761 4675.23
738 1203.65 376.835 59.6239 4668.4
739 1203.57 321.005 59.7708 4661.64
740 1203.35 267.083 59.4951 4654.95
741 1203 254.892 58.8686 4648.32
742 1202.58 293.831 58.0354 4641.76
743 1202.15 355.905 57.1742 4635.27
744 1201.76 396.135 56.4583 4628.84
745 1201.47 385.44 56.0245 4622.47
746 1201.31 331.872 55.9561 4616.17
747 1201.31 274.677 56.274 4609.93
748 1201.43 255.521 56.9358 4603.76
749 1201.63 287.995 57.8382 4597.65
750 1201.86 347.738 58.8283 4591.6
751 1202.05 390.4 59.7254 4585.62
752 1202.14 384.268 60.3559 4579.69
753 1202.09 333.601 60.5956 4573.83
754 1201.9 275.551 60.4032 4568.03
755 1201.58 252.927 59.8332 4562.29
756 1201.17 282.759 59.0198 4556.6
757 1200.72 343.727 58.1403 4550.98
758 1200.32 391.69 57.3745 4545.41
759 1200 391.936 56.8706 4539.9
760 1199.83 344.548 56.7248 4534.44
761 1199.8 284.291 56.9715 4529.04
762 1199.91 255.119 57.5805 4523.7
763 1200.12 277.988 58.4591 4518.42
764 1200.37 335.581 59.4608 4513.18
765 1200.59 385.103 60.4058 4508.01
766 1200.72 389.77 61.1131 4502.88
767 1200.71 345.873 61.4433 4497.81
768 1.16328 285.548 61.3358 4492.81
769 1.17415 253.228 60.8252 4487.85
770 1.19073 273.022 60.0352 4482.95
771 1.20991 330.966 59.1403 4478.09
772 1.22801 385.151 58.3255 4473.29
773 1.24148 396.34 57.7496 4468.53
774 1.24764 356.643 57.5218 4463.82
775 1.24524 295.237 57.6902 4459.16
776 1.23478 256.964 58.2372 4454.55
777 1.21834 269.484 59.0811 4449.99
778 1.19918 323.075 60.0834 4445.48
779 1.181 377.862 61.066 4441.01
780 1.16727 393.167 61.8426 4436.58
781 1.16052 357.432 62.2598 4432.21
782 1.16199 296.757 62.2378 4427.87
783 1.17142 255.785 61.7933 4423.58
784 1.18707 264.94 61.0348 4419.34
785 1.20601 318.048 60.132 4415.14
786 1.22463 376.759 59.2735 4410.97
787 1.23929 398.554 58.6282 4406.86
788 1.24707 367.815 58.3181 4402.78
789 1.24642 307.205 58.4048 4398.74
790 1.23746 261.031 58.8841 4394.74
791 1.22199 262.779 59.686 4390.79
792 1.20309 310.638 60.6806 4386.87
793 1.18442 368.923 61.6933 4383
794 1.16954 394.36 62.534 4379.16
795 1.16124 367.913 63.0369 4375.36
796 1.16102 308.819 63.1036 4371.6
797 1.16894 260.512 62.7306 4367.88
798 1.18354 258.758 62.011 4364.19
799 1.20209 305.366 61.1074 4360.54
800 1.22108 366.76 60.2108 4356.93
801 1.23681 398.485 59.4986 4353.35
802 1.24616 377.688 59.1056 4349.8
803 1.24725 319.798 59.1073 4346.29
804 1.23987 267.178 59.5129 4342.81
805 1.2255 258.08 60.2646 4339.37
806 1.207 298.661 61.2421 4335.96
807 1.18799 358.569 62.276 4332.59
808 1.17209 393.31 63.1739 4329.25
809 1.16229 376.982 63.7594 4325.94
810 1.16039 321.348 63.9161 4322.66
811 1.16674 267.253 63.6199 4319.42
812 1.18017 254.667 62.9469 4316.2
813 1.1982 293.319 62.0508 4313.02
814 1.2174 355.469 61.1225 4309.86
815 1.23406 396.133 60.3475 4306.74
816 1.2449 385.948 59.8725 4303.64
817 1.24773 332.617 59.7868 4300.57
818 1.242 275.213 60.1134 4297.53
819 1.22885 255.538 60.8074 4294.53
820 1.2109 287.529 61.7589 4291.55
821 1.19169 347.131 62.805 4288.59
822 1.17489 390.053 63.7528 4285.67
823 1.16367 384.351 64.4169 4282.77
824 1.1601 333.945 64.664 4279.91
825 1.16483 275.793 64.4497 4277.06
826 1.177 252.794 63.8312 4274.25
827 1.19435 282.285 62.9513 4271.46
828 1.21361 343.241 61.999 4268.69
829 1.23108 391.571 61.1662 4265.95
830 1.24331 392.333 60.6112 4263.23
831 1.24786 345.256 60.4368 4260.54
832 1.24382 284.883 60.6802 4257.87
833 1.23199 255.239 61.3096 4255.23
834 1.21475 277.599 62.2266 4252.61
835 1.19549 334.978 63.2757 4250.02
836 1.17792 384.695 64.2655 4247.45
837 1.16537 389.787 65.0035 4244.9
838 1.16015 346.208 65.3409 4242.38
839 1.16323 285.854 65.2126 4239.88
840 1.17404 253.192 64.6565 4237.4
841 1.19058 272.611 63.8017 4234.94
842 1.20975 330.461 62.8339 4232.51
843 1.22788 384.943 61.9494 4230.09
844 1.2414 396.641 61.3174 4227.7
845 1.24763 357.316 61.0541 4225.32
846 1.24531 295.884 61.2109 4222.97
847 1.23491 257.195 61.7695 4220.64
848 1.21851 269.191 62.6437 4218.33
849 1.19935 322.498 63.6868 4216.04
850 1.18116 377.408 64.7103 4213.77
851 1.16737 393.117 65.5166 4211.52
852 1.16055 357.745 65.943 4209.29
853 1.16195 297.115 65.9044 4207.08
854 1.17132 255.845 65.4178 4204.89
855 1.18692 264.6 64.5975 4202.72
856 1.20585 317.531 63.6229 4200.57
857 1.22449 376.456 62.6938 4198.43
858 1.23919 398.733 61.9888 4196.31
859 1.24705 368.415 61.6373 4194.21
860 1.24647 307.869 61.7049 4192.13
861 1.23758 261.349 62.1874 4190.06
862 1.22215 262.578 63.0111 4188.01
863 1.20326 310.093 64.0392 4185.99
864 1.18458 368.428 65.0878 4183.97
865 1.16966 394.239 65.9562 4181.98
866 1.16128 368.19 66.4693 4180
867 1.161 309.215 66.5228 4178.04
868 1.16885 260.664 66.1124 4176.1
869 1.1834 258.499 65.3356 4174.17
870 1.20194 304.857 64.3637 4172.26
871 1.22093 366.378 63.3976 4170.36
872 1.2367 398.543 62.6245 4168.48
873 1.24612 378.202 62.1865 4166.61
874 1.24729 320.461 62.1633 4164.76
875 1.23998 267.573 62.5649 4162.93
876 1.22566 257.972 63.331 4161.11
877 1.20718 298.16 64.3353 4159.3
878 1.18815 358.044 65.4002 4157.51
879 1.17221 393.116 66.3237 4155.74
880 1.16235 377.21 66.9203 4153.98
881 1.16038 321.767 67.0673 4152.24
882 1.16666 267.492 66.739 4150.51
883 1.18004 254.499 66.0146 4148.79
884 1.19804 292.838 65.0549 4147.09
885 1.21725 355.025 64.0601 4145.39
886 1.23395 396.075 63.2247 4143.72
887 1.24485 386.365 62.7027 4142.05
888 1.24775 333.261 62.5879 4140.4
889 1.24209 275.672 62.9048 4138.77
890 1.22899 255.525 63.6065 4137.14
891 1.21107 287.085 64.5787 4135.53
892 1.19185 346.588 65.651 4133.93
893 1.17502 389.789 66.622 4132.35
894 1.16374 384.52 67.2978 4130.78
895 1.1601 334.369 67.5387 4129.22
896 1.16477 276.107 67.2977 4127.68
897 1.17688 252.721 66.634 4126.14
898 1.1942 281.85 65.6961 4124.62
899 1.21346 342.754 64.6814 4123.11
900 1.23095 391.406 63.7901 4121.61
901 1.24324 392.646 63.1875 4120.12
902 1.24787 345.865 62.9812 4118.65
903 1.24389 285.392 63.2102 4117.18
904 1.23212 255.319 63.8418 4115.73
905 1.21491 277.222 64.7737 4114.29
906 1.19565 334.429 65.8444 4112.86
907 1.17806 384.365 66.8549 4111.44
908 1.16545 389.887 67.6047 4110.03
909 1.16017 346.621 67.9389 4108.64
910 1.16318 286.232 67.7891 4107.25
911 1.17393 253.216 67.1939 4105.88
912 1.19043 272.236 66.2874 4104.52
913 1.2096 329.951 65.2621 4103.16
914 1.22774 384.681 64.322 4101.82
915 1.24132 396.845 63.643 4100.48
916 1.24762 357.874 63.3462 4099.16
917 1.24537 296.428 63.485 4097.84
918 1.23503 257.365 64.041 4096.54
919 1.21867 268.891 64.9251 4095.25
920 1.19952 321.958 65.9854 4093.96
921 1.1813 377.02 67.0269 4092.69
922 1.16746 393.143 67.8449 4091.43
923 1.16058 358.132 68.2705 4090.17
924 1.16191 297.542 68.215 4088.93
925 1.17121 255.964 67.6955 4087.69
926 1.18678 264.298 66.8297 4086.47
927 1.20569 317.018 65.803 4085.25
928 1.22435 376.112 64.822 4084.04
929 1.2391 398.828 64.0716 4082.84
930 1.24702 368.909 63.6859 4081.65
931 1.24652 308.433 63.733 4080.47
932 1.23769 261.602 64.209 4079.29
933 1.22231 262.359 65.038 4078.13
934 1.20343 309.576 66.0792 4076.97
935 1.18472 367.99 67.1431 4075.83
936 1.16976 394.186 68.0225 4074.69
937 1.16132 368.536 68.5368 4073.56
938 1.16097 309.676 68.5776 4072.44
939 1.16876 260.873 68.14 4071.33
940 1.18326 258.281 67.3239 4070.22
941 1.20178 304.359 66.3055 4069.13
942 1.22079 365.966 65.2917 4068.04
943 1.2366 398.531 64.4755 4066.95
944 1.24608 378.619 64.0035 4065.88
945 1.24732 321.028 63.9582 4064.81
946 1.24007 267.9 64.3502 4063.75
947 1.2258 257.841 65.1176 4062.7
948 1.20734 297.68 66.1313 4061.66
949 1.1883 357.567 67.2088 4060.63
950 1.17233 392.985 68.1424 4059.6
951 1.1624 377.502 68.7414 4058.58
952 1.16037 322.245 68.8793 4057.57
953 1.16658 267.783 68.5291 4056.56
954 1.17991 254.371 67.7713 4055.57
955 1.19788 292.373 66.7708 4054.57
956 1.2171 354.562 65.7328 4053.59
957 1.23383 395.96 64.8571 4052.61
958 1.24479 386.697 64.3021 4051.64
959 1.24777 333.816 64.1643 4050.67
960 1.24217 276.063 64.4692 4049.72
961 1.22912 255.484 65.1691 4048.77
962 1.21123 286.652 66.1472 4047.82
963 1.19201 346.085 67.2294 4046.89
964 1.17514 389.58 68.2093 4045.96
965 1.16381 384.746 68.8884 4045.03
966 1.1601 334.848 69.1232 4044.12
967 1.1647 276.47 68.8648 4043.21
968 1.17675 252.687 68.1733 4042.31
969 1.19404 281.434 67.2001 4041.41
970 1.2133 342.257 66.1469 4040.52
971 1.23083 391.195 65.2186 4039.63
972 1.24317 392.885 64.5845 4038.75
973 1.24786 346.392 64.3551 4037.88
974 1.24396 285.835 64.5704 4037.01
975 1.23224 255.367 65.1974 4036.15
976 1.21507 276.85 66.1322 4035.29
977 1.19581 333.914 67.2103 4034.44
978 1.17819 384.084 68.2283 4033.6
979 1.16553 390.039 68.9818 4032.76
980 1.16018 347.084 69.3122 4031.93
981 1.16312 286.655 69.1491 4031.11
982 1.17381 253.278 68.5312 4030.29
983 1.19028 271.883 67.5946 4029.47
984 1.20944 329.438 66.5354 4028.66
985 1.22761 384.385 65.5619 4027.86
986 1.24124 396.987 64.8534 4027.06
987 1.2476 358.358 64.5337 4026.27
988 1.24542 296.909 64.6578 4025.48
989 1.23514 257.5 65.2072 4024.7
990 1.21882 268.588 66.0915 4023.92
991 1.19968 321.445 67.1567 4023.15
992 1.18144 376.673 68.2043 4022.38
993 1.16755 393.214 69.026 4021.62
994 1.1606 358.563 69.4496 4020.87
995 1.16187 298.01 69.3843 4020.12
996 1.17111 256.119 68.8465 4019.37
997 1.18663 264.019 67.9555 4018.63
998 1.20553 316.507 66.8996 4017.9
999 1.22421 375.742 65.8887 4017.17
1000 1.23901 398.871 65.111 4016.44
1001 1.24699 369.337 64.7034 4015.72
1002 1.24656 308.937 64.7352 4015
1003 1.23779 261.818 65.2028 4014.29
1004 1.22245 262.134 66.03 4013.59
1005 1.20359 309.078 67.0739 4012.88
1006 1.18487 367.588 68.1424 4012.19
1007 1.16986 394.173 69.0252 4011.5
1008 1.16136 368.921 69.5387 4010.81
1009 1.16094 310.174 69.5724 4010.13
1010 1.16867 261.115 69.1206 4009.45
1011 1.18312 258.086 68.2838 4008.78
1012 1.20162 303.868 67.2405 4008.11
1013 1.22064 365.536 66.2005 4007.44
1014 1.23649 398.476 65.3595 4006.78
1015 1.24603 378.979 64.8667 4006.12
1016 1.24734 321.54 64.8059 4005.47
1017 1.24016 268.19 65.1885 4004.82
1018 1.22594 257.699 65.9523 4004.18
1019 1.2075 297.212 66.9667 4003.54
1020 1.18845 357.12 68.0472 4002.91
1021 1.17243 392.888 68.9837 4002.28
1022 1.16245 377.828 69.5828 4001.65
1023 1.16035 322.756 69.7159 4001.03
1024 1.1665 268.105 69.3548 4000.41
1025 1.17978 254.267 68.5804 3999.8
1026 1.19773 291.917 67.559 3999.19
1027 1.21695 354.087 66.4984 3998.58
1028 1.23372 395.811 65.6005 3997.98
1029 1.24473 386.979 65.0261 3997.38
1030 1.24778 334.32 64.8732 3996.79
1031 1.24225 276.417 65.1679 3996.2
1032 1.22925 255.428 65.8627 3995.61
1033 1.21139 286.228 66.8398 3995.03
1034 1.19216 345.606 67.9236 3994.45
1035 1.17526 389.401 68.9057 3993.87
1036 1.16387 385.002 69.5853 3993.3
1037 1.1601 335.356 69.817 3992.74
1038 1.16463 276.861 69.5507 3992.17
1039 1.17663 252.676 68.8461 3991.61
1040 1.19389 281.029 67.8559 3991.06
1041 1.21315 341.754 66.7834 3990.5
1042 1.2307 390.958 65.8356 3989.95
1043 1.2431 393.082 65.1838 3989.41
1044 1.24786 346.873 64.9398 3988.86
1045 1.24402 286.242 65.1446 3988.32
1046 1.23236 255.399 65.7654 3987.79
1047 1.21522 276.481 66.6978 3987.26
1048 1.19596 333.418 67.776 3986.73
1049 1.17831 383.827 68.7955 3986.2
1050 1.1656 390.216 69.5497 3985.68
1051 1.16019 347.572 69.8783 3985.16
1052 1.16306 287.102 69.7096 3984.65
1053 1.1737 253.36 69.0818 3984.14
1054 1.19013 271.543 68.1316 3983.63
1055 1.20928 328.923 67.0564 3983.12
1056 1.22748 384.068 66.066 3982.62
1057 1.24115 397.094 65.3415 3982.12
1058 1.24759 358.802 65.0081 3981.62
1059 1.24548 297.357 65.1217 3981.13
1060 1.23525 257.617 65.6641 3980.64
1061 1.21896 268.286 66.5448 3980.15
1062 1.19983 320.946 67.609 3979.67
1063 1.18157 376.347 68.6572 3979.19
1064 1.16764 393.307 69.4795 3978.71
1065 1.16062 359.016 69.9022 3978.24
1066 1.16182 298.499 69.8332 3977.77
1067 1.17101 256.292 69.2882 3977.3
1068 1.18649 263.754 68.3867 3976.83
1069 1.20538 315.997 67.3177 3976.37
1070 1.22407 375.357 66.2925 3975.91
1071 1.23891 398.886 65.5008 3975.45
1072 1.24696 369.731 65.0805 3975
1073 1.24659 309.411 65.102 3974.55
1074 1.23789 262.017 65.5622 3974.1
1075 1.22259 261.907 66.3848 3973.65
1076 1.20374 308.591 67.4266 3973.21
1077 1.185 367.202 68.4948 3972.77
1078 1.16995 394.178 69.3781 3972.33
1079 1.1614 369.323 69.8913 3971.9
1080 1.16091 310.689 69.9228 3971.47
1081 1.16857 261.374 69.466 3971.04
1082 1.18299 257.904 68.6215 3970.61
1083 1.20146 303.38 67.5679 3970.19
1084 1.2205 365.096 66.516 3969.76
1085 1.23638 398.399 65.6628 3969.34
1086 1.24598 379.311 65.1586 3968.93
1087 1.24736 322.026 65.088 3968.51
1088 1.24025 268.464 65.4629 3968.1
1089 1.22607 257.554 66.2214 3967.69
1090 1.20765 296.753 67.2328 3967.29
1091 1.18859 356.686 68.3123 3966.88
1092 1.17254 392.805 69.2488 3966.48
1093 1.1625 378.167 69.848 3966.08
1094 1.16033 323.281 69.98 3965.69
1095 1.16642 268.44 69.6159 3965.29
1096 1.17965 254.174 68.836 3964.9
1097 1.19757 291.467 67.8069 3964.51
1098 1.2168 353.606 66.7367 3964.12
1099 1.2336 395.645 65.8285 3963.74
1100 1.24467 387.238 65.2439 3963.35
1101 1.24779 334.802 65.0818 3962.97
1102 1.24232 276.758 65.3689 3962.59
1103 1.22938 255.369 66.0579 3962.22
1104 1.21154 285.81 67.0313 3961.84
1105 1.1923 345.138 68.1133 3961.47
1106 1.17538 389.233 69.095 3961.1
1107 1.16393 385.268 69.7748 3960.74
1108 1.16009 335.874 70.0063 3960.37
1109 1.16456 277.262 69.7384 3960.01
1110 1.17651 252.675 69.0304 3959.65
1111 1.19374 280.631 68.0346 3959.29
1112 1.213 341.248 66.9548 3958.94
1113 1.23058 390.709 65.9985 3958.58
1114 1.24303 393.262 65.3378 3958.23
1115 1.24785 347.337 65.0853 3957.88
1116 1.24408 286.638 65.2826 3957.53
1117 1.23248 255.428 65.8974 3957.18
1118 1.21537 276.118 66.8255 3956.84
1119 1.19611 332.929 67.9013 3956.5
1120 1.17844 383.579 68.9199 3956.16
1121 1.16568 390.4 69.6743 3955.82
1122 1.1602 348.066 70.0032 3955.48
1123 1.16301 287.556 69.8342 3955.15
1124 1.17359 253.451 69.2046 3954.82
1125 1.18998 271.209 68.2508 3954.49
1126 1.20913 328.408 67.1701 3954.16
1127 1.22734 383.744 66.1729 3953.83
1128 1.24107 397.188 65.4409 3953.51
1129 1.24757 359.233 65.0999 3953.19
1130 1.24552 297.795 65.2063 3952.86
1131 1.23536 257.733 65.7426 3952.54
1132 1.21911 267.988 66.6186 3952.23
1133 1.19999 320.453 67.6798 3951.91
1134 1.1817 376.026 68.7266 3951.6
1135 1.16772 393.404 69.5489 3951.29
1136 1.16065 359.472 69.9723 3950.98
1137 1.16178 298.992 69.9038 3950.67
1138 1.1709 256.472 69.3585 3950.36
1139 1.18635 263.494 68.4551 3950.06
1140 1.20522 315.489 67.3824 3949.76
1141 1.22393 374.968 66.352 3949.45
1142 1.23881 398.891 65.554 3949.15
1143 1.24692 370.114 65.1269 3948.86
1144 1.24663 309.878 65.1417 3948.56
1145 1.23798 262.215 65.5959 3948.27
1146 1.22273 261.684 66.4134 3947.97
1147 1.20389 308.11 67.4518 3947.68
1148 1.18514 366.82 68.5182 3947.39
1149 1.17005 394.185 69.4011 3947.1
1150 1.16143 369.726 69.9152 3946.82
1151 1.16088 311.205 69.9479 3946.53
1152 1.16848 261.636 69.4919 3946.25
1153 1.18285 257.727 68.6468 3945.97
1154 1.20131 302.895 67.5911 3945.69
1155 1.22035 364.654 66.5355 3945.41
1156 1.23628 398.315 65.6773 3945.13
1157 1.24594 379.634 65.1672 3944.86
1158 1.24739 322.506 65.0904 3944.58
1159 1.24034 268.738 65.4593 3944.31
1160 1.2262 257.413 66.2127 3944.04
1161 1.2078 296.298 67.2203 3943.77
1162 1.18874 356.255 68.2975 3943.5
1163 1.17265 392.722 69.2334 3943.24
1164 1.16255 378.505 69.8334 3942.97
1165 1.16031 323.805 69.9671 3942.71
1166 1.16634 268.777 69.6045 3942.45
1167 1.17952 254.085 68.8254 3942.19
1168 1.19742 291.019 67.7954 3941.93
1169 1.21665 353.125 66.7229 3941.67
1170 1.23348 395.474 65.8109 3941.42
1171 1.24461 387.492 65.2213 3941.16
1172 1.24779 335.281 65.0536 3940.91
1173 1.2424 277.099 65.3349 3940.66
1174 1.2295 255.315 66.0188 3940.4
1175 1.21169 285.397 66.988 3940.16
1176 1.19245 344.672 68.0673 3939.91
1177 1.17549 389.063 69.0481 3939.66
1178 1.164 385.53 69.7287 3939.42
1179 1.16009 336.389 69.9621 3939.17
1180 1.16449 277.663 69.6964 3938.93
1181 1.17639 252.677 68.99 3938.69
1182 1.19359 280.234 67.9946 3938.45
1183 1.21284 340.742 66.9136 3938.21
1184 1.23045 390.457 65.9546 3937.97
1185 1.24295 393.437 65.2898 3937.74
1186 1.24785 347.798 65.0323 3937.5
1187 1.24415 287.035 65.2243 3937.27
1188 1.2326 255.461 65.8338 3937.04
1189 1.21551 275.759 66.7576 3936.81
1190 1.19626 332.443 67.8304 3936.58
1191 1.17856 383.329 68.8477 3936.35
1192 1.16575 390.58 69.6027 3936.12
1193 1.16021 348.557 69.9336 3935.9
1194 1.16295 288.009 69.7672 3935.67
1195 1.17347 253.543 69.1401 3935.45
1196 1.18984 270.876 68.1877 3935.22
1197 1.20897 327.894 67.1069 3935
1198 1.22721 383.418 66.1079 3934.78
1199 1.24098 397.279 65.3727 3934.56
1200 1.24755 359.661 65.0273 3934.35
1201 1.24557 298.236 65.1287 3934.13
1202 1.23547 257.853 65.6599 3933.91
1203 1.21925 267.695 66.5314 3933.7
1204 1.20014 319.963 67.5893 3933.49
1205 1.18183 375.704 68.6346 3933.28
1206 1.16781 393.496 69.4572 3933.07
1207 1.16067 359.922 69.8826 3932.86
1208 1.16173 299.483 69.817 3932.65
1209 1.1708 256.652 69.2747 3932.44
1210 1.1862 263.237 68.3735 3932.23
1211 1.20506 314.982 67.3017 3932.03
1212 1.22379 374.577 66.2705 3931.82
1213 1.23872 398.894 65.47 3931.62
1214 1.24689 370.496 65.0392 3931.42
1215 1.24666 310.348 65.0493 3931.22
1216 1.23808 262.419 65.4986 3931.02
1217 1.22287 261.467 66.3116 3930.82
1218 1.20405 307.632 67.3465 3930.62
1219 1.18528 366.436 68.411 3930.42
1220 1.17015 394.186 69.294 3930.23
1221 1.16147 370.123 69.8099 3930.03
1222 1.16085 311.718 69.8457 3929.84
1223 1.16839 261.899 69.3931 3929.65
1224 1.18271 257.552 68.551 3929.46
1225 1.20115 302.412 67.4975 3929.27
1226 1.2202 364.214 66.4425 3929.09
1227 1.23617 398.234 65.5832 3928.9
1228 1.24589 379.964 65.0705 3928.72
1229 1.24741 322.996 64.9901 3928.53
1230 1.24042 269.023 65.355 3928.35
1231 1.22634 257.282 66.1044 3928.17
1232 1.20796 295.849 67.109 3927.99
1233 1.18888 355.823 68.1848 3927.81
1234 1.17275 392.633 69.1212 3927.63
1235 1.1626 378.836 69.7235 3927.46
1236 1.1603 324.323 69.8609 3927.28
1237 1.16626 269.113 69.5027 3927.1
1238 1.17939 253.996 68.7274 3926.93
1239 1.19727 290.574 67.7003 3926.76
1240 1.2165 352.646 66.6289 3926.58
1241 1.23337 395.308 65.7163 3926.41
1242 1.24455 387.752 65.1247 3926.24
1243 1.2478 335.769 64.9536 3926.07
1244 1.24247 277.452 65.2312 3925.9
1245 1.22963 255.27 65.9112 3925.73
1246 1.21184 284.99 66.8774 3925.56
1247 1.1926 344.205 67.9551 3925.4
1248 1.17561 388.888 68.9361 3925.23
1249 1.16406 385.786 69.6189 3925.07
1250 1.16009 336.898 69.8559 3924.9
1251 1.16442 278.062 69.5947 3924.74
1252 1.17627 252.679 68.8926 3924.58
1253 1.19343 279.84 67.9004 3924.41
1254 1.21269 340.24 66.821 3924.25
1255 1.23033 390.209 65.8619 3924.09
1256 1.24288 393.619 65.1954 3923.93
1257 1.24784 348.269 64.935 3923.77
1258 1.24421 287.445 65.1234 3923.62
1259 1.23271 255.506 65.7293 3923.46
1260 1.21566 275.407 66.65 3923.3
1261 1.19641 331.958 67.721 3923.15
1262 1.17868 383.073 68.7384 3922.99
1263 1.16583 390.752 69.4953 3922.84
1264 1.16022 349.04 69.8298 3922.69
1265 1.1629 288.458 69.668 3922.53
1266 1.17336 253.635 69.0452 3922.38
1267 1.18969 270.546 68.0964 3922.23
1268 1.20882 327.382 67.0177 3922.08
1269 1.22708 383.096 66.0191 3921.93
1270 1.2409 397.376 65.2826 3921.78
1271 1.24753 360.1 64.9346 3921.63
1272 1.24562 298.689 65.0326 3921.49
1273 1.23557 257.985 65.5602 3921.34
1274 1.2194 267.41 66.4287 3921.19
1275 1.20029 319.474 67.4847 3921.05
1276 1.18196 375.377 68.5298 3920.91
1277 1.16789 393.579 69.3542 3920.76
1278 1.16069 360.365 69.7831 3920.62
1279 1.16169 299.968 69.722 3920.48
1280 1.1707 256.83 69.1843 3920.34
1281 1.18606 262.98 68.287 3920.19
1282 1.20491 314.477 67.2176 3920.05
1283 1.22365 374.191 66.1871 3919.91
1284 1.23862 398.904 65.3857 3919.78
1285 1.24686 370.888 64.9526 3919.64
1286 1.2467 310.83 64.9596 3919.5
1287 1.23818 262.635 65.4054 3919.36
1288 1.22301 261.259 66.2154 3919.23
1289 1.2042 307.156 67.2483 3919.09
1290 1.18542 366.048 68.3125 3918.96
1291 1.17024 394.179 69.1971 3918.82
1292 1.16151 370.511 69.7163 3918.69
1293 1.16082 312.225 69.7566 3918.56
1294 1.1683 262.158 69.3087 3918.42
1295 1.18258 257.377 68.4706 3918.29
1296 1.201 301.928 67.4193 3918.16
1297 1.22006 363.772 66.3647 3918.03
1298 1.23606 398.15 65.5043 3917.9
1299 1.24584 380.291 64.989 3917.77
full duration of calculation: 35.538 sec
