i = 0 7000 600.005 297.816 30 1.25414 774.811 1959.72 7497.95 111.548 318.345 9509 83.363
i = 201 7000 600.001 298.65 45 -833.726 -840.76 1723.99 7385.28 5.17371 319.272 11101 96.978
i = 134 7000.03 600.002 301.576 30 393.967 -255.4 1174.15 2699.87 1149.91 323.633 12036 106.344
i = 67 7000 599.996 300.564 30 708.781 1048.84 1126.48 4848.06 291.391 321.597 12323 107.825
i = 402 4999.99 599.999 300.337 30 79.7836 -574.847 1234.16 3140.38 1575.58 323.563 12548 108.852
i = 268 7000.02 600.005 301.029 45 1416.32 -42.2726 1255.61 6051.8 914.784 322.65 12595 109.668
i = 668 3000 600.001 301.323 30 -468.224 -596.631 1293.76 3797.25 215.457 322.281 13930 120.859
i = 335 7000.02 600.005 300.423 45 310.563 1490.25 934.269 5386.26 2299.77 327 14378 125.062
i = 602 3000.01 600.004 301.411 30 614.724 267.063 1015.29 2498.89 1203.06 323.633 15031 129.48
i = 469 5000.01 599.999 300.757 29.9999 542.192 688.19 859.333 2542.79 2052.84 325.93 15102 131.408
i = 734 3000.01 600.003 300.531 30 234.19 -317.133 721.234 1140.68 589.08 214.698 17718 155.266
i = 1 7000 600.002 300.127 30 617.766 319.544 1709.06 5748.39 996.473 322.124 10200 91.222
i = 536 4999.99 600 297.425 30 -237.258 -247.201 434.747 517.336 1901.2 321.295 20423 178.635
i = 135 7000 600.003 299.057 30.0001 1365.48 389.987 1293.68 6230.62 43.943 319.944 11556 101.195
i = 202 7000.02 600.006 300.066 45 1000.24 585.816 1097.16 4301.09 2244.94 326.054 13390 116.693
i = 68 6999.99 600 300.717 30 -1209.09 730.701 983.647 5003.41 670.283 321.99 13199 115.554
i = 403 5000.01 600 301.829 29.9999 -341.207 267.246 965.268 1890.31 2789.78 330.198 13873 121.983
i = 669 3000 599.998 297.213 30 -80.9651 376.606 1214.27 2740 471.373 318.25 14106 124.037
i = 336 6999.97 599.998 298.458 45 -1139.24 -173.993 897.977 3603.9 2339.22 324.106 14716 128.571
i = 603 3000 599.999 300.466 30 242.397 -397.745 1072.73 2309.26 467.217 321.451 14875 129.55
i = 2 6999.99 599.999 300.442 30 46.2079 522.972 1391.4 3734.14 452.186 320.794 10970 96.233
i = 136 7000 600 300.13 30.0001 -102.906 861.566 1536.63 5257.9 671.414 321.435 10581 94.54
i = 470 4999.99 599.999 298.285 30 127.783 -647.863 483.34 1130.68 1768.9 322.256 19605 170.895
i = 269 7000.01 599.998 297.642 45 -1364.61 -222.221 362.598 3449.45 2363.02 324.826 22903 200.536
i = 735 3000 600 299.812 30 573.186 -668.986 735.411 2223.48 9.05938 320.652 17668 155.301
