5000 600 300 30 -1061.31 610 1005.18 4235.99 1931.91 324.943 6703 329.965
5000 600 300 30 431.924 123.508 953.627 1876.18 2256.7 327.399 7023 349.361
5000 600 300 30 -976.683 -787.243 924.998 4101.61 771.47 321.933 7119 351.945
5000 600 300 30 1038.15 17.8878 928.355 3275.38 2217.42 326.187 7128 355.878
5000 600 300 30 351.336 673.854 810.836 2085.13 2684.03 328.443 7577 372.536
5000 600 300 30 1202.06 -288.622 645.773 3284.41 1526.86 324.352 8671 426.334
5000 600 300 30 41.4834 959.109 632.508 2231.53 1921.53 325.683 8663 426.777
5000 600 300 30 -488.644 830.513 588.907 2153.29 2941.21 329.579 9068 445.423
5000 600 300 30 -540.661 -351.192 493.299 1112.65 2752.78 328.206 9629 476.482
5000 600 300 30 -762.107 -270.62 464.203 1468.11 1860.86 324.348 10146 497.523
5000 600 300 30 -809.281 62.7186 1200.88 3547.31 2478.42 327.039 6292 313.986
5000 600 300 30 202.005 -703.682 1313.67 3818.66 1998.49 325.735 6188 309.186
5000 600 300 30 434.123 -40.1476 1386.46 3566.5 899.183 322.653 5964 299.006
5000 600 300 30 -687.996 -74.4362 976.146 2417.36 2288.56 326.95 6942 342.653
5000 600 300 30 871.498 393.69 1488.44 5284.61 190.602 321.471 5481 272.913
5000 600 300 30 857.801 -716.883 815.318 3232.43 1956.89 326.058 7681 380.368
5000 600 300 30 468.864 1064.57 474.239 2664.4 3208.65 331.107 9764 483.057
5000 600 300 30 973.642 -4.78173 986.346 3243.22 2269.08 327.778 6886 341.364
5000 600 300 30 1311.59 -137.514 681.661 3721 1325.73 323.097 8230 408.951
5000 600 300 30 -892.865 -262.376 310.092 1624.6 651.207 321.764 18374 903.908
5000 600 300 30 -448.853 150.801 1343.63 3426.7 171.186 321.481 5843 291.966
5000 600 300 30 265.691 1239.39 1151.07 4949.8 498.467 321.828 6472 325.465
5000 600 300 30 402.813 -551.367 1422.81 4205.23 444.817 321.826 5824 291.054
5000 600 300 30 -472.627 440.46 938.4 2191.51 1756.59 325.25 7114 355.095
5000 600 300 30 -209.244 -573.197 830.221 1792.42 2056.91 325.201 7430 373.63
5000 600 300 30 1117.98 -160.42 256.452 2264.78 2889.53 329.994 13314 654.811
5000 600 300 30 773.366 509.555 1054.74 3326.54 2904.65 330.991 6817 342.39
5000 600 300 30 469.321 1129.18 585.779 3104.03 1155.31 323.233 9028 448.608
5000 600 300 30 61.4248 814.249 716.228 1991.91 2943.17 329.716 8122 406.66
5000 600 300 30 343.681 28.3662 1230.51 2757.3 2542.87 328.969 6093 307.443
5000 600 300 30 -409.181 -1324.7 693.826 4058.34 1344.01 323.061 8140 405.627
5000 600 300 30 53.3256 -333.651 762.216 1173.68 4646.42 341.29 7762 385.319
5000 600 300 30 -781.452 -760.683 836.458 3189.35 1506.68 323.098 7501 376.925
5000 600 300 30 -989.282 -792.36 635.521 3394.37 1700.52 324.457 8694 434.089
5000 600 300 30 232.224 1274.75 711.034 3688.28 1432.58 324.145 8104 404.785
5000 600 300 30 657.838 -354.14 1207.08 3402.48 1700.6 324.673 6378 321.063
5000 600 300 30 -208.599 792.785 211.406 1210.1 2424.96 326.819 14547 719.04
5000 600 300 30 772.594 752.455 844.111 3166.8 347.431 321.778 7468 373.109
5000 600 300 30 148.758 -1022.55 925.668 3249.5 999.485 322.238 7230 360.376
5000 600 300 30 727.871 397.923 962.571 2726.24 2997.49 331.898 6946 347.691
5000 600 300 30 -677.992 -1040.12 535.688 3087.24 2674.97 327.928 9413 470.957
5000 600 300 30 78.0748 152.754 1025.9 1826.69 1760.69 324.382 6654 333.402
5000 600 300 30 621.712 100.427 427.812 978.659 2167.98 325.43 10500 523.593
5000 600 300 30 -255.648 -3.14165 1325.99 3078.99 2301.13 326.101 6012 307.4
5000 600 300 30 904.084 -216.531 384.616 1708.98 2450.73 327.913 11034 550.482
5000 600 300 30 579.887 896.86 940.582 3419.57 1639.46 324.036 7157 358.342
5000 600 300 30 171.528 -638.266 893.383 2085.08 2589.58 328.636 7263 364.968
5000 600 300 30 374.479 -606.356 878.006 2159.13 996.356 322.355 17765 880.576
5000 600 300 30 -549.762 -1005.22 323.228 2392.77 1326.27 323.508 11830 585.975
5000 600 300 30 323.161 -406.855 959.824 2011.27 2240.22 326.013 6998 348.45
5000 600 300 30 -500.522 926.408 166.328 1918.74 1681.95 323.823 16068 793.682
5000 600 300 30 -928.952 452.137 581.831 2373.74 1282.41 322.793 22435 1107.26
5000 600 300 30 1150.79 -281.238 252.56 2477.24 581.672 322.048 33596 1657.89
5000 600 300 30 -935.415 601.291 657.907 2818.62 2232.7 326.01 8490 410.259
5000 600 300 30 -317.079 -150.198 1220.26 2721.92 1625.81 324.921 6237 306.246
5000 600 300 30 563.582 -734.56 481.871 1839.36 2247.21 327 9895 482.877
5000 600 300 30 -292.291 1093.36 771.294 3167.07 691.411 321.962 7917 384.422
5000 600 300 30 1057.31 -343.009 1397.64 5384.25 127.915 321.451 6080 281.207
5000 600 300 30 697.899 240.227 826.408 2072.89 1778.46 324.525 7630 363.101
5000 600 300 30 -426.948 192.264 1303.29 3238.03 811.898 322.413 6173 294.176
5000 600 300 30 551.304 -53.1115 753.427 1476.36 3208.21 332.818 7813 305.217
5000 600 300 30 -1036.9 -577.013 615.017 3016.09 1273.28 322.907 8729 360.039
5000 600 300 30 496.254 994.689 609.967 2714.51 1782.96 324.71 8729 368.579
5000 600 300 30 634.478 -909.147 55.546 2080.45 2128.28 326.071 22246 918.976
5000 600 300 30 186.647 1110.93 199.689 2209.92 2933.59 329.136 15047 615.783
5000 600 300 30 -458.512 -242.183 1213.42 2939.97 1267.47 323.426 6398 230.236
5000 600 300 30 -1158.38 -88.1407 287.475 2418.23 590.187 321.87 44379 1881.78
5000 600 300 30 391.67 -664.15 562.421 1537.83 2544.78 327.545 9144 284.963
5000 600 300 30 601.952 -798.17 243.531 1787.56 2971.09 331.163 13854 437.961
5000 600 300 30 -449.373 -109.228 402.785 635.014 2876.95 328.971 10628 308.182
5000 600 300 30 -225.686 -230.479 1112.91 2266.9 2581.83 328.693 6516 188.306
5000 600 300 30 -20.8639 -1068.7 571.278 2480.13 681.16 322.009 36178 1099.64
5000 600 300 30 -475.509 -419.832 626.57 1342.21 2601.76 328.504 8615 241.537
5000 600 300 30 -600.226 -104.571 224.624 711.936 525.872 321.663 177784 6202.44
5000 600 300 30 655.177 -45.6648 1090.21 2735.04 1852.74 325.492 6596 185.798
5000 600 300 30 -90.8965 -1017.63 881.181 3073.44 2137 326.911 7243 200.792
5000 600 300 30 905.555 681.29 1253.62 4821.67 502.318 321.613 6271 173.96
5000 600 300 30 -1207.82 -80.9046 935.617 3952.15 940.514 322.204 7216 200.047
5000 600 300 30 -139.649 319.25 1351.95 3291.04 1031.76 322.221 5990 167.027
5000 600 300 30 1141.98 20.3427 639.75 2893.63 825.11 322.02 8631 238.695
