3000 600 300 45 343.59 633.347 913.916 2286.82 334.196 321.768 8466 433.995
3000 600 300 45 540.64 -761.128 848.767 2687.97 338.757 321.553 8917 453.531
3000 600 300 45 326.706 -1022.92 743.812 2881.02 1263.01 323.085 9417 477.992
3000 600 300 45 289.445 -866.29 581.109 1978.68 2099.97 325.682 10344 529.288
3000 600 300 45 -407.557 1010.07 531.942 2480.77 1194.69 323.039 10694 546.667
3000 600 300 45 -467.554 -777.745 455.308 1740.41 745.959 321.946 11503 583.207
3000 600 300 45 924.206 -381.559 339.061 1882.08 455.708 321.866 13258 671.881
3000 600 300 45 227.324 716.288 215.077 1031.62 932.39 322.168 15724 799.238
3000 600 300 45 279.174 -289.787 840.072 1464.92 1629.13 323.67 8718 445.294
3000 600 300 45 931.613 -420.664 595.965 2363.83 565.192 321.757 10365 525.14
3000 600 300 45 779.909 -657.114 403.084 2030.36 580.126 322.009 12325 623.011
3000 600 300 45 -211.306 755.817 545.911 1543.08 965.497 322.322 22449 1136.7
3000 600 300 45 -804.572 119.96 313.096 1282.78 939.027 322.593 13691 697.473
3000 600 300 45 -815.594 167.75 259.495 1284.32 562.917 321.622 14808 749.012
3000 600 300 45 -458.826 475.297 581.405 1307.6 1247.09 322.694 10436 526.617
3000 600 300 45 220.089 1043.74 251.082 2027.56 44.1805 321.514 27827 1401.38
3000 600 300 45 1016.68 -11.1198 266.758 1865.54 1302.42 322.814 14579 733.848
3000 600 300 45 -509.523 -168.662 1258.9 3162.21 148.687 321.615 7252 365.73
3000 600 300 45 -195.167 -682.327 745.471 1788.68 1549.34 324.463 9247 465.425
3000 600 300 45 679.982 -176.513 411.088 1118.61 1867.47 325.673 12032 607.593
3000 600 300 45 1045.09 -106.625 330.168 2047.36 1353.8 323.071 13213 660.901
3000 600 300 45 792.222 -462.914 49.3252 1425.58 1365.5 323.509 24193 1209.55
3000 600 300 45 -101.348 -676.277 841.586 1985.38 878.788 322.337 37814 1894.79
3000 600 300 45 284.704 425.87 364.1 666.906 225.091 321.521 39332 1977.97
3000 600 300 45 -826.292 -390.881 913.431 2819.47 792.199 321.853 8586 434.883
3000 600 300 45 490.532 94.7294 502.238 847.306 1340.54 323.374 16902 847.488
3000 600 300 45 -641.186 -60.045 714.124 1561.27 1127.3 322.837 9452 478.626
3000 600 300 45 225.565 -594.925 798.485 1759.98 1080.17 322.419 9076 460
3000 600 300 45 -799.846 463.573 566.539 1984.92 844.757 321.95 10515 533.49
3000 600 300 45 -368.471 -826.933 359.007 1601.41 1883.46 325.209 12761 642.525
3000 600 300 45 704.667 -657.741 680.868 2351.54 1116.67 322.911 9763 496.715
3000 600 300 45 348.688 690.575 580.148 1578.74 1342.25 323.617 10042 509.116
3000 600 300 45 -1034.6 -295.68 782.688 2989.2 364.118 321.579 9170 470.014
3000 600 300 45 915.076 29.3685 184.79 1472.92 1047.36 322.606 16849 851.33
3000 600 300 45 -266.144 -1257.67 362.906 3012.58 709.463 321.938 12885 651.008
3000 600 300 45 -305.778 917.262 73.7594 1587.63 2327.59 327.092 30717 1544.28
3000 600 300 45 302.244 256.299 842.859 1464.61 1726.72 325.07 8894 446.804
3000 600 300 45 741.21 -62.523 436.051 1255.23 724.776 321.796 45551 2276.91
3000 600 300 45 -998.508 308.149 635.825 2526.27 1145.49 322.794 9991 501.289
3000 600 300 45 890.788 326.533 568.087 2064.67 1330.57 322.927 10504 527.007
3000 600 300 45 192.439 -978.774 751.72 2634.11 28.2397 321.544 18039 901.288
3000 600 300 45 1042.36 602.589 157.179 2489.28 394.432 321.567 49740 2465.58
3000 600 300 45 -149.935 871.735 523.312 1783.39 776.958 322.144 11028 549.364
3000 600 300 45 1004.6 697.296 436.585 2846.72 476.257 321.708 11853 594.736
3000 600 300 45 67.2923 -513.721 797.252 1526.4 1282.57 323.07 9020 430.044
3000 600 300 45 765.969 752.164 452.776 2291.95 701.623 321.765 11662 521.979
3000 600 300 45 -1017.44 301.633 258.624 2014.35 1515.46 324.266 14466 653.943
3000 600 300 45 -835.289 581.92 313.816 1916.04 285.636 321.532 13679 641.382
3000 600 300 45 382.026 839.327 455.41 1786.02 203.317 321.485 57008 2727.96
3000 600 300 45 -738.255 293.472 881.726 2378.27 583.958 321.675 8725 364.307
3000 600 300 45 -707.963 -146.523 910.608 2282.54 899.538 322.147 8645 406.837
3000 600 300 45 317.178 6.86878 204.302 240.409 657.794 322.032 91646 4322.17
3000 600 300 45 619.051 -364.432 759.159 1844.34 1195.83 322.902 9346 405.811
3000 600 300 45 -151.354 -485.763 591.401 1027.61 1571.23 323.695 10281 447.759
3000 600 300 45 -550.73 -1114.65 567.805 3154.19 604.244 321.673 10592 455.244
3000 600 300 45 -507.23 -724.908 646.424 2027.16 1504.33 324.267 9958 422.846
3000 600 300 45 904.828 -463.878 785.736 2788.03 457.336 321.679 9203 386.286
3000 600 300 45 -663.98 962.22 219.299 2388.8 0.389329 321.527 53179 2132.26
3000 600 300 45 -598.402 778.929 678.293 2405.8 294.381 321.643 9835 410.814
3000 600 300 45 213.213 413.912 466.301 733.139 696.546 322.039 114783 5013.74
3000 600 300 45 -676.211 -203.615 647.357 1549.6 450.047 321.855 9971 394.639
3000 600 300 45 -244.177 437.72 248.539 528.459 2084.53 325.34 14845 558.817
3000 600 300 45 94.5007 -931.27 716.077 2345.13 1300.77 323.254 9482 322.391
3000 600 300 45 1102.78 -616.429 476.18 3077.71 101.677 321.391 22377 853.297
3000 600 300 45 469.968 437.773 808.609 1800.45 1474.76 323.262 9075 293.153
3000 600 300 45 -201.002 194.452 454.657 481.072 39.5861 321.477 129014 5188.43
3000 600 300 45 -985.942 684.168 529.581 2905.11 371.9 321.787 10971 340.899
3000 600 300 45 -260.377 -576.101 510.548 1114.94 1445.21 323.185 11005 342.883
3000 600 300 45 373.038 -738.7 576.738 1717.89 1686.12 324.745 10470 310.164
3000 600 300 45 333.109 -157.125 386.989 481.888 359.053 321.512 299941 10892.9
3000 600 300 45 -346.922 -423.664 1123.84 2638.73 1343.27 322.952 7932 237.465
3000 600 300 45 688.37 -640.805 409.401 1776.36 903.655 322.591 12116 359.336
3000 600 300 45 -226.287 -373.248 530.076 796.084 1294.82 323.628 10751 317.556
3000 600 300 45 -519.467 425.794 336.997 953.464 1048.25 322.303 13224 386.803
3000 600 300 45 -976.739 -506.985 501.226 2468.92 1312.85 322.934 11001 314.918
3000 600 300 45 -883.272 337.194 756.603 2475.74 816.709 322.274 9336 265.14
3000 600 300 45 -427 227.961 1121.79 2520.31 115.358 321.373 7949 228.52
3000 600 300 45 -573.021 -160.827 699.248 1423.61 545.487 322.062 77623 2155.41
3000 600 300 45 -355.138 397.683 986.6 2123.43 655.684 322 8333 231.045
3000 600 300 45 915.19 25.7075 596.138 2015.31 241.735 321.47 50762 1381.48
