3000 600 300 30 435.519 235.765 1384.45 3650.29 297.91 321.65 6676 339.609
3000 600 300 30 -550.228 -537.139 1198.51 3423.56 173.975 321.59 7110 359.515
3000 600 300 30 -287.731 274.079 1129.7 2421.4 27.8364 321.564 7252 365.824
3000 600 300 30 -401.552 -842.938 1106.48 3539.03 547.048 321.856 7332 369.467
3000 600 300 30 -799.614 -315.492 1101.14 3294.8 231.932 321.676 7397 374.152
3000 600 300 30 -682.976 -42.8199 1023.04 2557.77 790.486 322.053 7665 384.931
3000 600 300 30 78.7151 783.144 805.511 2141.5 1551.53 323.71 8278 411.371
3000 600 300 30 616.323 -75.6865 867.095 1920.45 1024.99 322.478 8209 412.835
3000 600 300 30 -707.946 -40.0973 716.808 1716.45 741.587 321.878 8934 451.383
3000 600 300 30 -573.891 648.531 413.712 1555.19 548.744 322.038 11469 571.872
3000 600 300 30 -333.632 -911.154 406.129 1868.14 72.9608 321.559 11651 584.23
3000 600 300 30 -881.81 64.1718 307.869 1479.87 457.44 321.798 13037 651.968
3000 600 300 30 -498.527 -462.294 1066.68 2701.53 224.723 321.557 7422 372.856
3000 600 300 30 -491.798 -103.231 1162.61 2708.52 225.943 321.5 7195 361.267
3000 600 300 30 386.315 -75.3021 983.311 1894.07 225.666 321.67 7681 384.47
3000 600 300 30 10.2004 752.217 1354.63 4053.79 36.6569 321.406 6803 344.536
3000 600 300 30 88.738 241.737 997.125 1790.67 859.706 322.529 7677 388.123
3000 600 300 30 72.2588 508.735 985.133 2084.37 258.984 321.489 7655 386.08
3000 600 300 30 -229.038 44.0009 831.878 1260.25 584.208 321.658 8302 413.494
3000 600 300 30 609.002 -169.653 1341.2 3711.93 196.865 321.512 6762 342.339
3000 600 300 30 -288.951 466.749 999.535 2195.63 510.248 321.64 7651 383.355
3000 600 300 30 572.638 -309.004 371.801 948.265 2132.51 326.493 11800 590.224
3000 600 300 30 -312.896 1058.18 318.791 2227.47 865.999 321.972 12873 643.87
3000 600 300 30 -655.64 464.255 1043.23 2927.24 455.057 321.708 7564 383.004
3000 600 300 30 -72.7133 -902.215 1077.87 3344.86 285.301 321.701 7464 378.395
3000 600 300 30 5.83622 -322.172 1143.59 2383.39 274.351 321.548 7274 371.629
3000 600 300 30 1043.36 -112.642 903.058 3236.34 266.313 321.637 8003 405.964
3000 600 300 30 303.564 458.732 663.961 1255.21 457.971 321.552 9234 468.888
3000 600 300 30 -775.64 -544.421 749.934 2465.77 216.078 321.619 8675 438.199
3000 600 300 30 -657.262 732.397 875.657 2929.68 486.311 321.726 8074 413.126
3000 600 300 30 -219.313 220.739 1088.79 2165.03 740.005 321.799 7369 379.399
3000 600 300 30 -497.397 536.79 1028.63 2690.68 394.908 321.761 7615 388.555
3000 600 300 30 -290.227 -138.984 1330.77 3164.92 304.195 321.517 6809 346.899
3000 600 300 30 -404.615 589.399 747.596 1806.6 23.7268 321.41 8413 428.55
3000 600 300 30 237.43 252.372 826.336 1355.61 506.005 321.946 8323 425.883
3000 600 300 30 342.994 -222.93 952.782 1815.26 480.792 321.732 7779 397.69
3000 600 300 30 -54.4017 23.2064 1261.64 2693.41 956.605 322.686 6682 344.188
3000 600 300 30 866.683 48.4094 955.976 2815.2 127.392 321.486 7742 398.145
3000 600 300 30 97.1745 -854.542 1062.24 3154.02 119.796 321.469 7632 392.794
3000 600 300 30 -874.914 389.644 472.599 1925.88 289.044 321.507 10816 554.292
3000 600 300 30 -425.927 -207.993 1175.69 2713.14 56.7712 321.467 7095 366.578
3000 600 300 30 -485.955 -538.602 812.997 2004.49 14.629 321.435 8418 432.722
3000 600 300 30 -861.586 -381.332 833.182 2670.95 38.6928 321.517 8224 423.604
3000 600 300 30 -535.407 -92.209 1027.41 2280.58 79.9559 321.491 7548 389.14
3000 600 300 30 414.092 318.304 1250.87 3102.39 268.451 321.456 6940 363.383
3000 600 300 30 301.469 672.317 1095.53 2943.03 271.042 321.759 7248 374.971
3000 600 300 30 -320.937 22.9982 522.467 635.688 2254.08 326.678 10224 525.367
3000 600 300 30 -765.91 476.411 624.736 2032.64 379.016 321.734 9324 476.762
3000 600 300 30 -450.958 468.767 789.734 1767.4 774.666 322.12 8563 437.766
3000 600 300 30 -508.38 605.687 597.246 1658.03 1125.61 323.102 9616 489.124
3000 600 300 30 -133.85 265.968 903.903 1529.18 241.703 321.65 7889 404.605
3000 600 300 30 200.807 354.579 1218.86 2788.69 588.602 321.506 6945 359.326
3000 600 300 30 -338.391 223.7 987.59 1924.59 173.864 321.544 7761 395.018
3000 600 300 30 -514.527 70.1189 586.763 1036.59 509.733 321.889 9760 498.978
3000 600 300 30 12.8425 -1024.1 415.51 2062.55 1188.46 323.232 11398 579.786
3000 600 300 30 784.389 24.1076 1289.05 3845.34 148.906 321.472 6834 349.802
3000 600 300 30 745.758 444.168 512.779 1716.07 617.258 322.051 10473 535.974
3000 600 300 30 388.158 -228.659 825.397 1492.94 132.261 321.609 8321 426.423
3000 600 300 30 -1023.01 -62.2151 821.903 2914.09 1124.37 322.906 8262 422.707
3000 600 300 30 -336.549 -338.994 1302.02 3247.53 31.0199 321.53 6972 358.948
3000 600 300 30 -515.576 85.9234 1150.15 2694.76 10.3909 321.566 7180 367.552
3000 600 300 30 -48.2893 -374.178 1177.49 2581.26 1016.4 322.566 7124 365.746
3000 600 300 30 422.752 -989.181 348.541 2158.93 151.8 321.613 12407 597.447
3000 600 300 30 -283.674 592.92 1006.62 2440.25 138.787 321.556 7532 366.6
3000 600 300 30 -44.4083 -806.745 796.706 2173.91 185.271 321.56 8531 402.805
3000 600 300 30 101.959 586.563 1132.03 2762.13 132.728 321.606 7247 355.153
3000 600 300 30 513.084 -133.333 1211.53 2952.73 464.176 321.598 7080 346.053
3000 600 300 30 178.476 150.363 744.769 1028.48 640.883 321.691 8655 410.333
3000 600 300 30 -367.025 -402.495 1160.19 2773.64 418.555 321.8 7176 290.877
3000 600 300 30 199.616 -761.664 959.367 2600.76 447.893 321.717 7835 337.73
3000 600 300 30 -149.095 77.6853 1340.48 3081.61 274.227 321.536 6765 286.854
3000 600 300 30 -86.9456 363.555 800.695 1318.38 24.7733 321.427 8445 371.963
3000 600 300 30 -333.738 -784.42 967.397 2807.07 458.958 321.702 7776 258.468
3000 600 300 30 -179.136 -657.234 796.919 1855.77 326.737 321.617 8432 259.776
3000 600 300 30 -446.901 -561.284 303.801 1024.95 1964.9 326.022 19948 612.187
3000 600 300 30 -766.713 -364.92 177.979 1270.85 958.236 322.744 66598 2734.13
3000 600 300 30 493.525 399.346 1216.37 3178.61 269.932 321.444 6941 192.5
3000 600 300 30 -520.242 228.977 1069.35 2476.2 748.1 322.219 7473 207.225
3000 600 300 30 408.879 83.3581 812.111 1407.55 8.54256 321.417 8344 229.992
3000 600 300 30 -346.305 22.1891 1408.8 3554.31 208.587 321.567 6550 181.421
