7000 600 300 45 443.341 922.253 1434.61 5242.84 846.416 313.562 1191 12.209
7000 600 300 45 -832.788 -840.823 1724.9 7388.12 5.16866 313.138 1109 12.433
7000 600 300 45 999.968 585.59 1097.86 4302.3 2243.76 319.645 1338 13.888
7000 600 300 45 -318.328 -1098.38 1015.92 3950.64 2672.62 319.303 1374 14.168
7000 600 300 45 216.486 915.283 1086.66 3487.28 2852.73 322.322 1353 14.708
7000 600 300 45 369.193 1630.53 707.48 5564.08 1852.68 317.045 1666 14.815
7000 600 300 45 1261.25 -326.275 1093.47 4884.34 2510.02 319.878 1348 14.878
7000 600 300 45 1316.64 -29.3277 727.992 3823.19 3236.86 321.991 1583 15.28
7000 600 300 45 1192.92 -734.084 824.263 4459.66 1407.43 314.478 1529 15.903
7000 600 300 45 707.24 -937.019 871.778 3610.13 2542.68 319.353 1454 16.692
7000 600 300 45 369.277 1380.42 619.481 4095.55 3081.37 321.017 1768 18.74
7000 600 300 45 869.497 -596.045 1215.77 4371.94 1626.93 315.568 1257 10.903
7000 600 300 45 -651.127 -1480.52 1049.58 6276.67 562.015 313.982 1368 14.861
7000 600 300 45 963.506 -651.327 1541.27 6294.52 1121.21 314.046 1131 12.525
7000 600 300 45 -1053.61 -132.432 1237.11 4487.9 2277.45 318.187 1262 13.612
7000 600 300 45 -391.552 -20.0926 1251.75 2905.06 2686.68 320.491 1241 14.032
7000 600 300 45 825.32 693.913 822.828 3106.18 1160.25 314.823 1511 16.761
7000 600 300 45 -721.302 -775.87 1313.95 4809.77 3518.24 325.838 1205 13.147
7000 600 300 45 -408.42 1396.55 970.382 5164.5 1498.6 315.365 1377 15.325
7000 600 300 45 -1234.7 -546.707 667.039 3829.85 1996.56 316.828 1710 16.988
7000 600 300 45 880.808 52.9651 478.413 1701.08 2862.92 323.636 1987 19.896
7000 600 300 45 1225.6 942.923 479.588 4425.65 2091.51 318.716 2004 21.573
7000 600 300 45 -1175.76 -291.477 1438.76 5972.55 1268.96 314.187 1204 11.519
7000 600 300 45 -139.718 1019.86 1121.09 3911.16 2221.06 318.917 1311 13.766
7000 600 300 45 -1142.04 860.459 1191.92 5850.87 1480.75 315.204 1306 13.53
7000 600 300 45 -1025.23 -206.721 1155.2 4099.97 1847.63 316.465 1263 15.347
7000 600 300 45 1298.67 -1144.12 371.847 5291.18 1425.29 316.01 2232 20.959
7000 600 300 45 1009.27 797.47 676.621 3566.58 2494.96 319.626 1680 16.633
7000 600 300 45 -328.146 1551.89 779.763 5274.71 1364.8 315.707 1538 15.645
7000 600 300 45 -820.854 -827.416 1252.84 4943.71 575.346 313.388 1272 13.371
7000 600 300 45 1344 -949.664 601.733 5183.86 1765.69 316.247 1823 18.821
7000 600 300 45 648.703 -1462.25 568.652 4866.61 2006.53 316.398 1870 19.61
7000 600 300 45 359.813 -847.547 1641.38 5980.21 207.585 313.179 1083 12.017
7000 600 300 45 -1306.2 -114.516 953.997 4439.47 1648.32 315.184 1443 15.479
7000 600 300 45 1552.49 687.043 654.729 5590.2 53.7515 313.098 1720 17.825
7000 600 300 45 -127.275 -835.399 850.878 2428.07 3931.27 326.289 1498 16.992
7000 600 300 45 1301.6 628.939 1098.23 5564.7 1102.45 314.508 1350 14.422
7000 600 300 45 -1262.65 -661.038 796.42 4500.5 380.18 313.163 6411 64.756
7000 600 300 45 -849.104 -1122.87 671.263 4106.9 1734.32 317.16 1691 16.297
7000 600 300 45 289.4 -440.948 1262.27 3159.86 1424.04 316.069 1224 13.124
7000 600 300 45 -1270.13 702.598 501.929 3982.62 2897.06 323.325 1901 18.232
7000 600 300 45 -635.849 -538.177 956.72 2717.07 4480.16 332.569 1401 15.689
7000 600 300 45 1552.65 -472.734 669.289 5203.94 1024.79 313.881 1670 16.887
7000 600 300 45 1172.46 -299.436 1760.96 7708.07 376.186 285.043 1083 11.791
7000 600 300 45 613.195 552.668 817.129 2277.91 3384.26 899.469 1544 15.082
7000 600 300 45 1062.78 -235.84 1443.55 5519.36 1727.62 315.536 1148 12.828
7000 600 300 45 -553.274 1307.78 812.062 4517.92 1457.2 315.933 1535 16.26
7000 600 300 45 804.662 94.7718 1227.74 3653.4 1238.31 314.769 1214 13.697
7000 600 300 45 1217.49 26.3853 1362.98 5640.43 69.204 313.108 1188 13.765
7000 600 300 45 -630.699 -1613.69 910.069 6466.6 511.587 313.266 1473 14.415
7000 600 300 45 1516.32 -671.13 973.532 6242.73 832.806 314.398 1438 14.697
7000 600 300 45 -665.831 1040.53 603.761 3192.02 2416.45 317.986 1756 17.76
7000 600 300 45 -1406.53 748.518 1041.83 6118.84 1849.51 317.683 1381 15.687
7000 600 300 45 786.643 -824.158 1051.71 4059.17 957.219 314.829 1382 13.83
7000 600 300 45 713.685 -217.389 1614.44 5340.49 262.774 313.223 1133 12.67
7000 600 300 45 -512.571 1264.39 1253.45 5795.5 1508.47 315.403 1207 12.934
7000 600 300 45 -40.0099 1510.39 1156.55 6112.89 67.4197 313.073 6822 66.395
7000 600 300 45 -1006.58 -1159.2 370.741 4211.56 1702.55 315.359 2253 24.237
7000 600 300 45 1410.72 -603.051 792.327 5034.14 1846.09 317.548 1563 16.138
7000 600 300 45 -904.247 -1400 1015.87 6432.23 1558.01 320.19 1401 15.576
7000 600 300 45 -1239.94 972.291 942.472 5691.71 1029.9 313.847 1443 15.424
7000 600 300 45 -778.917 -1183.44 1422.13 6803.78 739.323 313.58 1229 13.673
7000 600 300 45 -1338.5 -892.13 434.805 4687.91 1554.66 316.422 2102 21.057
7000 600 300 45 -1258.6 261.215 1315.32 5710.82 212.99 313.39 5726 53.074
7000 600 300 45 -772.978 1429.33 1154.64 6709.15 571.633 313.297 1331 14.236
7000 600 300 45 -28.3797 1370.72 1439.77 6673.62 1207.68 314.825 1188 12.453
7000 600 300 45 -1233.82 576.062 679.325 3909.75 3561.54 327.395 4764 46.196
7000 600 300 45 -1179 -521.643 1430.53 6261.53 279.806 313.198 1203 13.55
7000 600 300 45 1416.07 -41.7482 1255.93 6051.85 917.227 313.678 1259 14.434
7000 600 300 45 -1364.92 -222.43 361.944 3450.25 2364.99 317.696 2292 23.094
7000 600 300 45 444.213 -1198.49 586.667 3339.46 4161.04 332.743 1799 18.28
7000 600 300 45 375.204 -1209.44 712.536 3564.62 2258.18 320.041 1635 17.27
7000 600 300 45 -359.901 1067.47 687.443 2940.54 3886.68 326.968 1655 16.861
7000 600 300 45 825.214 -664.103 515.718 2343.47 2262.66 318.407 1886 16.298
7000 600 300 45 568.707 -1536.04 572.764 5083.63 1178.23 314.398 1845 18.902
7000 600 300 45 -575.81 1018.67 1078.91 4277.24 2998.88 323.59 1324 14.399
7000 600 300 45 653.646 -684.671 1293.28 4336.84 2126.12 316.914 1232 12.175
7000 600 300 45 -850.419 536.873 845.118 2913.63 2837.56 320.799 1482 15.086
7000 600 300 45 -548.162 1379.39 1058.85 5612.89 70.6983 313.113 1380 14.831
7000 600 300 45 -1272.35 -35.557 1223.09 5261.26 876.12 314.162 1281 13.799
7000 600 300 45 1106.86 730.373 1157.53 5231.44 1697.9 353.516 1309 14.947
7000 600 300 45 1544.14 32.8537 241.654 4126.21 2374.8 317.832 2758 27.436
7000 600 300 45 -432.705 1409.08 1334.38 6674.79 345.305 313.165 1231 12.967
7000 600 300 45 -1199.92 463.748 172.324 2844.25 3253.67 325.377 3214 29.047
7000 600 300 45 -1263.1 -798.181 805.343 4864.44 534.859 320.703 1589 16.831
7000 600 300 45 1307.18 -595.87 1094.86 5508.42 1551.19 514.261 1308 13.821
7000 600 300 45 -1092.55 -698.43 1255.93 5502.23 1234.05 314.223 1219 13.087
7000 600 300 45 -537.62 -1423.76 919.311 5337.5 967.04 314.215 1478 15.514
7000 600 300 45 1095.42 59.1734 1375.61 5226.89 1304.04 315.539 1198 12.109
7000 600 300 45 -184.47 -1525.42 659.185 4719.88 1120.85 315.112 1736 17.724
7000 600 300 45 -879.402 1160.83 666.265 4330.4 1977.6 317.607 1708 18.371
7000 600 300 45 -940.139 -1355.4 371.65 4827.32 612.83 313.595 5092 50.292
7000 600 300 45 78.4216 1208.41 571.3 3026.93 2630.15 318.932 1812 18.156
7000 600 300 45 -1106.39 1229.65 604.228 5236.14 1368.02 315.108 1795 18.249
7000 600 300 45 1126.48 646.328 883.995 4167.25 4046.11 331.379 1474 15.587
7000 600 300 45 -225.562 407.34 1686.99 5171.15 1932.53 316.591 1109 11.826
7000 600 300 45 61.0397 -1264.98 1319.25 5646.58 325.272 301.673 1193 12.583
7000 600 300 45 294.763 1122.18 759.013 3245.59 1745.69 317.202 1584 17.116
7000 600 300 45 686.138 -1098.56 1113.95 4927.65 2058.46 317.034 1333 14.888
7000 600 300 45 1268.75 55.145 200.989 2791.23 2652.6 533.004 2997 27.34
7000 600 300 45 591.806 -477.689 1197.6 3398.21 3408.15 323.363 1242 13.098
7000 600 300 45 -477.001 -1751.75 314.044 5731.78 1649.07 379.071 2481 25.52
7000 600 300 45 -1098.37 -791.363 1247.2 5720.64 1958.24 317.963 1251 13.76
7000 600 300 45 -433.042 1367.94 734.263 4386.38 1676.84 316.688 1577 16.27
7000 600 300 45 -729.086 -1474.39 1261.03 7252.73 22.0657 313.181 1214 13.756
7000 600 300 45 1106.6 1286.46 605.339 5480.52 3334.14 322.394 1781 19.534
7000 600 300 45 -799.215 351.466 1209.61 3757.43 2816.86 320.247 1261 13.462
7000 600 300 45 1047.4 234.998 878.078 3247.28 3054.88 324.057 1476 14.937
7000 600 300 45 -1209.62 800.747 1394.35 6835.66 958.585 313.718 1219 13.302
7000 600 300 45 -152.285 -1074.66 738.954 2911.03 2811.93 322.406 1575 16.415
7000 600 300 45 -290.689 -1420.63 1423.99 6973.84 756.51 313.578 1215 12.845
7000 600 300 45 -1085.47 370.112 916.02 3637.37 3136.92 323.633 1438 15.653
7000 600 300 45 -1155.67 478.507 537.222 3128.87 2538.02 320.093 1900 18.61
7000 600 300 45 -1021.58 923.381 909.669 4598.81 2398.47 319.61 1448 14.649
7000 600 300 45 584.297 1091.1 1437.1 6073.47 440.703 313.236 1205 12.192
7000 600 300 45 -591.587 1294.47 1285.29 6209.26 1292.85 314.418 1247 12.397
7000 600 300 45 103.525 782.922 1097.05 3085.08 2783.32 322.384 1335 14.628
7000 600 300 45 1481.91 816.618 532.55 5312.63 922.391 313.774 1925 20.589
7000 600 300 45 -98.6989 -1723.38 87.5844 5044.05 656.312 313.439 4059 40.763
7000 600 300 45 543.543 990.883 1274.3 4898.28 1820.35 316 1229 13.709
7000 600 300 45 1351.15 -533.698 293.409 3708.63 1817.12 316.98 2511 23.637
7000 600 300 45 -985.484 -87.7879 381.945 1899.06 2019.48 318.523 11589 107.958
7000 600 300 45 879.576 1364.16 729.588 5346.99 1837.86 317.286 1633 16.682
7000 600 300 45 1335.52 571.543 883.213 4880.07 2763.98 319.558 1458 15.331
7000 600 300 45 1137.34 452.316 1161.19 4806.04 2553.8 360.885 1270 13.409
7000 600 300 45 -1542.42 -163.206 424.725 4366.35 2309.33 317.413 2108 21.295
7000 600 300 45 1622.57 -241.752 373.064 4778.81 1175.15 314.121 2283 22.073
7000 600 300 45 -1033.35 -777.451 318.218 2994.4 2677.64 321.508 10506 103.336
7000 600 300 45 1234.13 -514.911 1021.98 4782.66 1869.3 317.664 1353 15.346
7000 600 300 45 484.339 -1102.24 1239.8 5042.66 877.798 313.728 1244 12.769
7000 600 300 45 139.607 1413.83 911.276 4810 2073.77 317.882 1462 15.289
7000 600 300 45 619.834 -514.33 1004.04 2797.38 5019.15 335.302 1355 14.565
7000 600 300 45 -163.246 -668.65 1254.05 3455.13 2954.04 469.796 1228 13.441
7000 600 300 45 -1168.6 807.918 838.509 4594.92 1720.71 315.396 1488 15.854
7000 600 300 45 150.495 1753.68 1178.4 7575.29 513.267 313.289 9101 87.954
7000 600 300 45 310.488 1490.01 933.918 5383.88 2296.87 319.528 1438 14.723
7000 600 300 45 -1139.35 -174.388 896.169 3599.09 2347.82 317.514 1472 15.209
7000 600 300 45 1070.49 817.373 762.88 4045.49 1091.76 315.1 1594 17.064
7000 600 300 45 -1196.75 1293.37 536.445 5728.42 2828.72 323.098 1860 19.018
7000 600 300 45 -837.951 191.511 1584.54 5486.64 740.282 313.447 1118 11.491
7000 600 300 45 -166.905 1689.19 669.422 5621.3 1316.3 314.324 1642 16.416
7000 600 300 45 1068 -675.155 1461.86 6303.64 1354.45 314.464 1177 12.868
7000 600 300 45 -1189.62 0.881816 783.209 3425.1 2378.19 378.72 1568 15.188
7000 600 300 45 846.557 -210.514 1048.48 3140.92 2803.5 320.445 1341 13.684
7000 600 300 45 -436.116 -937 1296.73 4642.57 1161.37 315.222 1196 11.982
7000 600 300 45 -63.561 875.4 1647.86 5885.48 1683.87 315.277 1103 11.087
7000 600 300 45 -543.192 -847.383 864.42 2972.16 2848.9 322.958 1479 14.469
7000 600 300 45 -1414.88 -193.409 506.747 3876.71 1213.03 314.437 6714 53.02
7000 600 300 45 -1199.2 -329.809 985.892 4252.81 345.664 313.502 5514 52.495
7000 600 300 45 -846.239 -767.677 948.131 3721.93 3993.1 326.954 1440 13.065
7000 600 300 45 -247.732 981.851 1175.09 4062.72 1627.35 315.042 1260 12.254
7000 600 300 45 -826.036 -1322.36 680.623 4886.64 1028.36 287.216 1633 14.008
7000 600 300 45 819.391 1089.18 659.412 3870.75 1675.9 315.219 1712 10.917
7000 600 300 45 1336.77 296.019 941.094 4660.41 1848.73 321.196 1414 12.028
7000 600 300 45 -855.809 322.621 1641.5 5961.81 870.707 313.835 1115 10.92
7000 600 300 45 345.149 1022.62 856.302 3204.81 3518.34 327.902 1490 14.154
7000 600 300 45 -752.689 862.553 1316.11 5137.27 956.23 314.572 1240 12.003
7000 600 300 45 -369.966 -1253.76 975.223 4490.89 1775.07 315.656 1414 13.55
7000 600 300 45 649.272 -1047.14 412.425 2850.29 2470.67 320.967 2101 11.021
7000 600 300 45 -6.33616 -1631.97 570.763 5046.9 1899.68 316.336 1824 17.045
7000 600 300 45 443.003 -1061.89 1438.4 5728.5 288.244 285.415 1191 11.592
7000 600 300 45 1582.32 -86.8583 1102.53 6292.47 538.569 313.263 1376 13.302
7000 600 300 45 -202.164 1278.64 981.213 4454.97 2671.71 321.375 1377 13.19
7000 600 300 45 -821.938 875.378 1000.4 4124.23 2321.45 634.863 1395 7.802
7000 600 300 45 1626.34 362.669 481.993 5080.11 1504.91 315.661 1973 10.961
7000 600 300 45 -904.568 -710.576 1114.57 4331.47 2784.99 319.752 1328 12.767
7000 600 300 45 -1526.38 710.892 720.176 5662.68 412.095 313.228 1659 12.17
7000 600 300 45 777.62 1140.9 255.674 3329.04 1302.64 314.343 6100 39.234
7000 600 300 45 -663.595 1278.69 312.132 3668.64 3402.4 324.793 2406 15.303
7000 600 300 45 557.828 -1677.27 777.594 6296.19 142.315 313.352 1596 13.577
7000 600 300 45 1415.67 -760.144 240.026 4456.64 2150.49 317.038 2748 23.127
7000 600 300 45 -1348.6 669.532 396.656 4093.26 2482.26 320.291 2188 18.589
7000 600 300 45 -1176.47 -794.473 1288.67 6206.51 638.101 313.767 1266 9.778
7000 600 300 45 -38.5549 1030.42 1624.47 6250.77 1085.55 314.832 1110 6.24
7000 600 300 45 1274.28 -392.797 340.059 3197.38 86.047 313.191 14944 81.483
7000 600 300 45 -89.7208 111.591 434.328 353.119 2882.17 322.572 29609 219.956
7000 600 300 45 321.202 1399.57 692.434 4290.99 2155.25 319.175 1662 7.969
7000 600 300 45 683.279 1222.25 1120.26 5429.49 1734.66 316.235 1341 6.768
7000 600 300 45 -1178.14 -1112.99 1266.73 7144.22 300.75 313.547 1212 6.078
7000 600 300 45 544.602 -1061.05 943.126 3903.44 2854.49 320.483 1412 6.84
7000 600 300 45 -308.002 1345.88 513.293 3663.4 2299.31 320.167 1931 8.838
7000 600 300 45 1208.89 414.801 398.298 3025.84 160.144 313.037 25814 161.224
7000 600 300 45 628.917 1338.56 360.109 3911.98 2589.07 320.387 2259 10.453
7000 600 300 45 -1185.91 -570.491 412.861 3211.86 2162.88 319.03 2188 9.866
7000 600 300 45 -893.826 -1054.8 593.164 3821.5 2709.41 319.701 1827 8.259
7000 600 300 45 155.043 196.876 504.682 536.073 1110.93 659.329 51837 355.827
7000 600 300 45 -831.436 -1507.81 965.369 6579.23 640.847 313.961 1426 6.186
7000 600 300 45 1306.29 341.355 475.336 3459.31 963.421 289.926 1970 8.147
7000 600 300 45 107.735 -1460.58 993.343 5287.49 1025.06 314.807 1423 6.066
7000 600 300 45 -147.004 1359.46 345.471 3358.39 2251.47 319.477 2341 9.597
7000 600 300 45 898.456 569.569 1075.64 3864.13 2022.42 316.453 1358 5.816
7000 600 300 45 -851.333 940.467 944.958 4224.71 1864.16 316.275 1441 6.109
7000 600 300 45 459.39 -1127.93 375.942 2742.96 2711.41 317.138 2254 9.201
7000 600 300 45 213.537 -1668.71 1091.47 6789.96 149.274 313.211 1374 5.839
7000 600 300 45 774.656 -1095.72 1076.39 4996.53 1650.93 315.35 1343 5.71
7000 600 300 45 -1430.36 -402.957 1112.77 5819.18 1425.57 315.243 1299 5.525
7000 600 300 45 -354.148 -864.666 1263.47 4169.37 3685.33 326.981 1240 5.312
7000 600 300 45 169.926 -210.729 43.987 126.996 159.061 313.251 164295 680.763
7000 600 300 45 1041.37 -1127.39 1243.62 6588.27 694.304 313.422 1220 5.047
7000 600 300 45 -768.448 395.971 1602.75 5598.94 1605.98 315.299 1116 4.71
