5000 600 300 30 642.414 60.4163 1430.64 4158.68 1028.19 314.997 1169 11.422
5000 600 300 30 274.289 21.9018 1204.96 2579.29 1372.41 314.587 1244 11.896
5000 600 300 30 79.6273 -574.679 1236.06 3147.95 1575.06 316.715 1253 11.938
5000 600 300 30 -340.801 267.7 966.18 1893.23 2796.91 319.839 1386 12.915
5000 600 300 30 -1262.1 138.628 880.265 4030.2 607.888 313.291 1487 13.52
5000 600 300 30 542.832 181.324 876.358 1849.73 3536.2 328.25 1434 13.66
5000 600 300 30 -697.782 -553.19 870.165 2617.21 2266.9 319.413 1438 13.767
5000 600 300 30 -691.948 339.195 603.972 1618.55 1675.13 317.036 1735 15.992
5000 600 300 30 862.695 -600.144 641.599 2559.73 2064.77 318.103 1722 16.319
5000 600 300 30 -483.449 432.502 562.216 1244.13 3045.59 320.667 1795 16.576
5000 600 300 30 -742.473 154.221 566.458 1512.68 2601.1 321.352 1805 16.887
5000 600 300 30 -562.619 1066.91 522.888 2917.97 1918.82 316.401 1866 17.552
5000 600 300 30 -521.908 -237.634 1325.66 3522.42 1881.82 317.959 1224 11.854
5000 600 300 30 -533.916 838.826 971.037 3261.34 1060.23 314.978 1424 13.861
5000 600 300 30 507.897 284.181 882.721 1887.49 2938.09 321.104 1454 14.258
5000 600 300 30 437.915 -3.14415 1284.17 3108.14 735.661 313.791 1228 12.036
5000 600 300 30 -1217.96 136.168 768.066 3531.97 2061.19 316.41 1585 15.325
5000 600 300 30 178.619 -582.896 697.361 1448.63 4774.85 338.992 1603 15.511
5000 600 300 30 1220.34 -428.343 491.242 3231.65 2016.44 316.192 1953 18.194
5000 600 300 30 439.539 1125.16 457.281 2816.74 1881.45 315.858 2068 18.904
5000 600 300 30 -295.159 -11.1494 910.685 1547.58 2919.8 320.122 1442 13.996
5000 600 300 30 784.14 508.718 805.806 2571.43 2563.83 319.498 1531 14.67
5000 600 300 30 319.406 -662.429 898.773 2277.03 1478.67 314.705 1472 13.913
5000 600 300 30 276.432 411.956 1276.97 3168.74 1362.9 314.601 1234 11.808
5000 600 300 30 -972.636 -238.935 1187.74 4075.55 600.554 313.357 1276 12.218
5000 600 300 30 -53.0295 173.003 1000.22 1744.43 3736.51 326.41 1355 13.266
5000 600 300 30 -308.154 635.671 1069.07 2772.27 1906.62 316.652 1348 13.503
5000 600 300 30 161.785 -364.2 1123.89 2400.81 2246.82 975.981 1301 13.207
5000 600 300 30 -558.873 185.78 1016.41 2329.9 2007.43 316.218 1344 13.457
5000 600 300 30 -264.046 593.484 1128.99 2864.5 2902.26 323.115 1292 12.881
5000 600 300 30 -1193.06 -247.817 520.193 2963.85 1261.36 314.394 1929 17.847
5000 600 300 30 36.2611 -239.551 1101.09 2146.15 3522.93 323.823 1299 12.855
5000 600 300 30 1126.62 47.3 603.79 2762.34 1036.51 313.874 1798 17.195
5000 600 300 30 683.273 -624.007 1108.44 3520.13 1463.16 315.415 1321 12.604
5000 600 300 30 292.898 -821.277 1269.67 4005.5 1331.86 359.141 1240 11.894
5000 600 300 30 -353.282 -934.517 157.536 1727.15 1658.78 316.58 3277 29.888
5000 600 300 30 385.382 1081.21 750.963 3176.7 1909.87 316.017 1584 15.513
5000 600 300 30 -787.005 -560.389 909.538 2972.73 1863.58 316.883 1448 14.277
5000 600 300 30 -282.913 -106.072 898.397 1516.88 3515.78 325.393 1431 14.571
5000 600 300 30 -744.348 -535.1 966.136 2994.9 708.121 313.479 1434 14.034
5000 600 300 30 -717.095 -299.562 1202.27 3460.23 1227.11 314.075 1261 12.121
5000 600 300 30 958.145 458.844 362.301 2127.12 1615.93 316.591 2300 21.433
5000 600 300 30 -449.309 130.497 909.452 1766.09 1039.87 313.838 3778 34.338
5000 600 300 30 91.5337 834.685 1226.05 3728.46 606.958 313.421 1258 12.454
5000 600 300 30 377.035 -11.5362 408.016 521.321 2448.76 320.754 2157 20.592
5000 600 300 30 676.638 -708.158 1004.99 3325.04 643.866 313.737 1351 13.543
5000 600 300 30 -679.85 -6.11365 1224.08 3310.28 1727.51 316.986 1237 12.532
5000 600 300 30 922.301 -431.136 958.2 3300.27 2244.81 318.486 1433 14.067
5000 600 300 30 364.717 -781.633 846.837 2466.93 1668.61 316.829 1495 14.334
5000 600 300 30 968.256 -537.532 752.406 3026.59 591.498 313.466 1598 15.47
5000 600 300 30 -213.285 -710.232 991.667 2588.87 2477.26 318.036 1387 13.366
5000 600 300 30 412.058 661.851 328.197 1208.14 3039.52 324.314 2384 22.059
5000 600 300 30 606.983 -445.747 1122.2 3083.79 454.027 313.499 1300 12.847
5000 600 300 30 612.659 233.385 755.621 1689.73 1903.87 317.754 1594 15.528
5000 600 300 30 -379.874 -319.292 948.502 1934.76 1185.65 315.631 1394 13.809
5000 600 300 30 -215.346 1114.24 284.334 2311.01 1678.14 317.056 2585 24.361
5000 600 300 30 -1059.67 18.5404 388.051 2150.73 1672.43 316.409 8031 69.391
5000 600 300 30 611.91 41.8263 1155.89 2890.98 1851.64 315.755 1303 12.842
5000 600 300 30 753.395 -724.389 555.604 2365.52 1534.16 315.329 1838 18.022
5000 600 300 30 732.033 233.534 568.436 1542.41 1077.91 314.966 1779 17.147
5000 600 300 30 -159.991 890.168 615.719 2021.2 2635.15 319.022 1753 16.896
5000 600 300 30 -1293.42 145.126 867.628 4131.14 1809.78 316.018 1484 14.608
5000 600 300 30 764.423 200.312 1193.5 3459.41 1132.73 313.961 1289 12.933
5000 600 300 30 946.371 -411.061 772.394 2804.75 1304.5 322.401 1572 15.431
5000 600 300 30 336.985 -696.252 929.618 2469.32 1729.24 315.869 1427 13.865
5000 600 300 30 699.292 187.118 777.893 1906.45 3054.41 321.881 1544 15.538
5000 600 300 30 408.134 765.328 866.562 2538.06 1846.02 305.036 3853 36.24
5000 600 300 30 -540.166 18.3362 450.561 835.965 2005.63 317.294 2028 19.77
5000 600 300 30 -621.901 618.751 1084.75 3286.14 1060.01 314.968 1324 13.53
5000 600 300 30 543.101 686.526 860.959 2545.32 2045.31 318.572 1508 14.535
5000 600 300 30 127.909 -647.865 485.583 1134.41 1769.09 315.525 1955 18.848
5000 600 300 30 -818.023 221.167 500.501 1635.35 2828.51 319.482 1909 18.366
5000 600 300 30 -289.197 -31.3429 1152.3 2384.72 3557.41 323.603 1274 12.771
5000 600 300 30 734.373 -568.984 332.674 1644.03 2769.58 319.753 6319 58.81
5000 600 300 30 1085.12 -454.058 1125.36 4474.42 42.9031 313.128 1280 12.416
5000 600 300 30 -378.453 861.683 1081.59 3470.62 1356.06 315.09 1313 12.989
5000 600 300 30 694.509 -193.813 713.393 1737.09 2926.98 321.028 1600 15.726
5000 600 300 30 -1153.39 65.9637 681.312 3037.19 2046.24 318.78 1677 16.986
5000 600 300 30 230.041 -552.892 486.548 1005.17 1689.83 451.942 4447 40.921
5000 600 300 30 30.1097 601.714 1372.6 3793.86 605.356 336.253 1207 12.473
5000 600 300 30 -804.155 -40.5991 613.686 1730.49 1852.85 316.14 3465 31.895
5000 600 300 30 168.035 -907.169 541.207 1931.7 2221.38 318.435 1892 18.722
5000 600 300 30 -83.5893 -1312.14 743.022 3850.87 1383.3 314.517 1599 15.865
5000 600 300 30 339.644 -260.63 1387.53 3560.04 1158.07 314.361 1186 12.065
5000 600 300 30 -810.508 -569.047 864.142 2916.69 2104.18 318.758 1452 14.724
5000 600 300 30 459.838 -1016.24 1131.6 4262.74 1622.77 1032.5 1307 13.083
5000 600 300 30 1023.5 -467.637 881.847 3450.92 1042.63 313.833 1501 15.027
5000 600 300 30 -913.627 25.7668 1206.02 3866.2 981.04 313.957 1272 12.86
5000 600 300 30 661.481 -102.915 1151.78 2996.5 966.062 313.828 1315 13.108
5000 600 300 30 1006.18 377.598 1108.81 4025.92 312.427 313.294 1299 13.12
5000 600 300 30 499.227 431.258 1073.65 2681.08 1745.85 315.725 1333 12.898
5000 600 300 30 803.421 -575.907 982.652 3280.17 1454.86 315.382 1398 13.616
5000 600 300 30 -758.725 -601.886 599.96 2191.35 1233.19 314.996 3645 33.33
5000 600 300 30 1057.02 -54.6824 332.54 2078.19 1990.75 318.362 5829 54.268
5000 600 300 30 295.418 191.034 1493.89 3976.99 458.24 313.609 1156 11.397
5000 600 300 30 727.312 -855.975 747.558 3073.77 427.043 313.645 1609 15.878
5000 600 300 30 -80.7409 48.8194 1299.5 2866.23 583.239 313.425 1205 11.677
5000 600 300 30 -719.599 -483.461 776.459 2286.85 2549.98 319.565 1567 14.945
5000 600 300 30 -752.916 682.842 729.272 2642.35 2648.5 319.549 1624 15.558
5000 600 300 30 -668.509 -186.353 1332.9 3812.86 1247.27 315.405 1224 12.319
5000 600 300 30 1032.89 -217.69 516.844 2332.34 1457.44 638.868 1938 18.087
5000 600 300 30 -90.8256 744.789 360.075 1169.41 2086.07 316.554 2306 21.632
5000 600 300 30 619.806 544.571 1090.51 3157.21 1765.4 315.88 1342 13.047
5000 600 300 30 830.632 726.618 806.031 3153.28 1087.67 314.654 4851 43.475
5000 600 300 30 -1264.29 -166.005 732.235 3650.59 562.491 313.594 1640 16.574
5000 600 300 30 -658.481 73.7725 1027.64 2524.3 2189.87 318.406 1377 14.068
5000 600 300 30 -108.017 -716.24 183.032 942.414 2482.25 318.618 3101 29.213
5000 600 300 30 868.976 1.78506 560.904 1806.15 2982.73 323.294 1829 18.659
5000 600 300 30 -554.629 623.102 876.926 2473.29 2410.72 319.587 1467 14.803
5000 600 300 30 118.255 77.8741 762.731 1016.09 3446.58 324.035 1557 15.733
5000 600 300 30 -1036.74 -166.43 1002.45 3558.21 290.735 313.231 1388 13.958
5000 600 300 30 89.6047 -753.639 1406.79 4313.99 356.265 313.36 1143 11.563
5000 600 300 30 775.932 386.574 1371.85 4446.4 290.358 313.164 5904 54.493
5000 600 300 30 1165.75 -162.787 1081.99 4315.88 785.722 313.727 1328 13.022
5000 600 300 30 -598.123 -139.907 1057.96 2526.87 1796.78 315.793 1361 13.255
5000 600 300 30 908.413 398.03 456.133 2012.07 1789.22 317.436 2045 19.115
5000 600 300 30 48.6842 865.337 882.078 2581.98 2311.01 317.337 1485 14.532
5000 600 300 30 630.818 -750.748 1275.56 4370.63 415.513 313.534 1240 12.668
5000 600 300 30 419.455 -603.231 1176.06 3246.72 1407.69 314.723 1286 12.698
5000 600 300 30 -943.155 434.977 230.84 1911.33 1536.07 316.502 2798 25.65
5000 600 300 30 818.931 -733.068 1361.99 5171.69 455.363 313.242 1164 11.819
5000 600 300 30 -693.277 492.393 169.309 1269.26 1201.54 315.005 8955 79.956
5000 600 300 30 682.975 142.569 113.224 843.528 2738.55 322.504 5014 44.958
5000 600 300 30 38.1149 1115.4 983.72 3736.9 1747.35 316.76 1378 13.396
5000 600 300 30 168.628 -1021.65 336.759 2001.79 2322.32 317.319 13574 121.685
5000 600 300 30 -948.222 -428.919 959.279 3382.4 1263.23 315.605 1398 13.431
5000 600 300 30 -536.395 24.0218 766.352 1478.35 2506.46 319.02 1573 14.99
5000 600 300 30 -856.219 621.739 672.414 2653.85 989.818 313.732 1686 15.897
5000 600 300 30 719.793 127.132 511.533 1343.85 3048.79 323.231 1913 18.253
5000 600 300 30 -736.894 824.66 548.825 2573.61 1553.63 315.369 1838 17.482
5000 600 300 30 -257.886 -1325.22 931.164 4541.43 506.311 304.352 1432 13.6
5000 600 300 30 -501.354 -1166.76 783.398 3759.04 655.1 313.59 1569 14.766
5000 600 300 30 151.344 -779.345 1123.04 3193.64 104.948 313.115 1314 12.605
5000 600 300 30 -105.894 -225.97 1120.92 2226.57 1719.18 315.494 1290 12.262
5000 600 300 30 -666.82 -211.684 775.697 1842.33 865.001 313.807 1563 15.042
5000 600 300 30 -1089.13 -48.0606 929.43 3465.21 1247.95 314.347 1457 13.907
5000 600 300 30 -237.43 -247.677 435.703 519.275 1901.23 315.837 2039 19.524
5000 600 300 30 -95.0625 -1172.03 382.337 2581.34 403.414 313.232 5444 46.962
5000 600 300 30 -761.089 278.272 716.056 1974.47 3028.68 322.08 1615 14.742
5000 600 300 30 557.071 754.148 961.505 3045.14 787.422 313.806 1401 13.356
5000 600 300 30 25.9398 -257.824 319.382 285.596 4246.81 328.707 2400 21.984
5000 600 300 30 618.196 -642.864 1035.64 3153.94 2499.56 318.284 1316 12.583
5000 600 300 30 577.589 1088.42 484.534 2959.83 1236.56 314.151 1969 18.129
5000 600 300 30 -219.787 -539.511 483.53 967.76 3032.77 321.826 1954 10.383
5000 600 300 30 -32.5229 608.533 651.648 1344 2510.45 320.806 1692 15.781
5000 600 300 30 256.246 508.553 1352.74 3637.15 1143.14 314.896 1199 11.628
5000 600 300 30 329.671 643.65 1393.12 4159.83 597.985 313.316 1204 11.181
5000 600 300 30 600.473 491.775 166.498 1063.92 4098.17 330.651 3195 24.982
5000 600 300 30 -363.401 -259.329 905.832 1721.91 2644.48 340.372 1436 9.957
5000 600 300 30 -1078.51 -527.143 197.891 2499.21 2512.36 320.173 3023 26.398
5000 600 300 30 -760.754 -786.359 687.831 2820.01 1525.63 316.282 1650 15.389
5000 600 300 30 -766.713 -239.38 847.634 2302.37 2807.44 322.791 1479 13.646
5000 600 300 30 79.0566 -806.84 577.487 1672.76 3337.85 324.747 1799 16.59
5000 600 300 30 837.426 322.982 1276.67 4112.1 1376.52 314.813 1229 12.371
5000 600 300 30 -694.82 -420.796 850.238 2334.64 2005.85 317.626 1505 12.795
5000 600 300 30 394.265 -364.376 1111.36 2572.02 1492.58 314.699 1331 9.978
5000 600 300 30 813.003 20.0335 1106.86 3185.2 1729.91 317.11 1339 11.871
5000 600 300 30 -1198.22 331.756 343.63 2809.29 2140.58 317.56 2367 18.802
5000 600 300 30 -521.031 -942.326 932.167 3424.74 946.883 314.418 1422 13.314
5000 600 300 30 -802.417 -328.952 1111.45 3355.56 639.385 313.478 1304 12.603
5000 600 300 30 -396.031 941.588 948.255 3279.92 292.777 313.336 1423 7.546
5000 600 300 30 -582.113 890.559 944.022 3415.86 372.845 313.236 1414 12.425
5000 600 300 30 -834.577 -427.651 745.58 2423.36 1664.33 316.56 1591 8.288
5000 600 300 30 538.401 -951.506 646.608 2723.98 2290.94 319.812 1720 16.13
5000 600 300 30 -110.244 597.111 495.206 1036.55 1473.41 314.782 8457 73.117
5000 600 300 30 -179.872 -59.0711 1187.4 2441.04 2862.51 323.272 1237 11.935
5000 600 300 30 -947.489 -438.314 620.981 2491.19 2913.62 323.714 1746 16.203
5000 600 300 30 450.685 578.067 788.493 1956.86 1877.13 317.934 1550 9.92
5000 600 300 30 994.53 269.91 926.016 3240.81 1564.87 315.512 1476 8.078
5000 600 300 30 -857.017 222.188 738.353 2243.91 2083.02 325.202 1598 10.821
5000 600 300 30 -738.973 223.136 1412.04 4372.52 1306.33 314.87 1193 11.469
5000 600 300 30 -749.844 -879.902 1059.08 4150.34 394.148 313.252 1361 12.888
5000 600 300 30 959.209 -603.822 833.869 3343.08 2149.8 318.443 1467 7.685
5000 600 300 30 -505.576 1098.83 531.87 2947.83 1757.49 316.354 1887 12.217
5000 600 300 30 -798.427 -661.6 466.857 2183.37 3416.67 797.53 1980 12.945
5000 600 300 30 662.995 -278.412 1046.45 2721.94 2149.65 318.821 1339 10.285
5000 600 300 30 1244.15 -515.139 767.718 4056.69 451.411 313.59 1594 11.316
5000 600 300 30 113.786 -455.756 885.344 1695.99 2022.07 318.531 1450 7.037
5000 600 300 30 -789.701 -341.837 877.106 2549.15 920.267 314.281 1483 7.107
5000 600 300 30 -524.095 -244.974 184.469 622.544 2343.79 319.872 26003 123.066
5000 600 300 30 590.36 601.801 1202.56 3641.62 2443.27 320.642 1253 5.489
5000 600 300 30 661.66 -548.923 200.277 1315.64 290.538 313.384 49293 311.024
5000 600 300 30 -467.461 1065.84 689.722 3090.21 2347.39 537.376 1645 6.952
5000 600 300 30 1088.21 -11.6195 285.159 2136.95 2481.51 318.128 2574 10.532
5000 600 300 30 -124.238 -623.059 522.764 1142.92 3366.51 324.324 1883 7.573
5000 600 300 30 1077.92 -131.055 750.416 2941.56 2351.77 317.622 1570 6.487
5000 600 300 30 -86.4383 1041.4 839.188 3032.75 2423.84 318.165 1512 6.214
5000 600 300 30 -726.194 884.035 760.873 3187.38 2196.46 318.172 1567 6.408
5000 600 300 30 582.183 -189.462 351.835 841.873 139.995 313.229 41197 173.909
5000 600 300 30 684.664 350.711 642.734 1696.63 1048.01 314.023 9693 36.54
5000 600 300 30 855.873 34.5113 1199.69 3668.87 806.215 313.554 1259 5.276
5000 600 300 30 236.964 -530.341 1389.81 3830.97 862.128 314.506 1184 4.918
5000 600 300 30 914.196 -981.749 803.553 4128.63 497.468 313.649 1568 6.397
5000 600 300 30 455.093 572.571 463.375 1265.74 2169.84 318.952 1990 7.96
5000 600 300 30 1365.5 137.462 665.122 3927.04 2641.13 318.793 1669 6.672
5000 600 300 30 671.122 -59.435 1382.08 3991.55 732.201 313.45 1192 4.991
5000 600 300 30 -335.506 496.328 861.11 1857.95 2452.3 317.874 1486 6.003
5000 600 300 30 -205.045 677.072 834.907 2021.93 3052.48 322.989 1481 6.002
5000 600 300 30 737.049 -489.666 338.942 1516.01 2532.2 318.783 14294 52.266
5000 600 300 30 -53.7049 -411.901 977.864 1905.81 1855.56 316.467 1385 5.538
