7000 600 300 30 1.43317 775.059 1960.98 7506.9 111.345 313.619 950 9.393
7000 600 300 30 618.192 318.5 1708.5 5744.95 998.737 313.718 1020 10.035
7000 600 300 30 46.4983 523.449 1390.35 3730.08 452.051 314.959 1097 10.52
7000 600 300 30 62.8297 -1149.91 1499.26 6034.43 652.23 314.054 1084 10.658
7000 600 300 30 597.119 998.911 1393.24 5564.15 1353.81 309.531 1114 10.856
7000 600 300 30 842.344 422.742 1363.85 4640.32 641.269 313.288 1116 10.988
7000 600 300 30 -1277.87 36.339 1326.91 5732.09 558.157 313.834 1133 11.178
7000 600 300 30 -1043.82 -17.2826 1396.84 5134.48 1312.78 315.341 1113 11.188
7000 600 300 30 97.3927 691.729 1155.06 3076.53 1665.95 316.569 1196 11.26
7000 600 300 30 -1092.31 1182.59 1250.1 7014.33 406.892 313.31 1177 11.393
7000 600 300 30 1189.81 -126.159 1176.39 4753.63 561.714 313.402 1208 12.77
7000 600 300 30 -175.659 1322 608.559 3628.19 2447.43 317.384 1685 16.848
7000 600 300 30 -433.523 1038.35 1346.38 5198.37 556.26 313.888 1107 9.921
7000 600 300 30 570.46 1063.75 1542.06 6474.93 623.079 313.784 1055 10.983
7000 600 300 30 -1194.1 75.6042 1523.21 6334.46 836.726 313.696 1067 10.825
7000 600 300 30 853.64 -418.633 1499.04 5320.29 201.481 313.221 1082 10.663
7000 600 300 30 -951.096 -194.176 1365.44 4738.89 426.987 313.271 1103 11.571
7000 600 300 30 341.199 -673.94 1324.33 3924.63 1464.74 314.658 1135 11.134
7000 600 300 30 -514.514 -46.4105 1597.74 4760.74 1245.91 313.946 1046 11.073
7000 600 300 30 513.78 -554.078 1015.92 2706.63 3271.33 323.316 1284 12.604
7000 600 300 30 417.489 821.09 1516.51 5315.59 732.635 391.32 1080 11.554
7000 600 300 30 -1095.79 780.966 1260.31 5738.97 339.566 313.423 1144 12.628
7000 600 300 30 558.988 322.343 1550.74 4763.29 737.027 314.292 1062 11.42
7000 600 300 30 980.84 336.845 1087.54 3812.84 775.707 313.431 1246 12.521
7000 600 300 30 -373.078 684.041 1917.47 7232.75 616.4 313.661 966 10.069
7000 600 300 30 6.48865 370.255 892.436 1576.25 3422.25 326.639 1351 13.256
7000 600 300 30 665.564 -316.37 1424.37 4342.42 650.936 313.836 1097 10.959
7000 600 300 30 -587.757 -766.382 1806.89 7087.32 17.937 313.189 993 10.013
7000 600 300 30 -381.426 935.063 1453.85 5290.65 340.898 345.315 1095 11.246
7000 600 300 30 -647.456 1030.91 1554.6 6582.72 130.106 313.342 1070 10.788
7000 600 300 30 -944.353 -258.514 1347.3 4683.38 587.356 313.78 1128 11.546
7000 600 300 30 -265.355 786.365 1691.93 5996.2 1123.74 313.717 1018 10.431
7000 600 300 30 -959.964 -507.91 1221.06 4508.88 813.636 313.663 1179 11.934
7000 600 300 30 -615.81 714.982 1254.37 4159.99 778.062 313.782 1172 11.633
7000 600 300 30 -153.039 38.5555 762.035 1022.51 4182.87 473.444 1480 14.518
7000 600 300 30 -780.064 -265.68 1466.69 4778.65 1831.14 315.899 1091 10.847
7000 600 300 30 946.682 -532.76 1689.61 6812.42 729.338 313.711 1001 10.162
7000 600 300 30 -753.455 570.267 1490.15 5256.74 468.75 314.51 1067 10.658
7000 600 300 30 -756.301 -708.025 1428.35 5256.79 818.701 287.714 1103 10.845
7000 600 300 30 1190.86 -341.284 1399.66 5898.75 762.971 314.197 1115 11.44
7000 600 300 30 220.821 -1204.8 1262.46 5224.12 118.754 313.25 1172 12.271
7000 600 300 30 -529.922 651.134 1316.13 4114.63 2874.28 319.506 1146 11.638
7000 600 300 30 931.023 19.6396 1050.6 3327.77 3426.28 322.868 1258 12.421
7000 600 300 30 -744.627 -102.948 1361.83 4085.36 400.793 312.837 1110 11.226
7000 600 300 30 -26.392 -857.432 1673.86 5973.04 961.659 314.598 1007 9.994
7000 600 300 30 -980.206 -858.756 1086.98 4862.27 499.659 313.87 1255 12.581
7000 600 300 30 1211.88 -1065.22 832.714 5566.29 378.742 313.324 1462 14.608
7000 600 300 30 -606.993 1188.74 1364.77 6152.78 773.405 313.525 1131 11.627
7000 600 300 30 18.1259 -220.828 1696.72 4943.58 1314.42 316.243 1012 10.302
7000 600 300 30 1087.08 423.251 1293.94 5124.6 1084.1 314.301 1137 11.376
7000 600 300 30 908.383 -105.195 1629.45 5894.81 440.11 312.8 1039 10.803
7000 600 300 30 584.607 -598.233 1423.85 4604.27 2467.42 319.698 1099 12.056
7000 600 300 30 738.972 522.039 1234.43 3954.96 668.692 313.63 1186 12.607
7000 600 300 30 782.546 685.208 1458.21 5416.87 2070.18 316.265 1075 10.409
7000 600 300 30 617.396 220.146 1688.64 5539.9 572.691 313.64 1025 10.865
7000 600 300 30 1312.91 -108.429 1285.82 5721.74 547.357 313.31 1150 11.418
7000 600 300 30 1032.21 -923.73 1195.26 5651.76 450.551 313.343 1186 11.95
7000 600 300 30 1281.72 -557.482 1598.3 7611.6 462.037 314.168 1042 12.083
7000 600 300 30 -273.099 345.671 1520.5 4231.13 2061.7 317.808 1049 10.808
7000 600 300 30 953.595 -173.133 1240.45 4183.92 1324.98 314.663 1178 11.772
7000 600 300 30 -712.729 483.202 513.334 1696.81 3291.62 326.006 1845 18.396
7000 600 300 30 644.149 26.7048 1963.05 7208.19 198.25 313.121 961 9.954
7000 600 300 30 141.836 -468.773 1213.25 2890.29 2529.13 320.643 1197 12.54
7000 600 300 30 680.835 -18.0585 1812.89 6332.27 499.928 313.306 984 11.459
7000 600 300 30 817.031 631.985 1263.79 4498.1 415.361 313.108 1146 12.295
7000 600 300 30 -215.494 745.962 1351.47 4101.77 1814.33 317.327 1126 12.377
7000 600 300 30 278.851 764.278 1034.76 2925.33 653.404 313.878 1286 12.708
7000 600 300 30 708.504 1048.86 1127.62 4851.8 290.66 313.538 1231 12.653
7000 600 300 30 -1209.08 730.264 986.214 5010.82 672.105 313.643 1318 13.568
7000 600 300 30 504.661 1108.48 1247.5 5132.18 259.718 314.157 1156 11.773
7000 600 300 30 299.584 649.6 1592.1 5143.73 380.673 314.112 1037 10.547
7000 600 300 30 465.556 29.7512 1513.61 4235.61 1028.6 314.653 1081 11.338
7000 600 300 30 1162.67 369.196 804.513 3605.32 2994.98 320.626 1455 15.351
7000 600 300 30 -218.105 706.975 1768.04 6202.13 201.709 277.796 1006 10.397
7000 600 300 30 1587.57 0.548875 913.276 5663.7 190.406 313.145 1386 14.724
7000 600 300 30 944.958 852.525 1199.93 5165.8 368.124 313.452 1199 12.432
7000 600 300 30 -328.198 910.887 1063.17 3491.2 3010.89 320.193 1246 13.507
7000 600 300 30 -126.231 943.524 1457.09 5114.64 292.297 197.518 1089 12.328
7000 600 300 30 -1094.01 -474.28 1457 5984.79 1119.02 315.262 1080 11.14
7000 600 300 30 1166.12 76.0149 1181.63 4663.17 418.595 313.706 1201 12.471
7000 600 300 30 80.9738 -1030.45 1678.67 6561.66 658.998 314.131 1012 10.807
7000 600 300 30 -560.274 -1106.21 1169.21 4904.25 704.495 313.477 1235 13.233
7000 600 300 30 771.687 21.3958 1389.21 4264.7 713.136 313.646 1104 11.914
7000 600 300 30 -745.046 1283.74 1397.84 7018.78 504.698 313.858 1110 11.981
7000 600 300 30 1079.63 -362.785 1239.2 4782.94 2614.97 319.986 1150 13.269
7000 600 300 30 260.899 -349.802 1604.71 4669.31 749.929 313.986 1035 9.708
7000 600 300 30 871.791 728.753 872.153 3464.19 612.223 313.612 1388 13.637
7000 600 300 30 805.664 -1072.05 1296.14 5872.86 619.373 313.195 1134 11.93
7000 600 300 30 440.423 -187.873 1345.97 3445.89 21.4642 313.262 1128 12.43
7000 600 300 30 -930.757 13.3503 1370.28 4633.24 1942.76 318.396 1127 11.434
7000 600 300 30 615.887 -742.058 1293.35 4394.45 1328.2 314.558 1143 11.513
7000 600 300 30 217.321 828.384 1091.26 3249 1109.53 314.984 1255 13.653
7000 600 300 30 914.049 -576.639 1187.56 4353.23 755.473 313.448 1187 11.954
7000 600 300 30 -935.815 160.642 1777.99 6859.64 299.224 304.408 994 10.765
7000 600 300 30 -923.256 278.542 1453.27 5136.1 614.35 370.966 1084 12.072
7000 600 300 30 625.702 770.978 1544.55 5692.55 294.06 313.054 1053 11.569
7000 600 300 30 -248.013 375.063 1747.75 5498.81 680.574 288.977 1001 11.227
7000 600 300 30 -849.262 -660.721 1047.74 3808.29 519.167 313.738 1283 12.48
7000 600 300 30 -606.227 942.97 1408.48 5471.31 784.689 313.436 1105 11.295
7000 600 300 30 737.844 -45.8108 1655.56 5550.45 837.387 313.241 1021 11.342
7000 600 300 30 -1227.17 -480.445 1161.28 5209.29 402.723 313.539 1182 12.756
7000 600 300 30 -422.105 534.978 1724.19 5803.37 683.778 313.449 1005 10.399
7000 600 300 30 -1190.43 687.735 1162.44 5472.72 546.095 313.825 1199 12.822
7000 600 300 30 1136.86 407.298 1436.21 5944.94 540.595 313.277 1093 11.848
7000 600 300 30 -956.581 -750.183 965.397 4068.74 603.489 313.887 1340 13.634
7000 600 300 30 650.855 817.445 1685.61 6640.68 264.42 312.873 1020 11.37
7000 600 300 30 265.52 -278.756 1442.43 3763.15 1121.42 313.659 1081 11.476
7000 600 300 30 -1635.39 -155.646 1046.06 6404.07 749.19 314.043 1286 13.022
7000 600 300 30 -1235.89 286.396 1301.47 5577.26 600.118 313.759 1133 12.579
7000 600 300 30 408.65 -1044.78 1347.02 5188.53 377.351 314.253 1113 12.061
7000 600 300 30 -634.731 1079.36 1484.19 6366.5 636.403 313.22 1077 11.487
7000 600 300 30 -240.812 870.273 1431.58 4836.93 426.762 312.73 1089 11.576
7000 600 300 30 869.476 319.798 1408.07 4796.62 1893.32 315.482 1092 12.233
7000 600 300 30 100.855 1072.13 1072.45 3899.84 275.63 313.194 1258 13.001
7000 600 300 30 1319.71 134.946 1286.29 5764.89 285.254 312.862 1147 12.152
7000 600 300 30 -429.592 -1340.61 1102.41 5397.96 759.112 313.759 1233 13.42
7000 600 300 30 -1051.02 -67.864 1021.5 3634.63 2207.68 316.867 1286 12.573
7000 600 300 30 -310.429 16.8589 1585.56 4407.83 591.327 315.018 1028 9.405
7000 600 300 30 -780.826 742.422 1304.59 4833.63 645.651 313.474 1130 12.853
7000 600 300 30 -285.549 781.26 1590.17 5437.6 493.81 313.089 1031 11.761
7000 600 300 30 973.049 -94.0634 1562.11 5733.57 381.881 313.499 1071 13.215
7000 600 300 30 -48.5458 -1417.15 991.753 5055.49 138.254 313.256 1320 13.704
7000 600 300 30 1081.73 138.85 1296.63 4846.88 1071.15 314.157 1151 12.374
7000 600 300 30 603.611 -1484.72 951.824 5866.71 307.332 313.441 1333 11.739
7000 600 300 30 874.418 483.034 1735.63 6771.07 408.975 312.55 1004 10.842
7000 600 300 30 -106.861 -114.311 1759.19 5266.56 1519.58 313.854 993 11.021
7000 600 300 30 373.239 634.665 1360.53 4040.62 262.091 313.065 1102 10.868
7000 600 300 30 -688.077 -1212.09 943.989 4784.47 1900.04 317.802 1336 14.947
7000 600 300 30 -30.6811 610.137 738.685 1551.41 3663.11 572.061 1496 15.411
7000 600 300 30 -25.7878 1038.97 1018.33 3574.56 660.249 313.578 1300 13.682
7000 600 300 30 353.013 526.288 1747.61 5834.7 168.007 312.938 1004 11.523
7000 600 300 30 -214.971 1260.21 1275.04 5504.32 141.034 313.24 1157 12.712
7000 600 300 30 473.439 498.448 1390.04 4060.28 1069.94 316.144 1099 11.859
7000 600 300 30 -46.3382 1250.65 1525.56 6573.97 970.629 313.761 1078 12.15
7000 600 300 30 393.143 -254.294 1172.44 2691.04 1150.74 410.194 1204 13.248
7000 600 300 30 1364.15 390.752 1293.23 6223.53 44.5222 313.342 1155 11.706
7000 600 300 30 -103.849 861.641 1536.51 5257.82 671.494 313.83 1058 11.902
7000 600 300 30 -873.782 383.12 1321.95 4487.5 1090.57 314.782 1142 12.04
7000 600 300 30 -273.102 1360.88 681.108 4036.12 376.548 313.513 1593 14.271
7000 600 300 30 -389.949 1179.37 1201.33 5041.85 230.065 313.473 1212 13.143
7000 600 300 30 -834.053 713.08 1535.26 6012.69 458.575 313.221 1064 10.68
7000 600 300 30 -1006.69 426.763 1045.59 3864.46 1505.06 315.733 1270 11.781
7000 600 300 30 -897.369 -684.379 1385.39 5390.98 654.08 327.497 1090 11.977
7000 600 300 30 80.65 -719.88 1440.36 4388.78 481.949 313.612 1072 11.271
7000 600 300 30 -879.697 -44.3796 1395.19 4596.49 688.492 313.097 1106 12.09
7000 600 300 30 -723.478 -678.345 1521.02 5566.8 1400.92 315.141 1064 12.184
7000 600 300 30 -646.251 818.201 1659.96 6487.83 303.816 312.126 1022 10.744
7000 600 300 30 235.816 -1196.06 1216.93 5009.66 1132.47 313.816 1177 12.425
7000 600 300 30 -523.775 -422.354 1418.93 4163.75 1196.21 314.161 1117 12.095
7000 600 300 30 563.798 322.213 1642.44 5266.65 882.783 313.29 1030 11.056
7000 600 300 30 828.742 947.3 1104.35 4733.91 695.68 313.826 1228 13.546
7000 600 300 30 58.0203 -929.862 1348.94 4537.85 1168.66 315.169 1127 11.291
7000 600 300 30 -335.125 -565.747 1243.47 3340.66 1351.92 315.284 1165 12.577
7000 600 300 30 -1440.7 -182.275 1137.16 5743.95 744.787 313.502 1249 12.922
7000 600 300 30 949.52 9.36105 1513.06 5387.75 95.824 313.155 1087 11.833
7000 600 300 30 1553.93 101.875 1539.72 8097.27 28.3574 313.396 1069 11.227
7000 600 300 30 969.361 -307.398 1392.59 5020.39 556.47 313.224 1090 11.44
7000 600 300 30 -515.876 295.197 1652.72 5208.32 520.527 314.215 1014 10.951
7000 600 300 30 1267.3 233.641 1454.03 6373.48 107.843 313.443 1099 11.878
7000 600 300 30 -317.84 1268.6 1448.35 6429.6 393.692 313.268 1089 11.695
7000 600 300 30 -231.133 -1052.88 1088.4 3961.98 1874.88 315.914 1261 13.563
7000 600 300 30 -76.6667 -1389.01 1070.39 5201.9 504.867 313.222 1263 13.605
7000 600 300 30 588.074 -870.262 1310.9 4764.08 1811.28 318.962 1137 12.16
7000 600 300 30 675.127 -228.644 1555.91 4945.23 1018.06 314.132 1053 10.847
7000 600 300 30 628.15 865.141 982.34 3559.22 716.53 314.391 1312 13.176
7000 600 300 30 -456.629 -720.607 1442.35 4741.29 1436.99 314.978 1094 11.996
7000 600 300 30 -800.565 -709.322 1199.08 4359.18 2458.46 320.424 1179 13.12
7000 600 300 30 99.4775 1070.23 1082.92 3930.59 1161.43 314.491 1247 11.475
7000 600 300 30 -224.637 -737.144 1773.38 6312.5 549.719 313.88 987 10.624
7000 600 300 30 276.203 826.702 1567.35 5430.43 920.936 313.655 1064 12.079
7000 600 300 30 -687.282 757.036 1168.51 4070.53 2494.81 318.206 1217 12.546
7000 600 300 30 -1281.02 110.062 1234.58 5364.6 288.413 313.49 1170 12.323
7000 600 300 30 282.828 1187.23 1045.36 4359.92 482.652 313.482 1269 13.181
7000 600 300 30 861.144 -188.119 1379.16 4523.32 1856.84 316.875 1114 11.677
7000 600 300 30 1439.17 151.83 935.536 5013.71 217.901 313.185 1333 14.165
7000 600 300 30 931.916 -636.311 1304.48 5023.07 750.877 363.973 1156 13.139
7000 600 300 30 556.466 281.17 1111.07 2740.62 2988.87 717.315 1238 13.12
7000 600 300 30 -755.484 991.805 1375.7 5819.92 1354.41 314.569 1120 11.768
7000 600 300 30 502.151 545.849 1336.41 3944.29 1426.28 314.918 1138 11.487
7000 600 300 30 -718.5 -296.635 1307.78 3907.86 568.508 313.639 1144 12.551
7000 600 300 30 276.245 -550.742 1627.86 5115.12 2336.34 317.373 1032 9.36
7000 600 300 30 -1398.06 -66.7332 1203.17 5751.82 307.383 313.592 1198 12.816
7000 600 300 30 -711.285 747.94 1724.39 6819.24 877.802 313.925 1016 9.971
7000 600 300 30 -228.543 -493.748 1425.58 3931.09 2222.49 318.869 1094 11.305
7000 600 300 30 -1398.74 -351.25 872.233 4796.14 833.834 314.133 1422 14.207
7000 600 300 30 1216.02 987.746 1079.54 6111.63 689.62 352.164 1257 11.885
7000 600 300 30 1304.51 587.44 1218.02 5960.77 522.892 313.386 1195 9.821
7000 600 300 30 177.189 -1253.83 1277.4 5462.39 876.747 313.985 1157 8.669
7000 600 300 30 363.032 -590.596 1111.41 2897.03 450.844 313.935 1224 6.703
7000 600 300 30 -989.555 624.736 1049.95 4173.58 643.291 313.483 1275 12.092
7000 600 300 30 -1232.75 364.641 1321.92 5740.73 709.189 313.89 1133 8.315
7000 600 300 30 747.891 286.857 523.221 1545.55 2971.29 321.155 1826 17.195
7000 600 300 30 -267.77 -1225.83 1580.55 6876 820.153 313.636 1052 8.652
7000 600 300 30 327.089 980.284 1664.31 6479.91 652.623 313.408 1018 8.988
7000 600 300 30 93.1181 1612.25 957.698 5951.98 175.84 313.634 1326 12.618
7000 600 300 30 -20.3376 1235.29 1395.86 5866.8 378.801 313.066 1104 5.719
7000 600 300 30 -116.536 -431.556 695.711 1154.59 4820.55 339.843 1558 8.206
7000 600 300 30 137.054 525.67 1524.32 4421.35 864.933 313.423 1061 5.364
7000 600 300 30 283.611 -585.928 1537.69 4707.7 1157.35 314.087 1052 5.257
7000 600 300 30 822.395 -203.726 1190.28 3604.09 1512.03 316.272 1185 6.573
