i = 0 7000 600.005 297.816 30 1.25408 774.811 1959.72 7497.94 111.548 318.345 9509 80.419
i = 201 7000 600.001 298.65 45 -833.726 -840.76 1723.99 7385.27 5.17371 319.272 11101 94.616
i = 134 7000.03 600.002 301.576 30 393.967 -255.4 1174.15 2699.86 1149.91 323.633 12036 101.975
i = 67 7000 599.996 300.564 30 708.781 1048.84 1126.48 4848.06 291.391 321.597 12323 104.156
i = 268 7000.02 600.005 301.029 45 1416.32 -42.2726 1255.61 6051.79 914.784 322.65 12595 106.714
i = 402 4999.99 599.999 300.337 30 79.7835 -574.847 1234.16 3140.37 1575.58 323.563 12548 107.734
i = 668 3000 600.001 301.323 30 -468.224 -596.631 1293.76 3797.25 215.457 322.281 13930 121.136
i = 335 7000.02 600.005 300.423 45 310.563 1490.25 934.267 5386.26 2299.77 327 14378 122.992
i = 602 3000.01 600.004 301.411 30 614.724 267.063 1015.29 2498.88 1203.06 323.633 15031 127.253
i = 469 5000.01 599.999 300.757 29.9999 542.192 688.19 859.331 2542.79 2052.84 325.93 15102 128.066
i = 734 3000.01 600.003 300.531 30 234.19 -317.133 721.232 1140.68 589.08 214.698 17718 149.837
i = 1 7000 600.002 300.127 30 617.766 319.544 1709.06 5748.38 996.473 322.124 10200 87.92
i = 536 4999.99 600 297.425 30 -237.258 -247.201 434.746 517.334 1901.2 321.295 20423 173.16
i = 135 7000 600.003 299.057 30.0001 1365.48 389.987 1293.68 6230.62 43.943 319.944 11556 100.463
i = 202 7000.02 600.006 300.066 45 1000.24 585.816 1097.16 4301.09 2244.94 326.054 13390 115.675
i = 68 6999.99 600 300.717 30 -1209.09 730.701 983.646 5003.41 670.283 321.99 13199 114.697
i = 403 5000.01 600 301.829 29.9999 -341.207 267.246 965.266 1890.31 2789.78 330.198 13873 121.625
i = 669 3000 599.998 297.213 30 -80.9652 376.606 1214.27 2740 471.373 318.25 14106 121.237
i = 336 6999.97 599.998 298.458 45 -1139.24 -173.993 897.976 3603.9 2339.22 324.106 14716 126.959
i = 603 3000 599.999 300.466 30 242.397 -397.745 1072.73 2309.25 467.217 321.451 14875 127.75
i = 2 6999.99 599.999 300.442 30 46.208 522.972 1391.4 3734.13 452.186 320.794 10970 94.815
i = 136 7000 600 300.13 30.0001 -102.906 861.566 1536.63 5257.89 671.414 321.435 10581 91.685
i = 470 4999.99 599.999 298.285 30 127.783 -647.863 483.339 1130.68 1768.9 322.256 19605 168.38
i = 735 3000 600 299.812 30 573.186 -668.986 735.409 2223.48 9.05938 320.652 17668 152.656
i = 269 7000.01 599.998 297.642 45 -1364.61 -222.221 362.596 3449.44 2363.02 324.826 22903 196.166
i = 69 7000 600.003 297.905 30.0001 504.78 1108.6 1248.26 5136.02 260.067 318.62 11565 100.548
i = 203 7000.01 600.002 301.966 45 -318.413 -1098.36 1014.87 3947.07 2673.04 330.566 13751 119.445
i = 3 6999.99 599.999 300.018 30 63.5278 -1149.84 1500.19 6038.96 652.034 321.238 10843 94.06
i = 404 5000.01 600.001 301.195 29.9999 -1262.34 138.03 882.994 4039.04 608.57 322.355 14855 131.809
i = 604 2999.99 599.997 299.555 29.9999 328.858 -500.594 1081.57 2580.79 28.433 320.402 14669 126.546
i = 670 3000 599.999 298.215 30 596.153 155.249 858.746 1885.86 523.738 319.159 16298 140.116
i = 337 7000 599.998 302.273 44.9999 1069.18 816.548 764.407 4042.39 1086.09 324.615 15930 137.788
i = 137 7000.02 599.998 297.483 29.9999 -873.974 384.02 1322.75 4492.82 1091.03 319.261 11422 98.67
i = 70 7000 599.997 302.433 30 300.751 649.136 1593.29 5150.32 380.178 323.655 10368 90.828
i = 736 3000.02 600 299.186 29.9999 -496.724 -570.313 974.507 2569.17 238.788 320.009 15579 133.466
i = 204 6999.99 600.002 302.078 45.0001 216.581 914.765 1087.37 3488.36 2856.82 331.011 13530 115.921
i = 4 6999.99 600.002 297.803 30 597.455 999.717 1393.11 5566.9 1359.92 320.031 11150 95.829
i = 270 7000 599.995 302.394 44.9999 443.705 -1198.29 586.395 3337.34 4161.59 342.25 18006 154.003
i = 471 5000.02 600.004 300.736 30 -817.424 221.492 498.473 1630.52 2826.32 328.883 19141 164.456
i = 405 4999.99 600.004 297.787 30.0001 543.647 180.214 875.367 1847.62 3533.51 332.047 14356 126.872
i = 71 7000 600.004 302.645 30.0001 466.031 28.8157 1514.55 4241.05 1028.85 325.12 10811 92.755
i = 671 2999.99 599.997 298.725 29.9999 235.19 -157.626 1155.94 2391.4 551.197 319.973 14516 124.183
i = 605 3000 600.001 299.378 30 -507.653 820.858 955.046 3112.8 76.7693 320.206 15604 133.175
i = 138 6999.99 599.997 299.913 30 -272.649 1361.53 677.73 4030.92 375.808 320.819 15980 137.534
i = 338 7000.01 599.999 302.317 45 -1196.24 1293.16 537.056 5726.55 2825.3 331.862 18597 159.416
i = 5 7000.03 600.002 299.496 30 840.953 422.706 1362.19 4628.66 641.262 321.032 11171 95.793
i = 737 3000.01 600.003 298.436 29.9999 -219.979 103.509 1003.16 1798.88 649.687 319.663 15194 129.805
i = 472 5000.02 600.002 298.671 30 -290.232 -30.5868 1152.27 2385.55 3556.79 334.171 12744 109.671
i = 537 5000.01 600 296.944 30 -112.812 -1092.31 806.962 3135.45 103.254 317.687 47309 404.033
i = 205 6999.99 600.004 298.739 45.0001 370.007 1629.7 708.423 5562.8 1852.27 323.5 16656 143.173
i = 271 7000.02 600.002 298.304 45 375.502 -1209.15 711.339 3560.91 2259.89 324.968 16367 140.185
i = 406 4999.99 599.999 297.63 30 -699.189 -552.402 870.989 2621.48 2265.05 323.851 14380 126.816
i = 72 7000.03 600 300.696 30 1162.34 368.752 804.93 3604.61 2996.18 329.619 14552 125.525
i = 139 7000.03 600.001 298.383 30 -389.742 1179.3 1201.38 5041.54 230.118 319.238 12122 104.449
i = 672 3000 599.999 298.52 30 126.039 266.962 1016.87 1892.99 130.553 319.36 15234 130.548
i = 339 7000.01 599.999 299.466 45 -836.995 192.979 1585.5 5490.02 730.764 320.809 11186 97.586
i = 6 7000 600.003 300.304 30 -1277.66 36.0664 1328.14 5736.67 559.369 320.989 11328 97.36
i = 606 3000 600 302.67 30 496.345 -600.439 959.949 2580.54 688.328 323.972 15712 134.377
i = 738 3000.01 599.996 298.994 29.9998 127.401 233.643 971.913 1714.47 93.1989 319.832 15405 133.119
i = 206 6999.97 599.998 300.286 45 1260.61 -325.649 1092.99 4879.18 2508.98 327.929 13491 116.962
i = 73 7000.02 599.998 300.041 29.9999 -216.836 707.35 1769.46 6210.54 202.422 321.039 10062 88.559
i = 538 4999.99 600 302.404 30 -760.821 279.78 716.19 1975.53 3033.17 332.287 16150 140.544
i = 140 7000 599.998 296.539 30 -833.517 712.809 1533.78 6002.85 456.053 317.538 10645 94.641
i = 272 6999.99 600 300.576 45.0001 -360.056 1067.13 687.257 2939.07 3885.6 336.334 16565 144.511
i = 7 7000.03 600.003 299.019 30 -1043.76 -16.4707 1398.72 5143.1 1317.06 321.368 11128 96.787
i = 407 5000.02 600.001 300.802 30 -692.005 339.244 603.56 1617.9 1676.16 325.018 17360 152.696
i = 607 3000 600 301.064 30 492.386 666.131 929.878 2618.46 177.053 321.962 15861 137.998
i = 340 7000.02 600 302.869 45 -165.842 1688.7 665.502 5609.05 1322.07 325.681 16477 145.231
i = 673 3000 599.997 300.022 30 469.108 -599.895 554.391 1498.1 1419.38 322.985 19967 173.301
i = 74 6999.99 599.998 302.622 30 1586.87 -1.82682 915.9 5668.05 191.388 323.581 13842 120.436
i = 539 4999.99 600.001 302.018 30 557.125 754.387 960.851 3043.73 785.569 323.345 14021 122.617
i = 141 7000.02 599.997 298.678 29.9999 -1006.51 425.96 1045.69 3863.02 1506.35 321.478 12702 114.113
i = 207 7000.01 599.998 302.116 45 1317.39 -29.4327 725.164 3819.59 3233.88 333.22 15865 139.067
i = 739 3000.02 600.005 298.959 30 -479.021 -756.335 840.48 2545.97 111.039 278.898 16666 147.206
i = 8 6999.99 600 302.112 30 97.3135 690.94 1155.86 3077.75 1666.54 324.28 11960 104.989
