5000 600 300 45 1241.89 -192.435 1245.42 5285.37 189.228 321.566 6788 343.958
5000 600 300 45 -80.3365 -941.435 1188.36 3891.7 469.301 321.625 6949 351.473
5000 600 300 45 1061.61 169.977 1179.43 4300.31 369.116 321.617 6978 354.71
5000 600 300 45 -38.3875 -1147.26 1136.44 4405.34 434.203 321.551 7161 367.096
5000 600 300 45 -714.461 251.027 1065.42 2884.8 1916.51 324.648 7282 368.451
5000 600 300 45 -546.002 -1200.09 1039.35 4758.9 165.96 321.618 7398 376.816
5000 600 300 45 212.04 -1333.66 950.652 4604.88 387.037 321.661 7572 388.616
5000 600 300 45 933.584 -826.939 615.741 3266.3 942.108 322.119 9006 454.859
5000 600 300 45 284.121 -1026.97 354.169 2128.79 2891.1 329.924 12107 607.885
5000 600 300 45 1048.2 -16.8901 264.997 1974.13 1971.86 326.002 13888 700.909
5000 600 300 45 -658.399 -830.011 990.85 3552.73 1546.74 323.772 7515 380.596
5000 600 300 45 -962.83 -856.409 1140.44 4999.5 60.6587 321.563 7103 365.856
5000 600 300 45 696.129 -456.013 942.66 2669.62 521.77 321.681 7647 390.644
5000 600 300 45 1119.91 83.9534 863.228 3387.62 1546.54 324.421 8027 407.317
5000 600 300 45 -175.141 645.004 926.829 2204.58 3180.94 331.766 7617 386.715
5000 600 300 45 660.367 627.776 866.34 2668.92 769.17 322.299 7887 401.952
5000 600 300 45 984.657 -553.516 1598.04 6466 110.795 321.465 6261 319.942
5000 600 300 45 -957.524 950.371 1040.53 4901.02 209.515 321.682 7287 370.84
5000 600 300 45 1126.14 484.554 221.595 2620.54 2393.5 328.106 15010 752.809
5000 600 300 45 1148.15 546.296 880.057 4037.3 6.87519 321.537 7614 386.724
5000 600 300 45 -345.72 1015.6 762.35 2924.58 353.318 321.707 8461 431.089
5000 600 300 45 -458.998 976.308 185.115 2022.92 2937.72 331.256 15938 805.849
5000 600 300 45 323.558 1241.92 1447.73 6319.69 29.694 321.427 6558 335.903
5000 600 300 45 -1287.23 374.651 708.069 3881.12 603.584 322.076 8826 451.417
5000 600 300 45 -937.167 -1029.08 1046.65 5120.54 591.397 321.82 7344 374.965
5000 600 300 45 -1248.34 435.433 349.549 3157.54 1754.87 325.011 12252 620.628
5000 600 300 45 1081.01 -157.446 1095.12 4039.76 1127.59 323.03 7327 375.672
5000 600 300 45 -1186.21 -440.327 1104.89 4764.3 384.787 321.745 7185 368.911
5000 600 300 45 625.756 -846.3 1113.38 3963.39 418.78 321.703 7140 366.611
5000 600 300 45 41.7691 1380.44 796.599 4291.82 178.527 321.47 8342 427.825
5000 600 300 45 -932.736 -908.476 497.373 3280.07 1611.04 323.813 10350 528.971
5000 600 300 45 -1142.64 -592.062 274.548 2923.56 2904.26 331.118 13506 691.259
5000 600 300 45 -1374.58 -172.39 318.934 3412.12 2247.45 326.108 12768 656.637
5000 600 300 45 -1234.46 447.998 562.549 3446.12 2223.84 326.106 9842 509.607
5000 600 300 45 -811.94 1124.43 498.304 3667.03 1289.91 323.145 10202 529.403
5000 600 300 45 957.278 -197.091 1139.57 3805.42 1547.64 323.545 7082 372.763
5000 600 300 45 1170.85 140.109 969.737 3935.5 1391.76 323.4 7661 402.474
5000 600 300 45 1202.97 156.069 484.919 2881.51 1738.33 324.004 10570 552.144
5000 600 300 45 990.695 396.002 1134.14 4093.65 358.351 321.472 7013 367.051
5000 600 300 45 -205.311 1300.95 373.211 3163.93 1380.18 323.49 11908 620.412
5000 600 300 45 -191.711 -769.767 708.116 1909.12 2200.89 326.205 8767 457.801
5000 600 300 45 1278.81 32.2768 710.169 3614.43 196.874 321.531 45856 2317.47
5000 600 300 45 1053.58 526.407 769.496 3341.79 1206.47 323.178 8453 438.598
5000 600 300 45 -763.613 197.98 547.984 1557.7 2319.5 327.088 32658 1667.18
5000 600 300 45 322.313 -973.228 371.195 2007.25 2728.09 328.946 11715 601.305
5000 600 300 45 1097.56 -688.626 984.591 4471.35 137.249 321.549 18136 939.089
5000 600 300 45 -1304.63 16.6383 367.108 3101.79 1179.03 322.913 11984 618.808
5000 600 300 45 -780.801 -1096.07 927.533 4510.31 852.616 322.167 7782 401.601
5000 600 300 45 -945.191 1136.39 974.958 5293.68 120.448 321.432 7513 389.868
5000 600 300 45 -1173.82 864.198 516.113 4037.08 436.347 321.772 10192 523.911
5000 600 300 45 -741.962 -60.1897 1317.18 3864.92 406.347 321.568 6434 333.069
5000 600 300 45 -475.286 -1167 1068 4606.67 1601.86 323.612 7220 374.376
5000 600 300 45 -1064.49 -696.663 338.214 2925.78 2337.26 326.409 12282 625.335
5000 600 300 45 -908.815 782.283 1149.12 4657.28 41.5686 321.554 7031 356.521
5000 600 300 45 -1252.72 50.335 988.052 4302.22 68.4658 321.603 7466 365.171
5000 600 300 45 -550.536 922.352 1020.52 3706.54 980.884 322.417 7492 365.008
5000 600 300 45 -756.74 676.033 1165.86 4033.43 684.273 321.961 7057 354.321
5000 600 300 45 592.266 974.281 1067.38 4118.53 235.777 321.557 7290 350.557
5000 600 300 45 -619.775 -535.413 580.756 1702.02 3535.43 332.762 9554 458.133
5000 600 300 45 161.527 983.481 1039.67 3502.16 960.107 322.451 7378 352.22
5000 600 300 45 -1039.23 -764.689 126.208 2837.68 816.036 322.27 18198 820.744
5000 600 300 45 -164.574 -1146.07 787.88 3311.51 104.598 321.559 8318 349.338
5000 600 300 45 -456.489 26.9074 749.432 1301.35 3546.74 333.571 8212 304.957
5000 600 300 45 1003.44 -780.58 228.451 2816.92 1747.5 324.619 14726 609.128
5000 600 300 45 870.587 755.657 1213.61 4730.56 279.856 321.706 6895 224.814
5000 600 300 45 -677.531 926.841 580.455 2794.33 1743.88 325.176 20137 807.416
5000 600 300 45 902.086 -2.6103 1155.93 3629.98 455.387 321.793 6959 220.698
5000 600 300 45 1159.79 535.744 470.822 3129.96 1432.76 324.049 10315 310.781
5000 600 300 45 285.397 -943.797 477.736 2026.82 736.716 322.14 55894 2228.79
5000 600 300 45 -609.906 424.782 875.382 2226.53 862.295 322.241 22451 640.918
5000 600 300 45 882.047 -240.392 278.419 1542.04 85.2403 321.445 114591 4677.34
5000 600 300 45 656.48 1116.58 769.566 3832.6 1011.08 322.258 8370 241.022
5000 600 300 45 -290.649 -1236.59 400.969 2995.9 1366.9 323.794 15969 458.151
5000 600 300 45 -686.6 -1113.26 858.766 4133.64 921.028 322.269 7998 232.413
5000 600 300 45 434.665 821.652 1242.27 4064.48 699.717 321.989 6840 192.637
5000 600 300 45 1102.8 357.653 998.768 3953.6 1222.35 323.16 7546 212.097
5000 600 300 45 -717.3 264.912 1315.79 3910.35 495.459 321.728 6694 188.884
5000 600 300 45 1182.25 -104.364 1223.34 4905.11 392.631 321.85 6964 196.28
5000 600 300 45 -184.543 21.7743 406.037 336.662 709.323 322.091 171502 4738.37
5000 600 300 45 -488.973 -1338.02 1217.27 5928.22 110.46 321.43 6951 193.116
