7000 600 300 45 1369.62 582.641 1626.8 8208.74 199.683 321.684 5464 273.516
7000 600 300 45 -844.183 604.066 1395.44 5107.1 1731.05 325.132 5819 291.26
7000 600 300 45 950.295 -213.548 1001.38 3294.8 1227.53 323.37 6743 336.995
7000 600 300 45 -969.214 871.202 1050.66 4731.35 2409.6 327.126 6867 342.564
7000 600 300 45 525.849 -1271.74 966.658 4775.27 728.958 322.015 6921 345.973
7000 600 300 45 872.288 -1141.45 1014.83 5223.35 1296.19 323.596 7029 350.653
7000 600 300 45 -1383.08 455.226 969.037 5165.11 1694.13 324.53 6977 352.369
7000 600 300 45 -841.57 66.0873 837.69 2387.97 3091.56 330.907 7404 371.238
7000 600 300 45 -1207.64 -247.138 635.72 3247.84 3075.39 331.003 8646 429.975
7000 600 300 45 1576.76 -641.685 494.2 5305.27 2509.8 328.803 9810 487.34
7000 600 300 45 -660.566 918.268 1366.33 5312.45 421.739 321.819 6104 304.77
7000 600 300 45 -1012.24 -227.359 1021.95 3580.61 1343.37 322.486 6850 341.669
7000 600 300 45 809.261 636.679 1002.66 3487.55 1264.29 323.683 6901 344.314
7000 600 300 45 376.207 1583.37 209.857 4546.24 2612.77 327.598 14558 720.676
7000 600 300 45 1021.35 1087.66 803.328 4848.26 2962.03 331.075 7798 385.633
7000 600 300 45 620.578 1198.51 1161.81 5354.52 1546.96 323.758 6480 324.346
7000 600 300 45 -348.416 1451 723.63 4643.87 2341.43 326.668 8149 404.741
7000 600 300 45 -940.984 -1278.62 737.454 5173.56 1678.41 323.896 8067 404.042
7000 600 300 45 -929.899 -840.777 1400.56 5965.46 1561.83 323.605 6005 299.365
7000 600 300 45 -1006.5 -663.754 576.736 3015.89 2733.93 328.708 9145 452.14
7000 600 300 45 -202.602 1296.32 1281.75 5680.43 1611.63 323.616 6008 302.088
7000 600 300 45 7.29952 1270.67 1390.41 5990.31 791.324 322.178 6021 300.577
7000 600 300 45 -1036.74 605.529 244.457 2534.72 2774.2 328.18 13696 675.638
7000 600 300 45 -1161.08 -407.992 485.104 2954.52 3389.41 333.184 9960 493.06
7000 600 300 45 -841.371 -1219.93 863.174 4965.95 1756.99 325.221 7600 379.254
7000 600 300 45 245.893 1038.77 609.511 2551.19 3892.49 336.191 8706 430.273
7000 600 300 45 -1124.82 -1069.47 711.045 4921 2301.27 327.582 8176 407.194
7000 600 300 45 674.501 -1423.37 647.565 4896.83 2207.68 327.184 8459 420.802
7000 600 300 45 1374.16 -748.245 560.016 4663.05 2091.65 326.329 9181 454.624
7000 600 300 45 -762.964 1656.95 465.401 5984.06 403.849 321.594 10132 504.045
7000 600 300 45 1394.39 968.44 293.923 5012.17 1659.52 323.933 12865 636.103
7000 600 300 45 -727.021 -626.95 1483.51 5271.95 1831.16 325.447 5610 280.67
7000 600 300 45 -1018.08 -91.5051 941.177 3259.77 2670.94 328.448 7121 355.129
7000 600 300 45 629.992 814.078 1497.95 5577.58 2249.91 325.882 5636 281.857
7000 600 300 45 -806.418 -548.958 1466.13 5236.1 727.011 322.047 5772 288.678
7000 600 300 45 1042.27 441.173 1168.12 4466.61 2198.69 326.965 6466 323.41
7000 600 300 45 -401.253 -975.435 1278.47 4637.97 2422.45 327.754 6301 314.051
7000 600 300 45 281.106 -849.338 1050.46 3214.49 1113.52 322.9 6816 340.555
7000 600 300 45 -283.856 -1121.34 941.207 3754.77 3341.31 333.513 7042 351.937
7000 600 300 45 -1179.06 -7.56912 1236.56 4929.01 1237.2 323.306 6312 318.322
7000 600 300 45 -468.66 -868.238 622.552 2298 2705.68 328.322 8767 434.297
7000 600 300 45 807.86 -743.907 1110.05 4116.74 3972.41 338.926 6669 333.839
7000 600 300 45 -36.0256 -1410.08 620.003 4008.34 1904.76 325.468 8825 438.555
7000 600 300 45 421.378 788.58 745.481 2288.06 3576.72 335.446 7957 395.821
7000 600 300 45 922.137 -672.931 1110.62 4282.88 1443.9 324.034 6609 333.339
7000 600 300 45 1572.82 -155.358 950.077 5741.48 921.229 322.415 7190 357.842
7000 600 300 45 -593.545 1076.72 814.704 3672.88 1595.37 323.813 7713 388.034
7000 600 300 45 313.674 -1367.78 750.277 4275.28 2450.14 327.541 8117 407.587
7000 600 300 45 257.852 -1046.45 1377.46 5164.71 265.933 321.531 6101 308.986
7000 600 300 45 1003.39 1014.68 935.305 4915.23 79.5102 321.439 16407 814.717
7000 600 300 45 457.017 823.042 1030.03 3287.71 3145.57 332.068 6799 340.922
7000 600 300 45 -763.614 576.954 1401.48 4862.83 28.7542 321.67 5924 295.617
7000 600 300 45 259.785 1263.64 1170.97 5125.07 719.841 322.114 6455 322.945
7000 600 300 45 -357.405 1281.97 919.2 4417.04 1072.77 322.582 7162 354.161
7000 600 300 45 -92.6463 -763.331 1326.91 3971.03 892.681 322.415 6099 296.844
7000 600 300 45 542.778 1444.34 952.253 5550.68 1983.69 325.097 7010 340.694
7000 600 300 45 780.532 -1073.77 1207.24 5436.05 768.755 322.399 6393 302.298
7000 600 300 45 417.244 -852.25 1299.32 4370.68 2507.75 329.548 6104 293.104
7000 600 300 45 -1484.66 603.835 926.556 5786.76 1080.79 322.674 7341 362.752
7000 600 300 45 -1287.89 991.293 461.976 4819.97 1181 322.895 10344 477.472
7000 600 300 45 994.498 -93.8286 1002.1 3380.25 1758.89 324.539 6985 327.631
7000 600 300 45 -955.476 -234.661 1597.05 5940.79 294.173 321.683 5423 229.155
7000 600 300 45 -535.145 1192.12 326.234 3062.69 1926.65 324.625 12141 572.451
7000 600 300 45 -1318.47 -967.155 1083.49 6496.47 370.644 321.806 16601 763.652
7000 600 300 45 331.685 -804.076 1435.19 4755.09 1993.23 324.914 5856 245.76
7000 600 300 45 1504.76 -201.412 1057.02 5778.01 589.914 321.674 6865 260.554
7000 600 300 45 -411.982 1665.43 391.945 5229.01 77.3299 321.396 11241 458.404
7000 600 300 45 -940.606 886.038 1134.89 4993.93 2402.26 327.476 6483 203.752
7000 600 300 45 -1371.94 422.71 185.851 3537.94 2399.82 326.44 42130 1846.4
7000 600 300 45 1017.79 -943.569 1427.43 6692.44 540.226 321.729 6001 177.721
7000 600 300 45 -944.109 1323.34 606.404 5082.6 18.6864 321.459 20060 704.263
7000 600 300 45 -1485.75 -786.515 1064.66 6685.32 1506.33 323.349 6860 197.03
7000 600 300 45 825.899 1038.67 219.135 3054.26 882.509 322.492 23098 640.371
7000 600 300 45 810.396 1183.26 1256 6136.3 449.146 321.704 6334 179.201
7000 600 300 45 -496.254 1055.97 745.976 3238.06 576.638 322 7825 215.349
7000 600 300 45 -1069.8 -1042.07 752.861 4722.78 1471.1 324.006 8113 223.386
7000 600 300 45 279.875 1043.27 796.129 3040.07 2719.93 327.878 7764 214.605
7000 600 300 45 -893.717 1081.85 802.861 4413 2479.46 328.647 7737 212.926
7000 600 300 45 1310.55 -220.48 319.578 3154.42 2308.96 327.785 12235 334.824
7000 600 300 45 -1048.85 -604.832 1075.46 4427.9 2411.39 328.511 6669 184.484
