0 0 1000 0 0 0 0 0 0 2386.85 1000 0.013
0 0 1000 0 0 0 0 0 0 2386.85 1000 0.008
0 0 1000 0 0 0 0 0 0 2386.85 1000 0.012
0 0 1000 0 0 0 0 0 0 2386.85 1000 0.011
0 0 1000 0 0 0 0 0 0 2386.85 1000 0.012
0 0 1000 0 0 0 0 0 0 2444.38 1000 0.012
0 0 1000 0 0 0 0 0 0 2386.85 1000 0.012
0 0 1000 0 0 0 0 0 0 2444.38 1000 0.01
0 0 1000 0 0 0 0 0 0 2444.96 1000 0.013
0 0 1000 0 0 0 0 0 0 2430.37 1000 0.013
0 0 1000 0 0 0 0 0 0 2444.38 1000 0.012
0 0 1000 0 0 0 0 0 0 2442.63 1000 0.009
0 0 1000 0 0 0 0 0 0 2442.63 1000 0.01
0 0 1000 0 0 0 0 0 0 2444.38 1000 0.007
0 0 1000 0 0 0 0 0 0 2442.63 1000 0.009
0 0 1000 0 0 0 0 0 0 2442.63 1000 0.01
0 0 1000 0 0 0 0 0 0 2444.96 1000 0.007
0 0 1000 0 0 0 0 0 0 2444.96 1000 0.007
0 0 1000 0 0 0 0 0 0 2444.96 1000 0.009
0 0 1000 0 0 0 0 0 0 2444.38 1000 0.01
0 0 1000 0 0 0 0 0 0 2442.63 1000 0.013
0 0 1000 0 0 0 0 0 0 2444.38 1000 0.013
0 0 1000 0 0 0 0 0 0 2443.65 1000 0.009
0 0 1000 0 0 0 0 0 0 2444.38 1000 0.009
0 0 1000 0 0 0 0 0 0 2430.37 1000 0.01
0 0 1000 0 0 0 0 0 0 2386.85 1000 0.008
0 0 1000 0 0 0 0 0 0 2442.63 1000 0.009
0 0 1000 0 0 0 0 0 0 2430.37 1000 0.006
0 0 1000 0 0 0 0 0 0 2442.63 1000 0.01
0 0 1000 0 0 0 0 0 0 2444.38 1000 0.01
