10.6342 15.0543 33.7085 10.0337 15.8462 33.2915 -244.786 -1408.13 -1953.63 549.976 -605.018 -1573.09 
21.0876 1.50774 32.9618 21.1076 1.55748 34.0382 -502.702 1529.49 -1787.65 -232.672 369.236 -1739.07 
15.038 16.3855 32.9613 15.0665 16.3974 34.0387 390.456 277.656 -1747.88 1581.36 230.159 -1778.84 
13.2082 17.2374 33.8926 12.4752 17.3264 33.1074 -142.217 1118.18 -1359.3 690.016 842.897 -2167.42 
12.775 16.7756 33.9645 13.1912 16.4214 33.0355 835.369 563.003 -1461.25 77.3567 1257.12 -2065.47 
17.4747 22.0297 34.0245 17.7191 21.9904 32.9755 1025.89 742.167 -1627.45 -88.9811 1065.63 -1899.28 
33.1549 24.768 32.9664 33.0056 24.7915 34.0336 1448.76 -279.158 -1690.41 340.251 -693.143 -1836.31 
8.16042 12.3706 32.994 8.29879 12.7147 34.006 618.182 178.279 -1562.72 795.813 1286.83 -1964 
33.1486 8.80859 32.9735 33.1982 9.03308 34.0265 -168.925 668.834 -1790.63 -1359.9 676.009 -1736.09 
16.4212 4.49401 33.0084 16.0339 4.70593 33.9916 266.717 -1426.34 -1531.65 -457.975 -600.807 -1995.08 
6.07069 32.7455 33.8384 5.81523 33.5443 33.1616 -168.363 -1373.17 -2223.49 -249.914 -619.562 -1303.23 
1.27861 17.6732 33.8455 1.93416 17.1689 33.1545 557.006 -139.928 -2130.2 1477.2 50.9066 -1396.52 
5.71377 10.7719 33.0238 5.51993 10.306 33.9762 490.252 683.378 -1686.34 1436.61 -25.2448 -1840.38 
4.91782 10.5218 33.0535 5.50688 10.6528 33.9465 690.269 -1159.69 -2062.61 -288.92 -836.512 -1464.11 
23.1229 3.08125 32.9957 22.8152 3.30378 34.0043 -197.884 -988.699 -1928.46 944.707 -905.55 -1598.26 
15.4722 19.227 33.8326 14.6471 19.0313 33.1674 -1067.07 309.423 -1337.65 -532.555 950.387 -2189.07 
16.4959 11.2709 33.0753 17.0635 10.9273 33.9247 979.552 -10.515 -2038.91 783.883 1028.46 -1487.82 
6.73664 12.3815 33.01 6.89113 11.9604 33.99 -916.882 558.603 -1544.93 -1119.1 -532.14 -1981.79 
17.3377 12.3526 32.9906 17.3446 12.0008 34.0094 -862.081 1335.14 -1593.39 -261.965 362.638 -1933.33 
19.7163 28.0975 32.9759 19.4923 28.2111 34.0241 -327.479 -355.827 -1653.4 -1475.61 -590.105 -1873.32 
23.0664 28.3202 34.0086 23.1877 28.6554 32.9914 -1037.06 953.701 -1821.43 147.077 877.651 -1705.29 
6.30028 18.6523 33.9406 6.83754 18.9627 33.0594 1417 283 -1421.1 619.148 -279.432 -2105.62 
30.9476 20.0523 32.9958 30.6999 20.341 34.0042 -599.874 64.2117 -1558.97 -1090.42 1071.05 -1967.75 
6.30205 9.69717 32.9612 6.31685 9.70282 34.0388 -1607.08 128.036 -1755.22 -415.075 110.308 -1771.5 
18.8515 16.9912 32.9781 19.0585 16.8206 34.0219 1070.29 4.09906 -1893.77 648.104 1088.16 -1632.95 
23.8369 13.0927 32.9824 23.8345 13.3929 34.0176 -631.846 -1350.36 -1597.39 -680.697 -206.291 -1929.33 
21.3409 19.8208 32.9709 21.2921 19.6227 34.0291 -785.19 886.971 -1811.08 382.321 1108.93 -1715.64 
28.5933 19.5297 34.0333 28.6601 19.3892 32.9667 354.803 -237.421 -1833.76 1388.07 -815.345 -1692.96 
23.0941 22.5602 32.9618 23.135 22.5968 34.0382 150.488 -750.775 -1790.99 -986.293 -1105.93 -1735.73 
30.5253 24.0855 33.829 31.378 24.125 33.171 593.161 375.666 -2234.02 1322.34 314.836 -1292.71 
18.0429 12.8803 34.02 17.7598 12.8782 32.98 28.5592 886.477 -1919.83 -1120.6 832.058 -1606.9 
19.3278 3.93754 33.9818 18.9006 4.16217 33.0182 -332.89 671.142 -1968.48 -1412.93 376.734 -1558.24 
33.4016 7.32854 34.0147 33.0883 7.26729 32.9853 -377.053 -458.791 -1931.28 -1510.59 -304.586 -1595.44 
6.60109 21.6946 32.9679 6.55342 21.5313 34.0321 339.905 -584.79 -1679.14 -465.606 -1447.48 -1847.58 
31.4936 14.0585 32.98 31.6282 14.3074 34.02 -1382.4 -567.822 -1609.96 -637.503 311.079 -1916.76 
10.878 15.5607 33.265 11.5654 14.8764 33.735 35.8294 1029.84 -1246.06 613.883 899.871 -2280.67 
12.8269 13.7092 32.9632 12.8045 13.6164 34.0368 -454.138 -1235.15 -1803.11 -1007.72 -182.206 -1723.61 
5.78797 28.4717 34.0306 5.93699 28.5864 32.9694 1122.82 -819.862 -1675.81 -52.8581 -912.509 -1850.91 
19.9815 34.0897 34.0371 20.0688 34.0828 32.9629 953.676 -1289.08 -1726.68 117.095 -442.789 -1800.04 
20.3338 10.4075 33.7555 20.0094 11.2992 33.2445 -410.688 -705.436 -1238.54 -209.664 -1233.92 -2288.18 
9.51289 17.3885 33.901 8.81388 17.5614 33.099 -333.032 1132.35 -1365.18 521.914 895.026 -2161.55 
12.089 30.7719 32.9788 11.9876 30.5175 34.0212 -952.481 -362.499 -1900.46 -1037.28 794.688 -1626.26 
5.51695 34.0226 32.9907 5.23826 34.238 34.0093 -509.211 -125.835 -1801.98 -1047.19 -1187 -1724.74 
14.2588 13.7214 34.0342 14.2033 13.8528 32.9658 -57.7553 1608.53 -1689.34 -6.96161 426.597 -1837.38 
28.585 14.8153 32.9834 28.784 14.5821 34.0166 -714.123 -1412.98 -1864.24 -426.586 -273.647 -1662.48 
21.0224 26.2849 34.0215 20.7595 26.3516 32.9785 -651.482 -339.3 -1682.14 -292.801 -1464.65 -1844.58 
9.221 34.0177 34.033 9.29154 34.1605 32.967 1310.45 -941.618 -1775.28 322.169 -275.135 -1751.44 
29.9227 14.0305 32.9615 29.9329 13.9912 34.0385 1129.18 64.029 -1745.54 662.012 -1032.3 -1781.18 
16.5187 16.7528 34.0115 16.4736 17.0893 32.9885 160.988 -987.794 -1821.31 1238.62 -491.065 -1705.41 
11.7604 34.2324 34.0335 11.6822 34.1012 32.9665 -1605.74 104.363 -1718.35 -417.127 127.863 -1808.37 
24.8093 26.0529 32.9617 24.8368 26.0952 34.0383 737.073 -820.985 -1785.01 -396.922 -1186.56 -1741.72 
8.10976 14.1726 34.0013 7.75443 14.3465 32.9987 301.802 -566.437 -1568.9 1427.36 -508.708 -1957.82 
18.0393 26.4193 34.0018 18.2862 26.1138 32.9982 -237.21 1453.6 -1980.55 438.503 572.58 -1546.18 
5.39828 22.074 33.0619 5.24727 22.6832 33.9381 410.579 -1003.27 -1661.67 -764.196 -1001.95 -1865.05 
22.0665 21.1931 33.0236 21.8257 20.7507 33.9764 1572.18 -88.5303 -1713.87 452.127 307.896 -1812.85 
1.94374 26.4205 33.9004 1.46942 26.9641 33.0996 -924.048 -957.954 -2091.53 -891.856 36.8588 -1435.2 
18.7038 31.3156 33.8925 18.6554 30.5787 33.1075 964.923 202.119 -2170.06 1017.22 -667.995 -1356.66 
3.28895 28.3327 33.0952 3.95526 28.0831 33.9048 1374.25 -496.378 -2155.08 579.652 -76.4942 -1371.64 
22.9948 5.89221 32.9738 22.8038 5.76028 34.0262 -206.576 -1126.24 -1886.01 909.107 -784.874 -1640.71 
14.1575 32.1079 32.9676 14.2765 31.9909 34.0324 306.618 418.022 -1839.53 86.475 1579.83 -1687.19 
23.6926 29.6639 34.015 23.7712 29.9713 32.985 -924.729 -1283.04 -1934.14 -383.877 -276.92 -1592.58 
2.70573 23.3155 33.9662 2.20107 23.1213 33.0338 107.276 1559.78 -1958.28 -195.331 474.466 -1568.44 
1.50945 4.53081 33.9512 0.932865 4.65225 33.0488 -198.202 1275.7 -1454.36 649.863 709.729 -2072.36 
34.083 1.44079 34.0308 34.2315 1.32917 32.9692 -291.192 -343.777 -1804.2 -575.348 -1498.78 -1722.52 
15.8402 30.3545 33.7376 15.3731 29.5073 33.2624 -1115.58 97.3726 -1228.71 -820.161 534.168 -2298.01 
20.1529 21.3978 32.9768 20.2756 21.1708 34.0232 -1151.29 -980.382 -1725.58 5.77662 -702.985 -1801.15 
8.06843 24.2742 32.9611 8.06456 24.2771 34.0389 650.981 125.972 -1765.82 1224.22 -919.415 -1760.9 
12.6653 3.80734 34.0155 12.9636 3.7093 32.9845 65.0262 978.324 -1936.96 1157.35 650.087 -1589.76 
14.2335 10.4904 33.0077 14.0168 10.1093 33.9923 248.859 -663.545 -1536.84 -623.842 -1337.78 -1989.89 
22.5906 14.3079 32.9882 22.7007 14.6266 34.0118 329.213 -337.628 -1916.96 663.834 -1439.95 -1609.76 
7.38324 9.67449 33.1252 7.58134 10.4231 33.8748 412.21 -543.26 -2190.27 293.091 -1366.84 -1336.46 
29.6825 2.97531 33.9868 29.919 3.37281 33.0132 726.733 -485.254 -1508.07 112.071 -1370.1 -2018.66 
17.7995 3.89844 32.9937 17.7839 3.52945 34.0063 1178.72 876.082 -1571.43 726.689 -158.216 -1955.29 
29.5842 21.8856 34.0367 29.488 21.8813 32.9633 -1458.62 -680.625 -1715.76 -422.78 -98.0101 -1810.96 
3.38075 22.715 33.3576 2.35137 22.8594 33.6424 969.889 -633.193 -1188.44 657.673 -590.311 -2338.28 
13.7821 16.7181 33.7963 12.9734 17.1138 33.2037 -1316.48 258.617 -1266.24 -698.869 31.6896 -2260.48 
5.27317 31.2441 33.9505 5.77419 30.9296 33.0495 446.773 1060.93 -2078.32 1087.72 277.449 -1448.4 
6.57054 10.8862 32.9612 6.55596 10.8929 34.0388 542.975 -411.683 -1767.51 1490.72 311.622 -1759.21 
16.4585 12.4445 32.9613 16.4358 12.429 34.0387 1314.29 -470.477 -1748.53 199.264 -891.53 -1778.2 
13.924 20.0645 33.7812 14.7901 20.3732 33.2188 363.016 -749.728 -2263.18 1012.77 -751.32 -1263.54 
