12.7532 6.98388 32.9637 12.7409 6.87798 34.0363 191.167 -524.322 -1196.98 1109.26 231.534 -1111.8 
30.3229 14.487 34.0389 30.3358 14.491 32.9611 -328.228 -762.899 -1152.82 -912.733 276.237 -1155.96 
33.6359 6.34382 32.9887 33.6108 6.00446 34.0113 -412.151 37.1278 -1341.44 -196.979 1148.53 -967.344 
13.3508 22.1672 34.013 13.0279 22.2345 32.987 438.372 -527.809 -1321.51 -677.113 -783.613 -987.271 
4.85866 30.7711 34.0149 4.86139 30.453 32.9851 -5.8476 -193.308 -1189.47 -1172.16 -430.492 -1119.31 
30.8711 11.1358 33.9868 31.2885 11.3345 33.0132 -1167.44 -130.497 -1409.38 -159.973 252.111 -899.404 
15.7539 31.5923 33.8185 15.1562 32.2236 33.1815 -148.779 937.437 -674.075 294.274 387.574 -1634.71 
25.5478 6.14282 32.9804 25.3903 5.90427 34.0196 -87.6892 -453.778 -1246.92 1089.77 -425.236 -1061.87 
27.1922 17.8718 33.9879 26.7378 17.928 33.0121 -1149.61 356.971 -902.22 -96.3107 116.848 -1406.56 
26.5385 31.7361 32.9957 26.1593 31.7128 34.0043 -24.475 447.903 -945.848 -1120.76 234.204 -1362.93 
16.9803 7.75674 32.962 16.9736 7.81835 34.038 -49.5434 -1033.11 -1124.21 -724.45 -52.134 -1184.57 
29.7532 31.9894 33.8975 29.9486 32.6904 33.1025 -870.597 -367.511 -1552.15 -461.321 420.587 -756.63 
30.1621 7.79736 33.1313 29.4047 8.0074 33.8687 -227.424 -1.60477 -1228.82 -406.738 -1170.86 -1079.96 
32.9615 8.23965 32.9629 33.0392 8.27918 34.0371 126.61 594.648 -1200.72 -1041.52 374.767 -1108.06 
10.2046 23.1269 33.9937 10.4679 23.4697 33.0063 88.0582 57.349 -1302.38 1242.48 23.2376 -1006.4 
8.49932 10.4225 32.962 8.49077 10.4833 34.038 -376.47 714.04 -1163.75 804.082 548.486 -1145.03 
28.3007 15.2843 33.942 27.8985 15.7516 33.058 809.573 -146.633 -1487.36 381.604 744.899 -821.422 
23.3367 10.7806 32.9617 23.2898 10.7675 34.0383 -415.784 -36.5312 -1163.85 -315.041 1151.3 -1144.94 
21.3672 21.0409 33.9586 20.9945 21.467 33.0414 -268.491 -581.848 -1466.92 -987.377 135.058 -841.857 
11.8827 34.1364 32.9615 11.8407 34.1413 34.0385 633.901 582.433 -1158.34 698.829 -608.021 -1150.44 
33.8266 27.9612 34.0015 33.4696 27.7929 32.9985 144.812 547.549 -1357.95 -974.57 495.68 -950.827 
24.9546 7.74951 33.8595 24.479 8.39648 33.1405 346.08 291.868 -717.723 984.347 -209.489 -1591.06 
28.6626 6.08293 33.0139 28.3278 5.75959 33.9861 -928.683 645.267 -1320.64 203.229 473.008 -988.137 
15.6543 21.5651 32.9611 15.6624 21.5728 34.0389 -231.392 807.956 -1160.45 -931.738 -156.838 -1148.33 
5.06207 25.7556 33.056 5.05203 26.3662 33.944 -187.35 -1132.76 -816.704 -173.893 -150.336 -1492.08 
31.9711 22.5742 32.9711 31.8124 22.4418 34.0289 -1068.46 -454.396 -1241.74 110.779 -472.788 -1067.05 
8.3667 28.8726 34.0389 8.36608 28.8597 32.9611 717.73 -836.216 -1147.39 519.159 339.297 -1161.39 
27.2151 22.5796 32.9712 27.0092 22.6022 34.0288 -92.7716 317.584 -1261.46 1040.49 619.781 -1047.32 
5.60225 15.0127 33.9497 5.12623 14.6576 33.0503 -129.759 -340.102 -1349.31 -1176.8 76.0517 -959.471 
14.6231 28.0973 33.0551 15.0242 28.5547 33.9449 -884.024 -261.369 -823.225 -403.674 605.834 -1485.56 
6.18157 14.5915 33.9715 5.6597 14.5832 33.0285 -222.544 -160.96 -1378.19 -1043.14 579.137 -930.594 
7.1748 10.1636 32.9849 7.43151 10.3496 34.0151 -1042.16 662.388 -1057.17 51.6305 229.623 -1251.61 
17.8491 31.7249 32.9642 17.9091 31.626 34.0358 -469.723 -663.6 -1216.83 -847.651 460.249 -1091.96 
11.1379 32.572 33.1085 11.8348 32.3211 33.8915 658.377 558.966 -1560.14 -204.515 694.363 -748.637 
26.245 16.5623 32.9908 26.4776 16.8278 34.0092 924.898 340.783 -1345.84 373.07 -644.271 -962.94 
15.1514 22.822 33.005 14.7438 22.698 33.995 374.361 12.8325 -1065.1 298.495 -1163.52 -1243.68 
17.1869 17.9868 33.7803 18.0432 18.3245 33.2197 -362.583 136.742 -646.223 -965.42 -21.7114 -1662.56 
6.25447 6.26742 34.0056 5.94534 6.05878 32.9944 309.986 407.296 -1145.83 1014.88 -554.105 -1162.95 
7.21052 6.48222 33.0024 6.85529 6.26962 33.9976 -191.18 -1066.07 -1373.1 529.712 -223.199 -935.678 
34.2444 3.35657 33.2055 33.4978 3.86382 33.7945 -501.619 -12.0846 -766.523 -498.541 893.28 -1542.26 
3.37712 3.61271 34.016 3.13521 3.8074 32.984 -1160.34 -134.886 -1089.81 -133.236 456.584 -1218.98 
25.7994 1.85229 32.9643 25.6839 1.86891 34.0357 65.5608 -1195.94 -1121.24 -391.198 -96.6503 -1187.55 
33.6605 33.2546 32.9613 33.6476 33.2271 34.0387 -281.502 -637.525 -1162.11 -1009.69 306.385 -1146.67 
32.6575 19.9984 34.0334 32.511 19.9508 32.9666 -1225.91 11.3311 -1082.18 -79.3274 -281.838 -1226.6 
17.6498 30.4275 32.982 17.3668 30.3359 34.018 570.675 830.525 -989.891 -527.103 501.739 -1318.89 
8.83778 15.5347 34.0083 8.52212 15.3657 32.9917 755.869 974.681 -1331.89 117.156 32.6182 -976.893 
22.4375 33.4001 33.9936 22.8562 33.5076 33.0064 -79.3283 631.054 -921.984 -1037.98 95.8918 -1386.8 
24.0642 31.8534 33.829 24.8887 31.6323 33.171 -1003.95 80.0332 -1625.32 -324.511 -189.676 -683.465 
19.8717 25.6152 32.9658 19.7316 25.6406 34.0342 -82.2689 -77.2548 -1075.7 -1250.49 101.508 -1233.09 
31.3147 18.186 33.8445 30.6421 17.7018 33.1555 336.997 760.479 -1598.48 -434.955 568.892 -710.306 
25.2362 26.1563 34.0355 25.1411 26.2318 32.9645 -171.575 966.853 -1087.22 756.697 230.835 -1221.56 
33.0034 19.1829 32.9951 32.6484 19.0574 34.0049 1174.04 274.444 -955.536 50.2937 252.647 -1353.25 
12.6119 4.77457 32.9613 12.6218 4.79981 34.0387 -653.559 -568.03 -1140.55 -678.256 623.642 -1168.24 
29.1485 1.744 32.9614 29.1809 1.72427 34.0386 -42.1048 -144.878 -1171.23 -1228.48 -258.147 -1137.55 
6.83761 17.0083 32.9683 6.77079 16.8459 34.0317 -608.626 -754.75 -1204.82 566.06 -577.546 -1103.96 
11.1852 18.338 33.9158 11.217 17.653 33.0842 1177.19 -393.682 -998.709 73.683 -66.9045 -1310.07 
5.16295 12.9189 32.9798 5.31149 13.1579 34.0202 582.893 1096.68 -1309.78 34.3195 84.7858 -998.999 
22.1341 22.821 34.0381 22.0774 22.827 32.9619 503.337 611.454 -1142.66 827.481 -535.647 -1166.12 
16.4499 6.75823 33.8796 15.874 7.26168 33.1204 -548.903 500.541 -895.717 -783.236 -547.742 -1413.06 
29.1462 17.6073 32.9663 29.1311 17.756 34.0337 -745.233 -300.412 -1206.01 255.941 -939.515 -1102.77 
20.2673 13.4463 32.9633 20.2229 13.5336 34.0367 -296.462 -721.82 -1100.58 -955.992 265.549 -1208.2 
14.9641 6.32659 33.1327 15.524 5.77101 33.8673 -164.741 -355.418 -718.461 378.858 -960.249 -1590.32 
29.6865 30.215 34.0389 29.6906 30.215 32.9611 500.427 -31.2395 -1153.64 105.36 -1156.13 -1155.14 
19.267 10.0289 34.0029 19.6542 10.0189 32.9971 -486.244 353.478 -1333.96 462.88 979.293 -974.823 
23.3019 19.5847 32.9639 23.2002 19.6228 34.0361 -567.205 -762.561 -1206.56 604.737 -569.886 -1102.22 
26.7527 31.5428 32.9642 26.7655 31.6575 34.0358 498.271 1155.67 -1216.18 72.6636 48.8489 -1092.6 
11.7581 32.0067 33.9906 12.2038 32.0139 33.0094 107.067 190.999 -1400.15 1190.55 113.989 -908.629 
25.9978 16.1838 33.8086 26.6557 15.5939 33.1914 514.312 243.74 -1627.53 806.979 -419.847 -681.248 
22.5157 29.1114 33.8992 21.7997 29.0045 33.1008 618.906 -273.046 -1508.01 -69.8164 -941.583 -800.774 
24.5384 21.6965 33.0281 24.31 22.164 33.9719 211.659 -1100.81 -923.679 484.57 -35.8871 -1385.1 
23.0488 6.25623 34.016 23.0287 6.56645 32.984 -660.725 -8.5122 -1307.38 -183.288 1040.24 -1001.4 
1.75998 16.9882 32.9612 1.76402 17.0016 34.0388 -896.188 155.286 -1148.1 52.773 876.933 -1160.68 
13.0154 6.88009 33.7693 13.9148 6.62997 33.2307 -230.955 -44.436 -775.774 -869.053 -708.43 -1533.01 
7.86915 28.8369 34.0389 7.86557 28.8448 32.9611 407.018 -503.643 -1155.29 -751.806 -783.969 -1153.49 
12.5006 11.2039 33.9716 12.9787 11.4126 33.0284 -121.292 -205.692 -902.11 -1188.78 -40.3393 -1406.67 
18.9537 31.1201 33.9978 18.9212 30.7085 33.0022 -312.452 -298.57 -975.156 -980.862 621.314 -1333.63 
19.2236 13.5008 33.0606 18.8195 13.0252 33.9394 391.362 1032.37 -809.207 -238.219 291.777 -1499.57 
8.61101 12.2659 34.0188 8.87902 12.1505 32.9812 -1007.41 593.992 -1296.97 -297.14 -320.158 -1011.81 
1.32161 23.0124 34.0306 1.47017 23.1278 32.9694 956.753 702.402 -1055.6 306.605 -277.254 -1253.19 
20.9039 5.78667 34.0389 20.8916 5.78606 32.9611 -335.234 686.597 -1158.18 -950.437 -334.641 -1150.6 
