31.7167 24.13 32.9872 31.9255 24.3874 34.0128 -1351.14 -379.804 -1318.47 -358.574 184.241 -1662.15 
31.3304 19.1436 33.9899 31.7558 18.9994 33.0101 361.028 -810.551 -1604.69 1173.42 31.5564 -1375.93 
18.2182 22.8906 34.0025 17.9869 22.5776 32.9975 -1231.96 -704.286 -1286.82 -294.436 -90.378 -1693.8 
6.59619 12.4716 32.9916 6.94451 12.5526 34.0084 1163.98 -355.3 -1558.64 532.078 646.44 -1421.98 
16.7216 22.9634 32.9681 16.5492 22.9798 34.0319 177.103 277.812 -1580.4 1317.57 575.02 -1400.23 
9.8257 18.2475 34.0058 9.46919 18.1408 32.9942 1037.98 -985.663 -1557.49 365.169 -10.606 -1423.13 
3.92675 3.49217 33.9993 4.18157 3.17671 33.0007 -27.7275 416.736 -1531.54 1011.53 995.177 -1449.08 
26.9649 24.4604 33.9129 27.3024 25.0653 33.0871 -796.04 188.124 -1872.49 -424.986 1024.5 -1108.13 
3.67321 13.0128 34.0195 3.38711 13.0287 32.9805 -424.079 -432.775 -1616.08 -1294.4 342.29 -1364.55 
2.30558 7.7465 32.9651 2.26795 7.62078 34.0349 -535.354 -1310.6 -1561.81 -398.379 -134.912 -1418.82 
11.8771 22.9388 32.992 12.2007 22.7818 34.008 -333.247 127.041 -1611.36 -1361.5 -425.718 -1369.26 
29.8482 27.0306 33.898 30.5447 27.2376 33.102 -536.992 -1121.21 -1876.3 179.128 -562.033 -1104.32 
27.5979 29.2227 33.0673 28.2385 29.2715 33.9327 1320.96 -133.528 -1845.63 366.306 -204.885 -1134.99 
8.19728 6.15254 33.1644 7.5266 5.64133 33.8356 -426.668 -51.5181 -1082.57 -1293.82 15.4864 -1898.06 
6.02481 23.9932 33.9369 6.51002 23.5898 33.0631 307.096 -214.93 -1819.3 1262.11 -491.436 -1161.32 
33.1858 22.1542 32.9855 32.9333 21.9562 34.0145 379.301 -1209.54 -1638.89 727.069 -108.534 -1341.73 
7.62077 17.7517 32.9754 7.46889 17.5576 34.0246 1115.38 742.828 -1393.55 -53.7016 611.5 -1587.08 
2.0237 33.2459 32.9732 2.12573 33.4488 34.0268 1306.39 600.294 -1575.74 169.41 284.793 -1404.89 
10.4039 11.6825 34.0369 10.4418 11.7671 32.9631 328.548 384.928 -1486.7 1379.77 -177.513 -1493.92 
10.72 30.99 34.0164 10.7334 31.298 32.9836 -1139.16 -240.674 -1638.87 -511.187 728.261 -1341.76 
14.7766 21.3772 34.0037 15.1357 21.2438 32.9963 -800.657 1170.99 -1679.76 -52.6665 323.401 -1300.87 
10.1795 9.1052 33.9138 9.80054 8.52794 33.0862 199.069 350.525 -1108.38 697.812 1118.14 -1872.24 
17.4547 24.242 33.8385 18.2109 23.8794 33.1615 146.582 -914.974 -1031.13 -594.815 -746.489 -1949.5 
22.2944 3.86466 33.0338 21.8392 4.15644 33.9662 -674.41 1044.03 -1786.59 273.467 629.475 -1194.03 
28.2324 19.4506 32.9629 28.1601 19.5009 34.0371 -110.985 -546.022 -1537.02 1018.52 -916.082 -1443.61 
23.4988 20.3541 32.9851 23.7345 20.568 34.0149 233.342 194.37 -1331.76 1341.35 499.699 -1648.87 
14.0053 27.7634 33.0405 13.475 27.9525 33.9595 1204.94 682.641 -1233.99 189.319 326.027 -1746.63 
18.5612 10.9232 34.0374 18.5407 11.0014 32.9626 345.281 1389.79 -1447.37 310.695 201.142 -1533.25 
19.2567 14.655 33.0254 19.6033 15.0299 33.9746 635.562 69.2906 -1286.91 541.517 1186.04 -1693.71 
3.77628 19.1335 32.9677 3.60885 19.1437 34.0323 602.356 -74.6056 -1498.27 776.065 1104.81 -1482.35 
18.3854 16.719 32.9611 18.3882 16.716 34.0389 -597.61 -1282.67 -1490.56 192.511 -389.83 -1490.07 
25.2219 3.41147 33.0578 24.9462 2.86065 33.9422 -57.8781 -348.21 -1193.71 85.4089 -1372.43 -1786.92 
6.28923 11.462 32.9783 6.35614 11.7236 34.0217 -798.275 136.852 -1631.08 -681.222 -1015.75 -1349.54 
8.7355 23.0392 34.0158 9.01352 23.1807 32.9842 -798.688 -819.365 -1563.04 -860.386 362.369 -1417.58 
3.05773 31.2854 34.029 2.9044 31.1478 32.971 -260.128 747.919 -1398.98 914.136 843.825 -1581.64 
5.55445 8.00294 32.9882 5.54257 8.34019 34.0118 388.756 257.648 -1611.27 1322.02 -443.75 -1369.35 
23.4069 4.8656 34.035 23.5115 4.94183 32.965 -232.881 589.158 -1559.35 875.028 1007.41 -1421.28 
6.26362 4.3944 34.0162 6.04013 4.17991 32.9838 -35.9469 600.878 -1351.3 1115.11 739.562 -1629.32 
31.3608 33.322 33.9983 31.098 33.0068 33.0017 -622.191 -1077.75 -1284.18 402.575 -629.039 -1696.45 
7.64496 14.3064 32.9643 7.58764 14.4095 34.0357 994.942 -926.142 -1425.59 552.559 173.405 -1555.03 
9.29029 7.78447 32.9979 9.47388 8.12997 34.0021 -1085.04 -795.311 -1349.58 53.7623 -582.311 -1631.04 
19.7044 26.9905 34.0354 19.8272 26.9986 32.9646 -412.627 1396.45 -1506.67 -52.4332 260.382 -1473.96 
27.5966 13.4068 34.0232 27.3439 13.3543 32.9768 252.442 -457.122 -1348 1363.99 -133.226 -1632.62 
16.0235 17.0925 34 16.0817 17.4903 33 -716.704 386.256 -1268.8 -977.226 -689.529 -1711.83 
15.6443 12.549 34.0388 15.6259 12.5536 32.9612 1351.44 534.608 -1498.34 281.051 9.76123 -1482.28 
22.0397 22.4926 33.0177 21.8591 22.9383 33.9823 390.121 1023.89 -1754.5 917.792 94.4685 -1226.12 
18.5063 21.3914 33.9838 18.9737 21.474 33.0162 1120.8 -885.769 -1325.27 296.79 -89.836 -1655.35 
10.6274 33.017 33.8684 11.3666 33.286 33.1316 615.596 -304.34 -1873.52 1097.11 471.687 -1107.11 
1.62624 26.8069 32.999 2.01367 26.8942 34.001 -928.087 -728.868 -1279.53 183.214 -822.434 -1701.09 
10.7222 17.9101 32.9777 10.9041 18.1035 34.0223 951.964 -338.87 -1635.81 48.9761 -1060.95 -1344.82 
13.3646 25.9126 34.031 13.4422 25.7463 32.969 -1392.3 347.374 -1537.97 -205.134 292.6 -1442.65 
4.58604 13.9553 33.9359 4.27561 13.403 33.0641 -163.622 1003.93 -1827.9 -897.69 350.685 -1152.72 
19.3639 9.8411 34.0058 19.06 10.0557 32.9942 1362.59 -56.1082 -1691.79 327.893 378.029 -1288.83 
14.2099 30.6612 32.9611 14.2183 30.669 34.0389 76.5761 1001.37 -1496.42 -985.534 459.856 -1484.21 
25.4192 23.7881 33.0533 24.8172 23.8215 33.9467 -905.437 456.314 -1549.86 -794.36 -724.76 -1430.76 
6.43192 18.5674 32.9706 6.38339 18.3723 34.0294 443.31 -126.498 -1384.32 523.666 -1296.99 -1596.31 
6.91907 28.6429 34.0271 7.12164 28.5463 32.9729 -89.6553 313.527 -1367.68 -1050.44 975.484 -1612.95 
18.9218 26.2085 33.8938 18.4867 25.6151 33.1062 1392.12 -217.208 -1723.69 309.042 -42.4434 -1256.94 
30.7472 6.84697 34.0086 31.0147 6.61142 32.9914 811.416 -884.784 -1354.17 798.121 275.88 -1626.46 
26.5627 14.2173 33.0099 26.1148 14.2186 33.9901 -1115.83 -440.364 -1608.2 -596.962 606.841 -1372.42 
26.7418 5.81117 32.9622 26.807 5.7856 34.0378 1150.96 -335.7 -1521.09 534.502 682.95 -1459.54 
3.17672 5.59712 33.9874 3.22765 6.05395 33.0126 -832.019 -887.421 -1744.49 -739.889 187.08 -1236.14 
32.6141 22.3132 32.9629 32.5307 22.3428 34.0371 588.998 622.465 -1441.46 -500.75 1096.13 -1539.16 
9.57646 29.4811 32.9762 9.33014 29.4211 34.0238 887.077 -349.537 -1365.27 10.9025 -1118.46 -1615.35 
30.5093 23.1147 33.7473 31.2612 22.5217 33.2527 -229.558 838.09 -1982.39 442.687 869.525 -998.236 
22.2594 28.7587 33.0336 22.7909 28.8538 33.9664 -299.978 -682.824 -1725.86 -1230.15 -104.629 -1254.76 
31.7726 33.5288 33.966 31.6564 33.0002 33.034 -489.853 514.949 -1757.42 -1213.19 -267.908 -1223.21 
27.1057 24.2598 32.9612 27.0841 24.2627 34.0388 1082.26 -870.511 -1482.97 485.87 161.75 -1497.65 
17.6346 18.3906 33.9166 18.0544 17.851 33.0834 599.165 23.9724 -1855.3 899.654 -869.499 -1125.32 
12.2537 14.0453 34.0285 12.3203 13.8458 32.9715 -934.837 26.941 -1606.05 -456.12 -1040.16 -1374.57 
24.7331 14.3176 32.9817 24.8808 14.5728 34.0183 14.3622 -774.537 -1541.88 -1146.2 -521.731 -1438.74 
18.9902 5.66022 33.012 18.7616 5.2642 33.988 366.771 -632.558 -1282.36 -664.622 -1062.33 -1698.27 
1.65438 16.4406 32.9677 1.82007 16.4707 34.0323 -223.454 -258.721 -1582.63 -1400.13 -311.673 -1397.99 
14.8395 30.4354 32.9754 14.7202 30.2192 34.0246 -403.544 -91.6401 -1357 -723.54 -1208.77 -1623.63 
6.11314 8.86113 32.9664 6.13768 8.7121 34.0336 904.291 -80.4743 -1572.76 525.61 1037.95 -1407.86 
9.77149 8.49305 33.0723 9.40086 7.9522 33.9277 371.855 -480.494 -1127.98 -203.78 -1232.14 -1852.64 
14.7609 6.39282 33.0855 14.6525 5.71273 33.9145 929.333 121.151 -1806.89 394.57 978.237 -1173.73 
13.3459 25.9427 34.0158 13.564 25.7194 32.9842 -852.878 -724.745 -1365.05 -844.408 440.855 -1615.58 
11.5668 7.77423 33.0269 11.8671 8.19405 33.9731 73.7348 1265.95 -1775.7 -511.721 398.245 -1204.92 
28.7592 5.84295 34.0149 29.0308 5.67696 32.9851 1345.05 -318.913 -1314.24 375.346 278.696 -1666.38 
