10.4414 10.528 33.0192 10.7984 10.1974 33.9808 184.567 -575.053 -2215.23 -847.5 -244.347 -1718.31 
3.69449 2.46663 33.0502 4.13599 2.86339 33.9498 -57.5516 432.367 -2289.71 -929.247 -62.0626 -1643.84 
3.81776 33.6599 32.9625 3.84118 33.5874 34.0375 148.298 190.659 -1986.39 -1026.03 392.858 -1947.16 
13.954 16.6494 33.0609 14.4811 16.9851 33.9391 259.407 998.052 -2267.69 -138.81 49.0168 -1665.85 
32.7057 27.2664 33.9028 32.5677 27.969 33.0972 344.512 -164.614 -1724.59 -476.128 -881.127 -2208.96 
20.2714 4.54432 34.0115 20.0332 4.78566 32.9885 662.06 480.533 -2110.5 -492.307 559.698 -1823.05 
17.248 7.11639 32.9984 17.6418 7.13091 34.0016 831.78 -191.966 -2171.08 -192.202 -645.791 -1762.47 
12.9416 12.5693 34.0353 13.0646 12.5469 32.9647 196.682 -927.627 -1911.86 -599.002 -46.5573 -2021.69 
1.44442 29.7991 33.1277 2.21227 29.9317 33.8723 482.995 -554.59 -1819.26 570.13 597.291 -2114.28 
22.4275 11.787 32.9616 22.4354 11.8303 34.0384 -406.283 965.331 -1990.46 -343.236 -224.307 -1943.08 
16.0012 20.6508 33.998 16.3279 20.9013 33.002 454.085 -355.491 -2119.64 503.516 795.829 -1813.9 
3.46027 3.92451 33.0814 3.11728 4.51023 33.9186 -630.113 150.088 -2340.36 -266.136 -704.736 -1593.19 
24.6522 9.71191 33.1073 25.2535 10.1399 33.8927 -124.715 73.7491 -2373.05 -897.188 -331.842 -1560.5 
11.5649 26.2771 33.024 11.1757 25.955 33.976 1073.28 -27.5234 -1779.84 -34.4994 205.917 -2153.71 
4.52753 2.50881 33.9012 4.25 3.17271 33.0988 225.47 -102.874 -1788.96 -605.703 -880.141 -2144.58 
22.7267 10.6289 33.0306 23.2049 10.4015 33.9694 -869.524 336.024 -1693.24 -176.524 -465.177 -2240.31 
19.1193 1.10015 33.9487 19.0516 1.69323 33.0513 700.299 461.167 -1661.53 352.893 -502.193 -2272.02 
27.0429 11.5149 32.9772 27.2516 11.3572 34.0228 -55.5495 -53.9733 -1861.58 1108.84 92.2699 -2071.96 
30.7268 15.6134 33.0428 30.6769 16.1818 33.9572 511.311 -177.417 -1652.27 325.511 818.218 -2281.28 
27.8321 9.74252 33.3359 28.7426 10.2167 33.6641 -278.717 375.2 -2534.58 -600.244 206.458 -1398.97 
3.60002 32.7981 32.9669 3.50154 32.921 34.0331 -936.502 -507.71 -1955.9 -105.094 346.542 -1977.65 
16.1151 24.2989 34.003 16.2888 24.6445 32.997 188.323 -112.977 -1770.6 -694.697 -811.405 -2162.95 
12.4348 20.6012 33.1178 11.6755 20.5747 33.8822 781.711 138.714 -1580.48 -11.4796 580.758 -2353.07 
12.2748 31.3872 33.1268 12.5427 30.6572 33.8732 428.712 572.914 -1539.94 573.521 -246.682 -2393.61 
34.2226 29.2873 33.0327 33.7994 28.9569 33.9673 -793.766 -458.136 -2210.96 293.811 -469.733 -1722.59 
21.7599 23.5685 32.9883 21.6559 23.8903 34.0117 497.874 760.183 -1985.21 -596.765 289.158 -1948.34 
24.877 6.10697 32.9661 24.8396 6.24909 34.0339 -487.389 579.097 -1995.85 696.839 453.873 -1937.7 
11.709 9.29828 33.0466 12.0433 9.77521 33.9534 918.326 403.053 -2182.58 -192.259 360.965 -1750.97 
21.4328 22.6828 34.0332 21.344 22.8115 32.9668 -923.355 -148.384 -1894.3 173.596 -592.398 -2039.25 
12.9374 25.8245 33.9488 13.5339 25.8346 33.0512 -719.185 89.1877 -2182.07 -56.104 -803.207 -1751.47 
27.1525 1.65452 34.0315 26.9953 1.73658 32.9685 -467.213 1000.16 -1880.83 180.531 14.0897 -2052.72 
33.0304 22.2211 33.1576 32.2957 22.6121 33.8424 -209.698 -32.7051 -1557.33 -548.505 764.842 -2376.22 
1.5367 1.54148 32.9814 1.78515 1.69644 34.0186 -274.333 -275.331 -1857.05 849.335 -607.998 -2076.5 
3.75242 30.9069 32.9841 4.05033 30.816 34.0159 -244.962 838.328 -1805.17 658.77 131.032 -2128.37 
1.74126 15.3293 33.9397 1.11902 15.2988 33.0603 883.425 50.0391 -2272.39 48.555 -542.29 -1661.16 
2.23023 4.9176 34.0331 2.15095 4.78196 32.9669 294.48 301.277 -2027.74 610.3 -841.897 -1905.8 
5.97689 10.3468 32.965 5.98382 10.2177 34.035 785.722 768.19 -1910.34 104.302 -203.607 -2023.2 
24.52 4.79098 33.0085 24.3293 5.18981 33.9915 -955.032 452.008 -2187.96 -72.2289 -216.145 -1745.59 
5.10794 11.7632 32.9642 5.13792 11.6526 34.0358 -54.5286 69.5815 -1934.53 1094.07 -243.501 -1999.01 
11.5974 7.52987 32.9983 11.6996 7.90974 34.0017 267.74 110.667 -1865.51 -616.983 883.781 -2068.04 
14.176 1.83117 32.9798 14.3458 2.05539 34.0202 290.148 -502.951 -1814.9 762.854 548.595 -2118.64 
4.12593 9.89029 32.9618 4.16178 9.84857 34.0382 232.324 287.669 -1990.28 -941.305 492.23 -1943.27 
3.10897 27.9048 32.9695 3.29221 27.9531 34.0305 234.104 63.7552 -2015.41 -22.961 -1096.38 -1918.14 
4.39637 34.3755 33.9237 4.2111 33.7357 33.0763 -5.12215 -13.812 -2266.45 -883.292 -553.301 -1667.1 
12.0724 4.1606 32.9638 12.0178 4.25269 34.0362 -1118.93 78.4071 -2001.77 65.8319 -35.1263 -1931.77 
21.9254 24.747 32.9906 22.1538 24.4798 34.0094 -502.399 -81.336 -1772.36 231.026 -937.12 -2161.18 
19.1182 22.4888 32.9629 19.0344 22.5145 34.0371 849.931 600.341 -1952.53 182.242 -386.999 -1981.02 
32.4941 2.61685 33.9312 33.1074 2.82146 33.0688 -952.489 459.843 -2213.4 -55.222 -150.948 -1720.14 
26.4169 32.4413 33.9965 26.1842 32.093 33.0035 -684.421 -810.842 -1743.61 169.74 -108.941 -2189.93 
22.3412 28.1294 34.0388 22.3551 28.1276 32.9612 579.883 699.297 -1966.97 452.322 -486.109 -1966.58 
30.1761 29.1566 33.8949 29.4729 29.3651 33.1051 -564.052 455.909 -1581.01 337.28 573.397 -2352.54 
20.9131 22.7777 32.9781 21.1559 22.6623 34.0219 -365.405 411.332 -1840.1 790.98 552.92 -2093.45 
12.1353 22.0088 34.0153 12.4445 22.0713 32.9847 86.0589 -227.507 -2114.29 904.457 587.75 -1819.26 
24.6382 23.7305 34.0336 24.7033 23.8669 32.9664 486.906 -188.882 -1893.94 -484.157 -865.105 -2039.61 
3.94065 16.013 34.0225 3.89312 15.7531 32.9775 1049.62 -233.437 -2001.72 -138.877 -297.077 -1931.83 
29.878 21.1034 34.0036 29.5587 21.3162 32.9964 13.3508 -139.41 -2169.59 -1067.15 159.655 -1763.95 
12.3923 25.837 33.0444 11.9188 25.5098 33.9556 -73.494 62.4376 -1650.24 -826.273 -611.36 -2283.31 
4.25151 5.04831 33.0113 3.90562 4.75374 33.9887 703.047 -168.376 -1717.17 -203.8 -759.875 -2216.38 
17.5541 7.10946 34.0321 17.6233 6.95366 32.9679 184.062 29.589 -2034.98 -222.465 -1082.88 -1898.57 
9.92626 8.64118 33.8859 10.0037 7.8928 33.1141 485.669 -801.207 -1555.28 222.076 20.1851 -2378.26 
32.9837 33.903 33.9773 32.4834 33.8961 33.0227 489.685 -534.246 -2243.4 -566.29 -516.957 -1690.15 
13.8725 12.2986 34.0288 14.0639 12.2191 32.9712 333.152 -887.536 -1857 -569.077 -139.711 -2076.55 
20.8229 25.9861 34.0387 20.8369 26.0088 32.9613 307.9 905.472 -1952.67 -581.794 112.309 -1980.88 
5.42679 24.9801 33.9923 5.6574 25.3531 33.0077 -188.812 653.058 -1995 885.067 138.222 -1938.55 
1.59268 26.9159 33.0283 1.9944 27.2479 33.9717 46.4761 53.2456 -2136.43 187.192 -1081.01 -1797.12 
4.89162 17.7388 33.0245 4.40038 17.613 33.9755 615.139 -384.504 -1686.3 -403.373 -647.994 -2247.25 
4.5393 28.0107 33.8079 5.09979 28.695 33.1921 416.317 624.451 -1557.64 561.268 -230.463 -2375.91 
9.50652 30.9318 32.9737 9.29491 30.8368 34.0263 -916.528 -11.3106 -2093.57 59.4596 624.769 -1839.98 
23.685 5.99967 32.9821 23.4815 6.21715 34.0179 636.063 136.799 -1803.71 -262.834 848.897 -2129.84 
32.1297 3.90746 32.9821 32.3745 3.73759 34.0179 -502.992 -310.942 -1805.72 561.136 -741.444 -2127.83 
21.4749 6.28216 32.9882 21.3063 6.57479 34.0118 -313.397 -66.783 -2152.72 347.661 -986.651 -1780.83 
22.7493 9.3973 34.0244 22.5993 9.19958 32.9756 -88.3463 834.446 -2103.59 -709.507 -145.732 -1829.96 
4.45413 27.267 32.9894 4.11286 27.2176 34.0106 -809.616 -354.836 -2147.89 305.551 -570.808 -1785.65 
21.3728 21.681 34.0257 21.6095 21.6715 32.9743 1088.84 184.663 -1836.69 -70.6148 87.564 -2096.86 
33.7303 4.40477 34.0145 33.4269 4.30161 32.9855 -82.3414 64.1269 -1790.06 963.78 513.768 -2143.49 
18.608 30.878 33.9199 18.19 31.4088 33.0801 378.97 -211.322 -2265.06 484.656 815.514 -1668.49 
26.5984 5.46099 32.9758 26.7604 5.65179 34.0242 -182.742 232.221 -2101.41 -700.424 -807.473 -1832.14 
33.1446 31.1008 32.9623 33.1954 31.1495 34.0377 67.3769 256.397 -1964.33 944.6 -551.015 -1969.21 
25.5507 11.9126 33.1306 25.127 12.5733 33.8694 88.8246 449.167 -2373.82 851.12 27.6994 -1559.73 
16.8184 21.613 33.9682 17.2394 21.2851 33.0318 -56.9958 63.6734 -2165.78 1035.05 329.137 -1767.77 
