10.863 21.6684 32.9647 10.8058 21.7785 34.0353 1739.78 -464.883 -1163.43 650.687 8.33537 -1270.24 
18.7643 5.40455 32.9716 18.5887 5.52213 34.0284 163.324 -633.492 -1261.98 -73.3791 -1798.52 -1171.69 
8.8132 33.7504 33.0041 8.87723 33.3336 33.9959 765.093 -541.586 -1347.75 1646.83 216.989 -1085.92 
15.325 29.113 32.964 15.4285 29.0723 34.036 624.826 -905.073 -1254.41 -395.2 -1517.74 -1179.26 
29.281 13.1351 32.9695 29.2795 13.3247 34.0305 -1590.03 628.529 -1297.15 -816.209 -264.144 -1136.52 
18.0456 28.5936 34.0348 18.1637 28.5317 32.9652 -1252.45 -1309.96 -1238.9 -410.945 -466.521 -1194.77 
10.2605 24.0537 33.831 10.8104 24.7026 33.169 736.664 -1597.41 -1458.36 199.135 -649.154 -975.308 
13.1843 15.4029 33.9693 13.7027 15.5126 33.0307 1512.03 -650.642 -925.115 477.188 -751.411 -1508.55 
11.794 34.5579 33.2672 12.1013 33.6357 33.7328 730.324 -1217.59 -1741.29 820.432 -658.018 -692.378 
20.7971 19.1207 33.7726 20.2889 19.8992 33.2274 910.581 -309.971 -702.664 1251.12 -807.976 -1731.01 
17.4537 26.7142 33.1247 17.2367 27.4566 33.8753 -1143.84 -871.098 -1514.14 -159.087 -1184.41 -919.532 
20.0784 25.0369 32.9651 20.1635 25.1356 34.0349 -1467.9 -930.716 -1145.23 -799.242 45.9382 -1288.44 
5.31098 6.53994 32.9804 5.32155 6.82521 34.0196 1637.17 -658.362 -1118.92 728.893 88.7248 -1314.75 
33.9239 27.7014 34.0326 33.8456 27.8463 32.9674 604.272 -156.01 -1158.37 1768.24 -386.137 -1275.3 
29.9604 27.9711 33.7311 30.5524 27.1982 33.2689 -48.4013 961.307 -682.632 -237.404 1455.52 -1751.04 
23.9509 19.0949 33.7811 24.2064 18.2115 33.2189 499.851 1317.61 -1723.27 778.046 753.557 -710.398 
19.2387 27.0807 32.9614 19.2064 27.0842 34.0386 1481.92 -1019.4 -1199.75 395.862 -528.72 -1233.92 
26.111 15.6904 33.9747 25.6261 15.8486 33.0253 -809.555 -66.0927 -1467.73 -1528.38 741.96 -965.938 
32.2698 3.49041 32.9612 32.2823 3.47929 34.0388 341.356 804.299 -1209.63 1532.23 748.898 -1224.04 
1.37616 14.7814 33.125 1.73535 14.0959 33.875 999.029 537.911 -1644.9 622.178 1277.15 -788.765 
31.1529 28.1296 32.9819 30.8676 28.0501 34.0181 -266.71 980.447 -1053.89 -1398.37 794.447 -1379.78 
26.9543 19.2786 34.0375 26.9975 19.2139 32.9625 -780.686 589.112 -1196.86 -208.634 1634.4 -1236.81 
26.7918 10.4196 33.9177 27.353 10.8054 33.0823 714.354 682.308 -1201.01 7.44558 1641.86 -1232.65 
11.1341 20.9556 33.2271 11.3838 20.0604 33.7729 -1032.76 644.154 -741.224 -1318.31 -15.4643 -1692.45 
13.2397 15.3433 33.7995 13.358 16.2314 33.2005 -825.332 -922.628 -1655.6 -1297.27 -267.884 -778.073 
28.0654 33.5996 32.9639 27.9549 33.6 34.0361 -695.399 893.17 -1173.23 -1543.81 60.0746 -1260.44 
23.6315 32.5498 34.0109 23.3409 32.7321 32.9891 817.053 446.105 -1031.57 1615.04 -358.498 -1402.1 
2.35623 19.0345 32.9611 2.35904 19.0221 34.0389 -1084.24 -1251.46 -1223.51 -962.286 -65.5347 -1210.16 
16.1561 5.57355 34.0215 16.1142 5.84204 32.9785 143.895 -1269.59 -1262.17 1213.35 -750.462 -1171.5 
16.041 4.33417 33.8889 16.3882 3.67381 33.1111 -530.337 1018.78 -1297.34 582.802 1414.33 -1136.33 
9.30311 24.5722 33.0047 8.98278 24.8512 33.9953 -165.569 -1372.17 -982.729 -1056.18 -732.603 -1450.94 
3.9351 25.3461 34.0384 3.8907 25.345 32.9616 -798.605 -932.58 -1230.18 -1470.22 52.1416 -1203.49 
16.844 19.7418 33.0946 16.2091 19.424 33.9054 -1564.29 -42.9058 -1399.51 -718.774 -799.924 -1034.16 
30.447 18.5122 34.0278 30.2293 18.5158 32.9722 -1567.76 890.866 -1112.85 -569.748 272.664 -1320.82 
31.4158 33.4152 33.206 31.4698 34.3168 33.794 -210.82 1433.76 -1688.02 -643.181 845.15 -745.65 
33.2066 31.0129 33.0336 33.7356 30.9049 33.9664 1266.44 691.323 -1178.66 1159.19 -493.636 -1255.01 
2.2508 27.8986 33.1314 1.48358 28.0707 33.8686 1011.44 1025.2 -1450.57 1219.06 -51.7485 -983.095 
21.0962 25.6742 32.9655 21.194 25.5774 34.0345 787.367 570.765 -1140.7 1626.66 -262.214 -1292.97 
32.7001 12.0013 34.0389 32.6974 11.9991 32.9611 1735.75 39.5424 -1217.72 636.883 502.087 -1215.95 
9.89128 33.5475 32.9652 9.99127 33.6341 34.0348 -17.4788 721.203 -1224.26 -884.944 1538.97 -1209.41 
22.6648 31.5845 34.0364 22.7613 31.5479 32.9636 7.6808 -679.049 -1203.5 -662.199 -1664.95 -1230.17 
9.72423 17.4424 33.0404 9.87628 16.9006 33.9596 1381.5 -834.495 -1524.37 933.318 83.2656 -909.302 
4.8646 33.6297 32.9959 4.48908 33.5647 34.0041 818.936 -12.2641 -1359.63 1413.71 980.784 -1074.04 
7.02642 22.6927 33.9709 6.55343 22.9186 33.0291 -1656.26 507.932 -938.677 -609.509 380.34 -1494.99 
21.6131 5.67788 32.9926 21.9544 5.55459 34.0074 1219.15 -1257.06 -1414.31 252.974 -680.876 -1019.36 
33.2702 29.8197 33.998 33.6428 29.6446 33.002 1463.7 -829.098 -1021.17 866.018 125.418 -1412.5 
30.066 20.4645 33.0146 30.2315 20.0264 33.9854 -719.785 -580.155 -1433.14 -1650.19 27.0158 -1000.53 
21.366 8.50562 33.9611 21.6182 9.00303 33.0389 -234.931 -1151.97 -1186.61 -1338.45 -704.698 -1247.06 
1.65594 21.3952 33.9876 1.29325 21.1141 33.0124 -157.845 1284.01 -1467.16 -1119.3 787.618 -966.506 
33.6162 30.0898 33.0452 34.1183 30.3766 33.9548 -1280.75 274.797 -921.77 -703.144 1134.79 -1511.9 
13.1608 30.4397 33.8222 12.779 29.6647 33.1778 -1185.95 -906.837 -741.02 -970.201 -221.773 -1692.65 
25.337 28.0563 34.0389 25.3366 28.0502 32.9611 -539.38 -1699.92 -1213.43 -481.958 -509.069 -1220.24 
28.3007 1.73113 32.9613 28.3013 1.70033 34.0387 -1547.78 -934.946 -1223.81 -469.531 -426.376 -1209.86 
33.6359 24.9638 34.0326 33.7761 24.8789 32.9674 -1646.44 688.252 -1301.3 -482.984 490.014 -1132.37 
12.4523 5.65014 32.9747 12.213 5.62701 34.0253 -617.174 -161.847 -1083.91 -1769.17 -315.753 -1349.76 
32.7874 30.3501 33.7096 32.7932 29.3571 33.2904 -1245.98 1086.69 -1499.74 -222.704 853.855 -933.926 
6.19029 30.8659 34.037 6.27675 30.8889 32.963 -1223.19 622.809 -1263.19 -254.149 1311.15 -1170.48 
19.8866 20.7768 34.0361 19.7828 20.7418 32.9639 829.234 1519.48 -1274.44 -121.176 808.912 -1159.23 
27.0481 9.04686 34.008 27.3607 8.86852 32.992 -257.751 -783.271 -1063.08 -1387.04 -1010.44 -1370.58 
28.9831 10.624 34.0384 28.9377 10.614 32.9616 443.886 1419.28 -1242.32 -672.406 1003.64 -1191.35 
18.4366 19.3678 33.7394 18.3059 20.3245 33.2606 -1293.69 193.547 -684.17 -1136.79 -318.23 -1749.5 
9.00209 11.3056 34.0387 8.97954 11.2907 32.9613 916.335 -1038.48 -1230.81 -246.289 -1301.13 -1202.86 
30.1932 15.6216 33.0608 30.8149 15.5626 33.9392 -717.648 165.92 -1561.62 -1689.97 189.238 -872.048 
4.33484 25.4649 32.9611 4.32613 25.4673 34.0389 611.058 -1567.86 -1216.42 827.169 -395.363 -1217.25 
31.4203 33.9225 34.0073 31.1051 34.1032 32.9927 578.927 1665.37 -1116.63 550.361 490.429 -1317.04 
30.3924 19.0751 34.0345 30.2551 19.0656 32.9655 -988.495 1516.38 -1175.83 -283.495 558.413 -1257.84 
21.2724 2.84168 33.1332 20.5671 2.48687 33.8668 1361.48 693.962 -842.001 1014.14 -165.579 -1591.67 
6.92392 32.1971 33.0144 7.30496 32.4675 33.9856 1101.53 1334.54 -1439.49 696.657 305.354 -994.179 
9.40324 11.1383 34.0379 9.38513 11.2027 32.9621 263.795 -1440.08 -1235.56 1090.58 -581.899 -1198.11 
19.4468 18.5819 33.0976 19.7328 17.9246 33.9024 -1094.48 538.375 -1439.53 -389.511 1390.49 -994.136 
30.9268 20.9423 32.9889 30.7392 21.2279 34.0111 809.759 1029.46 -1405.53 1372.24 48.3173 -1028.14 
14.2831 22.523 34.0382 14.2742 22.5756 32.9618 -65.883 1521.89 -1194.75 864.104 777.152 -1238.92 
30.7715 11.6317 33.8955 30.9294 12.3465 33.1045 91.9836 -839.785 -833.624 -462.412 -1565.53 -1600.05 
19.1891 30.9389 32.9855 18.875 30.8736 34.0145 -434.288 -1604.26 -1192.99 -824.375 -478.646 -1240.68 
31.8786 16.9854 33.9859 31.4184 16.9104 33.0141 1453.54 897.453 -1474.52 400.977 678.46 -959.149 
21.3765 14.9329 34.0371 21.401 14.8488 32.9629 1061.01 1241.46 -1262.62 998.995 54.3488 -1171.05 
31.5826 3.92208 34.0389 31.5842 3.93161 32.9611 -927.589 -364.218 -1221.1 -1484.16 690.113 -1212.57 
27.5013 27.8718 33.9893 27.9525 27.8495 33.0107 575.604 -373.209 -1461.08 1620.05 -676.483 -972.593 
13.0569 7.52139 34.024 13.2474 7.68641 32.976 -771.537 242.075 -1077.44 -1646.39 -518.433 -1356.22 
29.7199 28.9731 34.0105 30.057 28.8975 32.9895 -1106.57 -666.608 -1390.45 -214.486 -1377.3 -1043.22 
