24.0964 22.9988 34.0375 24.061 22.9311 32.9625 272.101 724.316 -1693.66 568.255 -428.853 -1630.79 
25.1659 25.5061 34.0123 25.3802 25.7628 32.9877 43.0216 582.928 -1479.74 -822.355 -151.491 -1844.72 
5.90605 4.86309 33.008 6.14366 5.23294 33.992 303.076 943.96 -1894.17 42.7512 -123.045 -1430.28 
16.7963 14.0914 33.883 17.1562 14.7588 33.117 884.53 37.7301 -1622.48 -198.316 530.256 -1701.98 
14.6455 21.0637 32.9984 14.9598 20.8263 34.0016 -879.748 254.713 -1444.39 3.83278 -416.796 -1880.07 
20.0317 13.6879 33.044 19.6455 13.2625 33.956 14.3474 -610.887 -1979.81 721.478 108.832 -1344.65 
29.319 33.5847 34.0386 29.2831 33.5979 32.9614 832.437 438.223 -1681.22 -352.529 312.235 -1643.24 
3.93866 20.5632 32.9991 4.31909 20.4485 34.0009 -834.895 -585.474 -1510.71 145.944 20.8111 -1813.75 
1.81021 25.7967 32.9649 1.76251 25.6777 34.0351 153.896 -280.135 -1652.56 -1002.52 9.3267 -1671.9 
12.063 27.2887 33.7856 11.5612 28.0526 33.2144 -194.916 -384.676 -2165.17 -640.302 74.9844 -1159.29 
19.1498 7.7438 33.0992 18.973 8.44215 33.9008 131.87 14.1614 -1263.79 -80.6004 875.147 -2060.67 
31.938 2.89096 33.0364 32.4774 2.99623 33.9636 -379.432 413.096 -1361.54 649.794 435.669 -1962.91 
5.71189 17.1919 33.0758 5.70828 17.8565 33.9242 157.503 811.412 -2023.1 389.889 -108.66 -1301.35 
6.84081 12.9246 33.9973 7.13232 13.22 33.0027 -36.6934 253.961 -1689.17 896.797 -485.735 -1635.28 
2.80452 3.43465 32.9674 2.70352 3.30564 34.0326 917.894 80.8535 -1579.03 -121.261 -479.443 -1745.42 
20.9536 17.5828 33.831 20.5131 16.8553 33.169 -25.465 -686.353 -1193.15 429.036 -107.767 -2131.3 
15.1241 19.7759 33.0704 14.7832 19.2217 33.9296 -284.946 -851.499 -1989.02 -257.956 145.273 -1335.43 
26.8503 1.61021 34.0366 26.7575 1.57492 32.9634 33.3509 -309.097 -1691.62 -918.854 405.961 -1632.83 
34.3062 28.7721 33.9943 33.9532 29.0162 33.0057 -87.1695 -363.039 -1892.54 -796.229 477.511 -1431.92 
20.7383 29.2386 32.9729 20.5899 29.4066 34.0271 -593.232 477.339 -1774.13 -280.428 -651.166 -1550.32 
5.22729 12.5403 33.0728 4.77752 12.0616 33.9272 198.242 897.469 -1316.27 -152.641 -7.85206 -2008.18 
11.969 26.0559 33.0958 11.4142 26.5036 33.9042 -618.059 -313.86 -2031.72 295.365 -516.421 -1292.74 
15.0561 10.629 33.9403 14.7132 10.1108 33.0597 -647.31 -158.257 -1318.57 -97.918 646.246 -2005.89 
2.90246 9.36243 34.0376 2.83311 9.33858 32.9624 19.6863 -982.429 -1639.27 336.618 166.007 -1685.19 
22.9845 4.11831 33.0299 22.9358 3.59358 33.9701 -381.142 -41.408 -1456.84 393.489 -849.291 -1867.61 
26.9845 17.5416 34.0134 26.9679 17.2147 32.9866 228.762 -83.7697 -1744.86 -856.995 -547.754 -1579.6 
5.87808 9.46997 34.0389 5.88184 9.46659 32.9611 -873.231 242.585 -1665.02 31.4419 -533.943 -1659.43 
3.32076 24.2334 33.9596 2.75809 24.219 33.0404 388.195 946.86 -1808.03 -60.9016 -118.381 -1516.42 
13.5975 30.8938 32.9854 13.3568 30.6829 34.0146 -215.124 974.648 -1542.78 -212.876 -193.422 -1781.67 
16.28 4.60656 33.253 17.2329 4.7045 33.747 -484.434 -163.834 -1182.96 59.234 -618.92 -2141.49 
26.296 33.0146 32.9639 26.1884 32.9927 34.0361 -341.575 -686.906 -1720.45 704.375 -126.65 -1604 
31.1551 20.6516 34.0346 31.0899 20.7716 32.9654 377.273 370.116 -1595.24 394.777 -814.454 -1729.21 
22.8328 9.80353 33.0778 23.1363 10.4007 33.9222 -91.4421 -921.414 -1309.77 -16.5022 37.1938 -2014.69 
18.7715 28.8406 34.0386 18.8061 28.8448 32.9614 -481.819 274.109 -1681.29 665.066 597.624 -1643.16 
16.2443 14.7976 33.7023 15.7101 15.6418 33.2977 -685.632 -653.373 -1485.79 345.486 -169.912 -1838.66 
12.0886 14.6465 33.9964 12.5037 14.7084 33.0036 329.68 -759.645 -1489.79 -595.008 -90.7072 -1834.66 
23.4974 27.3412 34.0279 23.5276 27.556 32.9721 -834.95 -551.586 -1760 -17.8907 294.368 -1564.46 
22.1109 17.7337 34.0038 21.7456 17.6194 32.9962 871.447 125.227 -1866.49 -61.1163 -495.174 -1457.97 
33.8498 7.02591 34.0308 33.8699 6.84106 32.9692 -85.8709 -141.534 -1561.23 12.871 1029.32 -1763.23 
31.5949 5.26626 33.9395 31.7592 4.66474 33.0605 276.763 427.978 -2006.29 612.127 -486.057 -1318.16 
7.54156 23.8006 32.9851 7.64297 24.1021 34.0149 -680.735 -716.056 -1490.44 -82.1005 256.079 -1834.02 
24.2566 3.40107 32.9717 24.1793 3.59896 34.0283 -893.587 202.827 -1682.94 274.56 437.723 -1641.52 
27.7457 27.9543 32.9652 27.8184 27.8427 34.0348 -617.248 774.552 -1593.12 334.763 70.256 -1731.33 
31.4194 2.41332 32.9831 31.5022 2.12014 34.0169 105.578 -897.077 -1825.48 -479.998 88.8026 -1498.98 
28.8685 17.9873 33.8812 28.3811 17.4018 33.1188 -350.289 337.896 -2054.21 -516.106 -544.919 -1270.24 
18.9016 13.0123 34.0318 18.7313 13.0464 32.9682 681.788 -671.299 -1755.53 -382.678 -167.766 -1568.92 
7.33356 22.0524 33.9078 6.63399 21.9693 33.0922 489.723 -486.613 -2046.8 -417.236 -401.218 -1277.65 
1.19196 18.5917 32.9889 1.35526 18.2913 34.0111 -260.79 971.503 -1483.37 -90.8199 -153.048 -1841.08 
18.3604 2.13845 34.0388 18.3644 2.11635 32.9612 -326.636 835.187 -1672.15 549.831 27.1827 -1652.3 
31.1494 8.79019 33.2999 32.0934 8.45824 33.7001 -198.111 -364.059 -1108.8 214.075 -526.583 -2215.66 
27.5615 3.67862 34.0345 27.4394 3.74076 32.9655 233.27 -756.823 -1736.31 -684.971 -10.9425 -1588.14 
4.89312 12.4659 33.2497 5.34082 11.623 33.7503 108.523 629.274 -1134.38 353.5 132.324 -2190.07 
30.4613 23.9148 33.7753 29.9626 23.1339 33.2247 603.34 183.729 -2174.71 275.44 -329.478 -1149.74 
20.7475 22.7265 33.997 21.022 23.0399 33.003 -168.468 235.237 -1449.25 -495.318 -829.279 -1875.2 
12.874 18.4 34.0303 13.0646 18.3845 32.9697 263.693 -334.653 -1556.51 -908.387 -280.056 -1767.95 
19.0137 14.0826 32.986 19.2472 14.3072 34.014 -510.163 -142.017 -1492.14 6.88171 877.004 -1832.32 
19.3144 2.86661 33.0541 19.4347 2.27348 33.9459 -751.507 -80.3375 -1419.93 196.691 -616.568 -1904.53 
20.2877 1.73473 32.9707 20.4034 1.90111 34.0293 131.071 -276.604 -1552.46 587.859 802.568 -1771.99 
23.9172 5.24508 32.9957 24.0623 5.59634 34.0043 -539.945 315.4 -1535.51 596.083 573.614 -1788.94 
22.1276 19.6636 32.9911 21.9784 19.342 34.0089 169.685 733.318 -1481.77 -689.708 -10.0798 -1842.69 
5.33167 27.793 32.9879 5.03233 27.6409 34.0121 -542.481 173.665 -1663.82 6.11515 -884.868 -1660.64 
27.3647 5.92351 32.974 27.5892 5.85775 34.026 802.829 277.286 -1717.72 21.0469 -616 -1606.74 
1.55395 28.0099 33.0125 1.10771 27.9007 33.9875 670.253 541.843 -1408.16 -380.983 300.665 -1916.29 
24.5512 12.6805 32.9755 24.5054 12.4377 34.0245 -6.68375 270.238 -1587.38 855.945 -539.037 -1737.07 
5.31658 4.3442 32.9851 5.47478 4.06844 34.0149 400.169 -891.136 -1836.38 -304.188 5.53684 -1488.07 
22.6427 20.6103 32.9742 22.8507 20.723 34.0258 -435.897 -932.338 -1552.1 117.981 100.216 -1772.35 
20.9028 16.196 32.9621 20.9023 16.1307 34.0379 -197.163 69.9615 -1673.06 943.425 416.444 -1651.4 
24.7283 32.6472 33.161 25.4279 32.1864 33.839 494.216 130.837 -2122.98 -59.2521 646.533 -1201.47 
17.7435 33.9847 33.8515 16.9606 34.2184 33.1485 81.7957 234.943 -2114.03 -670.123 433.913 -1210.43 
13.3018 1.30043 32.977 13.1208 1.11426 34.023 -729.544 491.887 -1750.95 440.962 350.857 -1573.51 
14.6464 32.4943 33.2777 13.8292 33.0384 33.7223 -215.554 -703.272 -1173.36 -296.28 -25.7848 -2151.09 
19.4403 18.4319 34.0382 19.453 18.4834 32.9618 318.204 -758.656 -1691.43 504.653 417.475 -1633.02 
2.41624 33.6694 33.1284 2.90376 33.0597 33.8716 -696.498 484.243 -1232.22 -101.404 -88.2011 -2092.24 
13.7896 27.4892 32.9998 14.1173 27.72 34.0002 -269.324 343.001 -1830.56 -509.582 -775.21 -1493.9 
2.52971 1.99791 33.7711 3.45931 1.93901 33.2289 -238.105 -725.149 -2108.16 317.756 -162.068 -1216.3 
23.6456 12.0812 34.0359 23.7529 12.1161 32.9641 47.6785 148.642 -1638.44 -40.409 -1039.4 -1686.02 
28.7713 12.9349 32.9611 28.7663 12.9452 34.0389 -331.801 175.466 -1668.42 -46.2945 -982.028 -1656.04 
9.6569 31.5226 34.0103 9.69873 31.8667 32.9897 -129.125 -904.123 -1841.98 -412.331 196.788 -1482.47 
13.1347 29.3125 33.9508 13.5695 28.9129 33.0492 130.322 188.201 -1973.1 581.71 -723.466 -1351.35 
11.0302 24.7397 33.3166 11.603 25.5757 33.6834 -95.131 290.755 -1102.22 176.257 596.328 -2222.23 
