5.95972 11.8911 33.8962 5.3036 11.57 33.1038 -65.8012 306.641 -1664.42 -611.426 -438.783 -910.695 
32.3008 32.5381 33.9236 31.8039 32.0944 33.0764 668.674 209.611 -1655.98 -15.2555 -431.291 -919.132 
6.43682 8.27957 33.0027 6.70501 8.59675 33.9973 -323.19 -133.841 -1060.74 233.356 817.967 -1514.37 
32.1423 10.8234 33.9109 32.5369 11.3984 33.0891 22.3098 -142.352 -1669.06 386.322 698.337 -906.046 
14.8002 4.02216 33.8315 14.4846 4.8111 33.1685 -185.802 592.98 -858.284 -387.669 -209.275 -1716.83 
33.9495 28.2432 33.9377 34.3594 27.7664 33.0623 36.5986 -347.061 -943.591 -721.579 263.988 -1631.52 
30.4988 27.3063 34.0284 30.3927 27.4892 32.9716 -116.394 -303.374 -1309.87 784.325 476.48 -1265.24 
2.32866 6.50874 34.0353 2.23646 6.59301 32.9647 -50.2994 -317.978 -1348.48 -441.951 801.495 -1226.63 
1.70915 5.14957 34.0385 1.72196 5.10894 32.9615 424.125 -643.515 -1269.83 -594.581 -25.0977 -1305.28 
1.15736 30.3624 34.0337 1.18288 30.215 32.9663 472.05 810.219 -1351.28 -122.026 -215.592 -1223.83 
27.9 11.7627 33.9298 27.7127 12.3854 33.0702 -79.8412 -653.267 -1645.65 -458.386 221.515 -929.464 
19.8953 15.487 33.1966 20.7456 15.2216 33.8034 482.312 -395.997 -1780.16 -164.702 -216.557 -794.952 
15.6593 3.11951 34.027 15.8661 3.03142 32.973 -216.003 -211.353 -1283.05 212.12 901.341 -1292.06 
10.6666 17.4066 33.7463 11.6251 17.3913 33.2537 461.184 -151.957 -771.656 -73.3188 -418.708 -1803.46 
7.57942 9.02076 33.0815 8.22288 8.8036 33.9185 785.568 -14.3058 -1662.01 -118.861 192.07 -913.098 
3.11831 18.1469 33.065 3.7333 17.9844 33.935 339.54 -681.475 -1611.58 -398.826 -5.9724 -963.529 
27.9084 15.839 32.9637 27.9867 15.7685 34.0363 792.971 -228.847 -1345.61 -153.18 487.238 -1229.5 
18.2161 8.60616 33.0047 18.5576 8.85847 33.9953 -358.192 -304.182 -1104.74 -116.811 804.652 -1470.37 
26.1457 30.7832 33.8952 26.8733 30.6967 33.1048 -211.134 -5.27172 -1619.95 581.401 587.51 -955.156 
11.2965 24.1564 33.2483 12.0303 24.7646 33.7517 312.129 471.464 -1812.17 -188.729 207.411 -762.942 
9.41428 15.8216 33.9281 9.74546 16.3862 33.0719 525.658 502.066 -927.327 151.824 -371.232 -1647.78 
7.69963 33.337 32.9617 7.71585 33.3836 34.0383 -89.5051 258.666 -1313.08 -60.6001 -932.14 -1262.03 
33.2896 1.90309 34.0259 33.0781 2.00534 32.9741 750.234 366.639 -1328.41 -71.8945 -492.947 -1246.7 
24.586 33.5059 32.9943 24.2137 33.5205 34.0057 -100.911 719.243 -1419.74 580.222 -222.896 -1155.37 
15.3887 21.1792 34.0193 15.3258 21.4601 32.9807 370.084 -712.282 -1416.08 -519.558 38.6676 -1159.03 
13.6128 4.87545 33.8422 14.3077 4.41683 33.1578 -85.0038 460.535 -1748.07 550.392 48.8884 -827.045 
22.524 7.87879 33.2171 22.84 7.01758 33.7829 68.2949 101.405 -798.32 572.945 -356.18 -1776.79 
15.4598 33.2279 32.9667 15.3294 33.3106 34.0333 575.473 735.858 -1287.04 -69.1526 -267.096 -1288.07 
11.9006 33.8262 32.9785 11.9159 33.5552 34.0215 -722.08 -579.006 -1387.69 121.416 239.447 -1187.42 
31.8951 29.466 33.0208 31.6666 29.0292 33.9792 -610.063 -607.146 -1532.26 296.91 -7.69878 -1042.85 
14.5782 10.4796 32.9648 14.5625 10.3545 34.0352 876.54 -234.911 -1283.01 -313.566 -164.036 -1292.1 
13.118 6.60579 34.0349 13.004 6.67159 32.9651 -238.632 903.404 -1240.21 -24.8616 -265.697 -1334.9 
3.11579 5.07864 34.0386 3.08201 5.07282 32.9614 -571.473 -284.627 -1275.1 47.7719 733.889 -1300.01 
32.2634 3.87944 32.9691 32.4447 3.9178 34.0309 357.306 522.724 -1388.19 -723.725 61.9431 -1186.92 
32.4844 11.8614 33.6946 32.6175 12.8576 33.3054 48.8232 -97.124 -740.549 203.527 -545.074 -1834.56 
8.6378 18.9937 34.0386 8.62233 18.9608 32.9614 -805.6 407.643 -1283.83 348.729 109.433 -1291.28 
28.4834 1.51015 32.9966 28.6358 1.86311 34.0034 396.951 220.121 -1500.19 -34.0063 -806.951 -1074.92 
7.82787 20.7237 32.9621 7.81418 20.6604 34.0379 -513.982 660.285 -1275.41 497.453 29.5163 -1299.7 
31.624 11.919 33.0093 31.2509 11.6756 33.9907 391.111 645.376 -1125.35 282.692 -496.753 -1449.77 
13.8911 29.3352 33.078 14.2777 29.8827 33.922 -126.61 415.96 -1656.31 -563.382 -412.752 -918.799 
3.87013 4.82236 32.9657 3.82766 4.95631 34.0343 700.751 614.517 -1325.83 -112.41 -254.026 -1249.28 
13.2367 15.7985 33.9525 12.9477 15.2894 33.0475 513.469 243.796 -1611.22 49.1496 -643.244 -963.894 
7.48782 20.3947 32.9619 7.47107 20.3402 34.0381 -344.131 -8.91932 -1281.21 701.719 -581.19 -1293.9 
5.49343 10.391 32.9892 5.63539 10.704 34.0108 -556.627 486.439 -1250.8 598.924 202.262 -1324.31 
24.6153 2.54978 34.0387 24.6239 2.52138 32.9613 421.167 -640.725 -1275.4 -599.927 -25.7164 -1299.71 
22.0726 27.003 34.0132 22.2576 27.2751 32.9868 -791.899 479.556 -1271.63 134.347 -270.454 -1303.48 
7.14352 6.83453 33.0232 6.68462 7.03832 33.9768 -727.381 11.9601 -1564.93 211.419 -470.089 -1010.18 
25.1581 18.8799 32.9671 25.2377 18.7415 34.0329 531.625 58.2854 -1269.98 -364.202 -727.664 -1305.13 
17.5409 17.9676 33.7212 17.7166 18.9346 33.2788 -23.8518 -365.804 -1771.92 586.567 -33.5085 -803.193 
5.70023 24.8045 33.1608 5.94382 24.0033 33.8392 41.5828 176.485 -848.759 613.647 -392.752 -1726.35 
29.6387 30.2567 32.9751 29.8804 30.2905 34.0249 -618.9 107.801 -1156.96 452.159 561.748 -1418.15 
16.008 11.2012 33.9823 15.5373 11.2989 33.0177 279.364 773.179 -1220.59 308.048 -411.178 -1354.52 
13.9939 14.5221 34.0388 13.9953 14.5034 32.9612 146.931 780.885 -1297.84 415.113 -380.629 -1277.28 
6.87498 2.74587 32.9628 6.79822 2.7086 34.0372 220.4 911.3 -1259.71 10.0693 -260.929 -1315.4 
24.1308 20.8036 33.728 24.4392 19.8769 33.272 122.981 114.309 -747.975 -88.6456 574.835 -1827.14 
17.9825 16.5788 34.0189 17.7258 16.4427 32.9811 463.136 -48.8514 -1448.04 -522.056 -638.627 -1127.07 
16.0015 3.12452 33.0455 15.7753 3.65761 33.9545 -218.015 406.835 -1563.64 -435.87 -627.139 -1011.47 
11.6402 28.5429 34.0308 11.4654 28.4797 32.9692 -759.201 69.0008 -1184.77 340.994 479.817 -1390.34 
1.98214 6.56511 33.9736 1.97804 6.05078 33.0264 331.231 218.016 -1564.05 42.5359 -798.013 -1011.06 
19.9884 14.5659 33.944 20.2639 15.1112 33.056 -414.411 3.75883 -1610.11 325.418 680.477 -965.002 
8.10187 31.0489 34.037 8.18334 31.0099 32.963 747.263 -193.42 -1239.09 -166.593 566.141 -1336.02 
12.4317 27.8477 34.0041 12.0816 27.998 32.9959 897.351 164.534 -1458.34 -208.747 -120.671 -1116.77 
31.0663 13.2023 33.0486 31.4721 12.7757 33.9514 -102.638 225.228 -973.865 792.139 -251.453 -1601.25 
21.6682 12.1601 32.9614 21.689 12.1873 34.0386 261.885 -344.993 -1293.81 -872.107 22.925 -1281.3 
27.6545 6.00797 32.9933 27.995 6.1449 34.0067 92.0853 -513.002 -1132.71 597.864 521.278 -1442.4 
8.94842 22.8596 34.0339 8.83832 22.7637 32.9661 214.936 -252.257 -1326.27 -899.353 164.665 -1248.84 
2.43928 30.363 32.9623 2.50974 30.3794 34.0377 626.331 -385.771 -1325.79 -560.446 -301.076 -1249.32 
19.0457 30.6651 34.033 18.8865 30.6647 32.967 -894.263 -79.9531 -1203.4 231.925 273.362 -1371.71 
9.01258 8.42039 33.9963 9.16676 8.81125 33.0037 -30.2458 319.816 -1057.52 -586.602 -629.004 -1517.59 
29.3573 8.14804 33.0878 29.8802 8.60482 33.9122 -180.555 -701.25 -908.673 368.68 37.3918 -1666.44 
9.244 12.4537 34.0351 9.36382 12.4096 32.9649 -269.357 -85.3299 -1355.35 912.502 -164.596 -1219.76 
12.7794 28.0024 34.0135 12.9299 27.7124 32.9865 -386.061 -547.446 -1299.28 703.948 -64.9648 -1275.83 
26.5402 15.8273 33.9957 26.8834 15.5803 33.0043 261.431 94.8367 -1073.6 -834.132 290.017 -1501.51 
14.6041 4.83167 33.9315 15.2144 5.04252 33.0685 -820.693 -84.2491 -1631.09 153.649 -92.2479 -944.025 
14.8596 22.4442 32.9786 14.9075 22.1762 34.0214 366.556 -183.608 -1431.76 -165.449 843.649 -1143.36 
27.4565 22.9144 34.0107 27.709 22.6805 32.9893 467.962 -254.452 -1109.81 -15.7792 775.633 -1465.31 
32.7249 26.3555 34.0265 32.9512 26.3942 32.9735 -30.2376 905.566 -1244.52 -230.261 -266.63 -1330.59 
34.0851 24.3608 32.9955 33.9949 23.9926 34.0045 581.422 683.87 -1089.23 -45.1558 -249.686 -1485.88 
31.2801 5.55984 33.7356 32.179 5.92256 33.2644 -364.713 367.481 -991.926 -259.07 -662.427 -1583.19 
28.8169 31.1012 32.9679 28.7523 30.943 34.0321 435.57 811.871 -1195.48 -247.032 -148.13 -1379.63 
