25.9512 9.40734 33.7607 26.8725 9.61018 33.2393 615.664 1025.43 -427.397 100.223 718.465 -1457.72 
4.39194 24.3968 33.3184 5.39103 24.2192 33.6816 483.771 -961.481 -1503.08 99.3927 -831.161 -382.037 
19.8721 24.5282 34.038 19.9277 24.5544 32.962 476.31 -1367.76 -960.106 596.767 -182.129 -925.006 
18.5257 24.6272 32.9652 18.5511 24.4964 34.0348 823.719 -1139.25 -1015.9 706.36 38.1086 -869.209 
1.5261 32.767 32.9665 1.46786 32.9074 34.0335 -897.87 244.848 -894.243 -256.676 1245.34 -990.869 
25.8802 15.8324 33.9999 26.2471 15.6666 33.0001 -196.227 -1251.16 -747.958 -838.072 -324.868 -1137.15 
18.3941 0.979369 33.0236 18.0892 1.3804 33.9764 176.121 -830.782 -1022.59 1268.38 -380.442 -862.52 
3.66448 7.94916 32.9711 3.87079 7.94916 34.0289 74.3254 873.265 -833.492 1192.74 522.512 -1051.62 
27.7771 11.9236 33.0513 27.4287 12.4083 33.9487 410.477 -1288.5 -616.024 -305.195 -593.673 -1269.09 
14.7861 4.96812 33.0566 15.0157 5.53589 33.9434 259.222 -287.515 -892.194 1406.9 -594.347 -992.918 
9.36864 17.45 34.0194 9.65544 17.4598 32.9806 1314.16 -132.095 -805.494 342.838 -766.806 -1079.62 
22.1645 28.6422 33.9098 22.7255 29.0608 33.0902 -825.45 848.197 -1289.3 142.461 908.839 -595.81 
3.7553 10.3747 32.9627 3.80722 10.3106 34.0373 -771.394 -860.732 -983.388 -1028.57 300.582 -901.724 
27.7447 5.36878 33.9993 27.9969 5.68634 33.0007 -533.138 209.77 -719.603 -1317.27 -569.822 -1165.51 
21.3053 11.4504 32.9614 21.3428 11.4579 34.0386 -865.276 97.4955 -931.884 -478.153 1224.94 -953.228 
26.589 33.0477 32.9904 26.9144 33.1778 34.0096 522.139 1125.28 -1136.18 -544.561 759.7 -748.93 
6.98282 26.8154 32.97 6.9227 27.0005 34.03 827.187 -773.608 -846.552 1017.96 387.511 -1038.56 
7.03223 4.12013 33.8525 6.46341 4.70418 33.1475 -718.648 -285.669 -1390.72 -1164.94 361.539 -494.391 
14.05 18.5925 33.9522 13.8091 19.127 33.0478 390.661 -1268.05 -1241.54 -409.33 -616.97 -643.57 
28.9516 3.08198 33.0213 29.4426 3.14431 33.9787 507.747 -555.179 -706.904 1335.8 161.517 -1178.21 
9.68014 14.7528 34.0246 9.44392 14.8231 32.9754 485.411 -782.495 -883.555 1273.49 104.331 -1001.56 
30.5336 15.4076 34.0241 30.4688 15.6503 32.9759 691.001 -1335.35 -1081.49 373.956 -220.125 -803.626 
27.0566 12.5724 33.117 26.5913 11.9738 33.883 13.4982 -726.424 -581.593 -913.208 -930.13 -1303.52 
26.8597 17.5357 34.0327 26.7671 17.6701 32.9673 1063.66 160.333 -1032.76 343.953 1093.58 -852.354 
33.2741 6.21553 33.369 32.5288 5.48241 33.631 -681.453 -455.139 -399.041 -590.36 -936.313 -1486.07 
13.9031 30.2301 33.2836 13.3847 31.0701 33.7164 1036 -21.6363 -396.797 810.418 401.635 -1488.32 
7.82426 13.4121 34.0149 8.12297 13.3025 32.9851 -509.181 -624.418 -781.368 -1323.82 184.224 -1103.74 
11.9218 15.1429 34.0355 11.8722 15.2537 32.9645 729.695 -200.225 -892.406 368.459 -1332 -992.706 
6.17451 15.3509 33.0765 6.42442 15.9686 33.9235 -511.212 553.744 -1275.57 -1302.39 -39.4641 -609.541 
4.36912 9.73154 34.0363 4.4741 9.74063 32.9637 -699.934 -90.1962 -942.569 -596.881 -1277.98 -942.543 
5.91675 18.3467 32.9775 5.65682 18.3896 34.0225 763.479 3.44572 -959.583 703.918 -1186.83 -925.53 
7.30974 9.03821 33.7255 7.9158 8.26949 33.2745 603.707 809.529 -1483.16 860.565 377.718 -401.949 
24.056 31.0412 34.0122 23.7741 30.8605 32.9878 -1475.83 -243.941 -761.666 -406.37 139.236 -1123.45 
7.7839 28.6626 32.9791 7.70475 28.3978 34.0209 1410.41 593.233 -849.722 302.415 194.08 -1035.39 
10.6951 5.41855 34.0274 10.5841 5.60976 32.9726 -775.086 -1272.82 -965.064 130.535 -498.682 -920.048 
27.6403 14.59 33.6607 28.3224 13.82 33.3393 -365.037 1047.61 -1511.45 -145.51 767.052 -373.663 
2.30347 18.664 33.0154 1.98392 18.3174 33.9846 567.577 523.85 -899.934 1313.61 -402.232 -985.179 
20.4145 11.3417 33.1113 21.1393 11.5201 33.8887 1027.19 -207.963 -1299.74 447.499 -966.322 -585.375 
20.1305 12.9793 34.0389 20.1259 12.9844 32.9611 -965.887 -604.686 -945.253 -919.138 586.634 -939.859 
12.8621 22.8141 32.968 12.9397 22.6611 34.032 1476.9 362.213 -946.049 394.882 -138.432 -939.063 
3.16186 23.4303 33.9359 2.52836 23.444 33.0641 -44.1862 -539.439 -1250.54 -903.81 -1089.96 -634.567 
29.8267 24.2143 33.1492 30.6145 24.4348 33.8508 542.526 115.618 -490.079 1293.07 313.612 -1395.03 
24.5283 30.4982 32.9615 24.5673 30.481 34.0385 -603.663 279.422 -944.822 -229.684 1411.49 -940.291 
30.4351 21.7457 33.0718 30.9798 21.3833 33.9282 1061.74 334.083 -1303.24 329.409 938.062 -581.877 
24.6025 31.6716 32.9619 24.6523 31.7028 34.0381 61.8127 -1496.25 -935.291 -328.715 -369.87 -949.822 
4.0063 16.4636 32.9643 4.06158 16.361 34.0357 855.811 -29.9723 -1003.46 667.148 1140.94 -881.654 
1.89657 19.656 33.9639 1.51927 20.0543 33.0361 -860.077 -759.954 -1195.68 -971.457 313.716 -689.433 
5.89292 27.8594 33.9005 6.18015 27.1978 33.0995 -769.304 -118.699 -545.625 -1011.45 737.227 -1339.49 
4.7915 30.7602 34.0383 4.81654 30.8045 32.9617 -280.242 1461.03 -928.089 307.088 423.889 -957.023 
26.3483 18.7712 33.9362 26.6622 19.3208 33.0638 -1015.66 775.832 -659.332 -794.539 -249.693 -1225.78 
31.6825 19.3853 34.0245 31.8975 19.262 32.9755 -205.348 -320.999 -868.463 -1248.47 -879.022 -1016.65 
30.5818 24.1151 33.3473 30.1202 23.1902 33.6527 858.513 -329.561 -371.313 750.395 -652.815 -1513.8 
25.7749 13.274 32.965 25.6652 13.204 34.035 339.174 -384.139 -1011.01 1485.89 -87.8839 -874.099 
30.0724 16.9787 34.0213 30.2778 16.7984 32.9787 -1011.04 -379.825 -1093.68 -128.298 -1122.03 -791.428 
32.8084 20.5658 32.9666 32.66 20.6056 34.0334 -440.245 -151.264 -941.381 -764.637 -1298.53 -943.732 
6.64266 25.5032 32.9622 6.70123 25.4662 34.0378 -202.426 -513.666 -975.356 -1392.65 -491.006 -909.756 
6.26506 7.19534 33.9643 6.80975 7.2472 33.0357 1378.75 -105.229 -648.619 412.472 -482.286 -1236.49 
20.2791 14.2827 33.0561 20.0095 13.7343 33.9439 -589.563 437.175 -1280.46 -129.961 1305.22 -604.649 
13.4288 15.4061 34.0324 13.5263 15.2711 32.9676 -527.955 -109.098 -850.458 -1202.69 856.441 -1034.65 
26.062 9.56514 32.9646 26.145 9.65618 34.0354 -1270.91 239.806 -877.047 -260.669 859.246 -1008.06 
29.1627 14.0311 33.1317 29.6055 14.6814 33.8683 -686.236 122.791 -1377.68 -1150.54 -546.938 -507.429 
25.5286 5.04028 33.9974 25.1651 5.24007 33.0026 -301.818 251.897 -1171.12 -1213.06 870.067 -713.99 
23.8456 30.8148 32.9712 24.028 30.9139 34.0288 231.417 -639.887 -1057.24 -821.216 -1150.58 -827.868 
18.1824 17.8388 33.0378 18.7254 17.9498 33.9622 -172.862 -1008.94 -636.197 819.578 -761.763 -1248.92 
25.9903 17.1203 34.0053 25.6318 17.2289 32.9947 1148.26 927.782 -995.156 542.208 -93.5366 -889.956 
19.2746 5.84328 32.9821 18.9777 5.82242 34.0179 391.747 43.1355 -1084.2 1332.84 718.075 -800.909 
23.1559 2.24151 32.971 22.9821 2.35193 34.029 -552.75 772.948 -936.601 -1242.91 -199.158 -948.511 
25.7396 12.8611 34.0338 25.6851 12.9979 32.9662 -848.6 54.7623 -863.823 -707.641 -1118.61 -1021.29 
31.9259 18.2965 32.9626 32.0052 18.2853 34.0374 676.673 -1330.26 -955.753 485.903 -153.672 -929.359 
30.8222 14.2579 33.9951 31.2398 14.3393 33.0049 508.366 218.946 -1084.99 1340.72 -585.725 -800.122 
14.9696 12.977 32.9832 15.062 13.268 34.0168 -650.17 111.31 -1111.33 -1029.3 -967.478 -773.784 
11.0046 13.5866 34.0389 11.0009 13.5905 32.9611 1256.02 -849.875 -945.254 149.219 -406.686 -939.858 
11.3597 13.5386 32.9611 11.3604 13.5366 34.0389 -244.112 -1519.15 -943.556 -65.8517 -340.304 -941.556 
22.2552 30.143 34.0357 22.2341 30.2579 32.9643 -1358.44 666.059 -893.514 -432.99 -79.1797 -991.598 
5.44524 4.14188 32.9626 5.50552 4.0883 34.0374 -841.759 256.829 -915.079 -918.417 -931.684 -970.033 
7.25277 19.6794 34.0097 6.95827 19.8688 32.9903 -1255.26 628.557 -781.016 -108.482 672.92 -1104.1 
8.72052 7.83299 33.5494 9.75082 7.53245 33.4506 -538.983 609.406 -367.635 -557.499 924.014 -1517.48 
31.9342 9.56626 33.0019 31.7057 9.90836 33.9981 -1353.38 -330.853 -1121.68 -260.163 -643.889 -763.434 
21.366 21.0361 33.8469 20.9634 21.756 33.1531 -326.541 1255.51 -486.923 100.11 615.958 -1398.19 
11.2197 18.1456 34.0387 11.2507 18.1482 32.9613 387.432 -70.5588 -953.282 1205.36 -937.731 -931.83 
