i = 0 8.1669 7.31727 33.0898 8.59414 6.76393 33.9102 849.909 500.794 -2149.89 270.451 1199.42 -1376.83 
i = 201 20.9356 3.60353 33.1606 20.3132 4.1635 33.8394 -870.169 -940.649 -984.006 -1560.57 -603.166 -1895.55 
i = 134 26.5772 5.77793 34.0377 26.5725 5.8487 32.9623 854.258 -122.077 -1725.54 614.988 -1287.62 -1801.19 
i = 67 29.0243 11.6343 33.9026 28.7854 12.3097 33.0974 -77.6767 1183.43 -1437.29 805.37 718.251 -2089.43 
i = 402 8.06577 5.63921 34.0003 8.45847 5.56055 32.9997 316.168 -481.863 -1344.63 -573.967 -1219.58 -1635.99 
i = 268 10.1833 20.2755 33.8514 9.36622 20.2731 33.1486 995.859 -425.754 -988.341 1772.31 -367.403 -1891.22 
i = 668 16.0172 28.1727 32.9794 15.9753 27.8976 34.0206 -260.746 -914.844 -1279.51 -805.957 115.489 -1029.27 
i = 335 18.4113 14.4584 34.0329 18.4283 14.2991 32.9671 50.6915 1987.16 -1519.58 -352.462 876.545 -1359.98 
i = 602 12.6401 12.8111 33.1532 11.8698 12.516 33.8468 777.141 613.526 -700.516 20.7797 454.251 -1608.27 
i = 469 7.03423 10.2112 33.8314 7.8228 10.5281 33.1686 77.4224 545.218 -1953.44 671.484 1004.14 -1027.19 
i = 734 30.0163 25.1878 33.8289 29.5361 24.4819 33.1711 568.886 -158.031 -1621.76 304.233 -849.187 -687.025 
i = 1 22.9163 8.14654 32.9654 22.9234 8.01098 34.0346 874.633 922.103 -1688.6 1046.75 -248.146 -1838.12 
i = 536 18.1999 3.91215 34.0196 18.479 3.84915 32.9804 -927.932 -743.695 -1646.86 219.62 -824.637 -1333.76 
i = 135 24.9918 1.83497 34.0275 24.8509 1.66523 32.9725 349.01 398.017 -1685.55 1530.98 384.015 -1841.17 
i = 202 9.07015 27.8981 32.9859 8.86613 27.6475 34.0141 635.872 629.453 -1596.38 1710.67 1039.56 -1283.18 
i = 68 2.29022 18.6288 34.009 2.55903 18.859 32.991 -1023.83 475.4 -1959.06 -151.309 1187.42 -1567.66 
i = 403 13.7857 19.1497 32.9848 13.9717 18.8944 34.0152 -295.934 -104.318 -1626.21 -1423.63 171.164 -1354.42 
i = 669 1.92652 1.2572 33.9887 2.15554 1.6497 33.0113 -862.14 617.584 -1285.37 300.678 591.376 -1023.41 
i = 336 13.6151 9.10906 33.0928 12.9868 9.43112 33.9072 -999.101 -361.918 -1051.12 -1849.91 -56.3576 -1828.43 
i = 603 29.064 4.56335 32.9826 28.8352 4.75939 34.0174 -508.494 -312.888 -1320.86 395.519 -1015.29 -987.922 
i = 2 24.0176 32.7862 34.0359 24.0792 32.8813 32.9641 -38.6432 1611.46 -1711.39 -15.1471 423.983 -1815.33 
i = 136 34.1072 30.2723 32.9705 34.1285 30.4715 34.0295 -518.621 984.688 -1745.66 671.539 1045.72 -1781.06 
i = 470 27.7663 22.9684 33.9843 27.4185 23.2887 33.0157 969.434 -999.161 -1751.68 152.687 -305.53 -1228.94 
i = 269 6.69882 4.83689 34.0042 6.59589 5.20339 32.9958 -1888.2 315.889 -1266.11 -990.463 -387.586 -1613.45 
i = 735 25.3703 28.8816 32.9674 25.4958 28.9876 34.0326 583.037 -99.3186 -1240.47 -24.1407 -1110.83 -1068.31 
