8.27303 32.9859 32.9611 8.26921 32.9748 34.0389 1529.38 392.568 -1433.39 1323.76 -781.747 -1446.17 
21.7362 16.5672 34.0278 21.826 16.3687 32.9722 -1484.36 1371.72 -1554.84 -702.875 501.21 -1324.71 
16.488 11.9258 34.0379 16.4886 11.9906 32.9621 1160.29 -1294.91 -1475.22 1347.87 -119.644 -1404.34 
26.833 13.9395 34.0021 26.5986 13.6262 32.9979 -1102.01 678.947 -1225.53 -577.461 1660.12 -1654.03 
13.6756 3.32541 34.0081 13.3964 3.09975 32.9919 219.237 -966.755 -1630.25 -407.636 -1906.63 -1249.31 
1.62179 2.57382 33.9898 1.85343 2.9588 33.0102 1676.24 -829.608 -1272.1 545.271 -1002.53 -1607.46 
20.6667 18.7966 32.9736 20.6323 18.5688 34.0264 -1074.65 806.535 -1324.39 -1731.66 -161.213 -1555.16 
14.3287 28.1831 32.963 14.4146 28.1587 34.037 -1881.72 -160.994 -1391.8 -849.8 -750.388 -1487.75 
29.6411 23.7869 32.9662 29.6369 23.9347 34.0338 -1038.01 450.704 -1498.62 -1841.4 -422.324 -1380.94 
21.9253 24.1309 34.0386 21.8946 24.1154 32.9614 2011.8 102.053 -1458.43 865.232 -222.688 -1421.12 
29.3106 10.0551 33.2641 28.7177 10.8216 33.7359 -1067.78 1278.4 -1926.46 -382.788 1209.11 -953.096 
12.6493 33.5134 33.1539 11.8575 33.2778 33.8461 -1706 -638.348 -1890.49 -1037.83 -235.298 -989.066 
3.79154 30.3494 33.0409 3.70933 30.9077 33.9591 1018.75 1509.3 -1750.42 1051.43 492.247 -1129.14 
18.9985 19.5829 33.0278 19.1855 19.0983 33.9722 315.9 1945.08 -1174.18 239.196 880.465 -1705.38 
29.0328 21.9716 33.8213 28.667 22.7558 33.1787 900.606 728.501 -1897.12 932.052 1492.58 -982.435 
9.47303 13.5348 33.1435 10.2316 13.8137 33.8565 1414.32 966.927 -1857.02 575.663 1114.37 -1022.53 
9.50824 3.06939 32.9616 9.46163 3.06973 34.0384 821.728 1550.88 -1414.67 -340.122 1288.12 -1464.88 
7.65455 25.1068 34.0193 7.36973 25.0631 32.9807 -767.788 -1789.71 -1305.33 92.7899 -1009.61 -1574.23 
19.4008 25.0571 33.0097 19.7281 24.7524 33.9903 -460.959 -1582.94 -1686.35 -1188.51 -777.373 -1193.21 
33.1526 5.50015 33.1084 32.8374 6.17002 33.8916 -674.96 -763.984 -1211.24 -1775.99 -747.54 -1668.32 
6.19311 15.1703 34.0232 6.43935 15.2478 32.9768 -396.286 1414.68 -1577.23 763.533 1441.36 -1302.33 
28.5673 26.8354 33.8575 29.0654 27.4697 33.1425 -605.201 869.497 -1839.63 -583.009 1753.48 -1039.92 
10.9394 21.9624 32.9777 10.6943 21.8607 34.0223 -1484.81 974.476 -1584.71 -358.674 1237.63 -1294.84 
27.146 3.42707 33.9085 27.0518 4.12379 33.0915 -1031.35 -1137.79 -1815.29 -1455.16 -314.498 -1064.27 
20.5822 9.29081 33.8949 19.9407 8.93544 33.1051 -59.5899 -1344.49 -1814.8 -986.34 -1338.4 -1064.76 
32.0636 26.9597 33.9895 32.1564 26.5184 33.0105 186.524 1762.35 -1665.18 887.2 909.536 -1214.38 
21.3966 23.0957 34.0355 21.3651 23.2129 32.9645 -1227.72 -375.305 -1372.66 -936.891 -1523.72 -1506.9 
31.3573 13.6677 33.0716 31.9775 13.8751 33.9284 -565.186 -1580.4 -1078.08 336.969 -1290.1 -1801.48 
26.1357 10.2143 33.0647 26.1555 9.57935 33.9353 1309.47 134.977 -1091.19 1488.53 -815.469 -1788.36 
33.2683 29.6033 32.9615 33.2833 29.6438 34.0385 -703.196 1702.6 -1463.64 -1067.34 568.32 -1415.92 
19.2916 20.1733 32.9701 19.2044 19.9983 34.0299 619.7 600.076 -1547.32 1254.39 1586.16 -1332.24 
29.1506 5.5929 32.9994 29.5406 5.67586 34.0006 -1178.73 -1012.37 -1264.1 -165.853 -1533.99 -1615.45 
30.0674 15.7024 34.0171 30.3082 15.8865 32.9829 -835.408 -226.456 -1281.05 -1929.19 -579.041 -1598.51 
16.7774 22.2735 34.0316 16.7332 22.4443 32.9684 513.081 1898.62 -1342.98 659.57 731.348 -1536.57 
33.9994 24.3043 34.0331 33.9886 24.1471 32.9669 -454.932 -1934.61 -1353.75 -561.324 -759.652 -1525.81 
10.8298 25.906 33.7669 11.7009 25.5625 33.2331 1120.1 260.1 -1952.94 1723.3 194.741 -926.616 
12.0041 2.45508 33.0611 12.6289 2.42498 33.9389 -686.549 -956.199 -1194.79 -40.2854 -1830.12 -1684.76 
34.122 21.8459 33.7771 33.3294 22.3216 33.2229 -345.754 -1697.33 -1085.07 460.769 -1179.93 -1794.49 
1.39163 6.7685 32.9772 1.29971 7.01362 34.0228 -969.847 -688.884 -1584.54 -540.491 -1762.79 -1295.01 
21.4034 10.7299 33.9491 21.9992 10.7368 33.0509 -940.482 -72.9998 -1110.28 -1933.51 -105.868 -1769.27 
17.7238 30.2131 32.9829 17.8261 30.4987 34.0171 -924.754 -358.772 -1607.53 -1334.12 -1427.09 -1272.02 
31.9217 27.8336 33.9397 31.3504 27.5852 33.0603 1172.62 -992.636 -1783.22 322.218 -1468.52 -1096.34 
25.1809 9.9055 33.9125 25.1842 9.21206 33.0875 606.554 -1342.2 -1519.24 -558.897 -1536.96 -1360.32 
15.2721 15.9608 32.9688 15.1651 15.8139 34.0312 1914.31 599.983 -1375.96 730.493 538.812 -1503.6 
8.91078 14.2538 34.0384 8.90508 14.3008 32.9616 1163.94 -1668.6 -1463.45 530.374 -659.735 -1416.11 
14.1074 16.3302 33.0985 14.3062 15.6393 33.9015 1792.48 -289.225 -1800.29 1086.52 345.755 -1079.27 
10.0645 22.2473 33.0168 10.531 22.1476 33.9832 49.0263 1031.98 -1675.55 -773.396 1754.98 -1204.01 
6.35223 3.9068 33.9528 6.04188 4.40193 33.0472 54.0846 -1282.06 -1236.82 1174.39 -1322.3 -1642.73 
5.31794 4.35833 33.702 5.71528 5.27512 33.298 655.908 -1672.27 -1905.77 217.66 -1071.59 -973.79 
10.4378 33.2194 33.9719 10.3852 33.7373 33.0281 1041.98 692.779 -1716.91 618.607 1659.73 -1162.64 
31.4992 2.18772 32.9611 31.4996 2.187 34.0389 1457.96 366.749 -1440.22 830.768 1380.69 -1439.33 
13.0828 31.1736 33.2801 12.7692 32.1063 33.7199 -1119.33 322.019 -917.947 -1589.01 656.113 -1961.61 
27.2566 25.8057 33.8559 26.7428 25.1805 33.1441 -266.129 1187.65 -996.106 351.174 1690.65 -1883.45 
19.8349 29.239 32.9613 19.8336 29.2688 34.0387 -35.6082 846.913 -1423.44 -259.664 2017.46 -1456.11 
29.4619 8.5978 33.2761 28.7245 7.95184 33.7239 -497.545 -1448.84 -1957.83 90.454 -1401.8 -921.728 
14.4784 2.28389 32.9631 14.5641 2.32028 34.0369 89.7317 887.287 -1440.73 -396.49 1975.88 -1438.83 
32.3619 16.2715 33.8298 31.7857 15.6434 33.1702 777.272 -645.654 -1778.39 1034.36 -1592.61 -1101.16 
18.9157 2.82998 33.0247 19.3984 2.98878 33.9753 1262.94 -1065.96 -1720.76 258.976 -1378.54 -1158.79 
25.9111 11.0044 34 25.6679 10.6845 33 -1156.7 161.559 -1278.83 -1326.16 1296.95 -1600.73 
14.5754 25.9448 34.0299 14.4501 26.0958 32.9701 -1713.62 795.896 -1384.56 -542.952 992.887 -1494.99 
15.8683 21.3345 32.9618 15.8957 21.2877 34.0382 1357.07 -676.034 -1463.41 1517.37 504.446 -1416.15 
13.7919 25.9571 32.9758 14.0322 26.0263 34.0242 -1428.5 -653.781 -1364.68 -546.472 -1441.77 -1514.88 
25.7678 34.0856 34.0057 25.4126 33.9738 32.9943 -962.029 1606.38 -1524.15 -1072.57 431.323 -1355.4 
8.62786 1.36376 32.9856 8.30858 1.32716 34.0144 -407.349 -1194.79 -1271.2 -1522.69 -942.211 -1608.36 
5.4652 28.8174 33.8803 5.89314 28.1848 33.1197 821.924 -1225.96 -1288.42 -268.91 -1599.99 -1591.14 
32.6255 26.7847 33.3408 31.87 27.4844 33.6592 1602.95 -34.083 -872.407 1275.07 128.116 -2007.15 
19.0877 33.5662 33.103 18.783 34.2284 33.897 -661.797 1702.95 -1821.63 33.3989 1107.2 -1057.93 
14.0825 17.5499 33.0419 13.5353 17.7006 33.9581 -1438.31 1336.78 -1723.95 -688.277 604.732 -1155.61 
6.84292 20.1802 33.0759 7.00685 19.5357 33.9241 -1459.88 1010.45 -1072.17 -1192.42 110.789 -1807.39 
14.8726 26.5749 33.1905 15.7468 26.4559 33.8095 811.584 -1192.29 -1894.97 120.813 -1532.13 -984.584 
33.2537 25.575 32.9611 33.2543 25.5883 34.0389 -709.873 688.572 -1432.43 -600.26 1875.68 -1447.13 
31.0962 24.1682 33.9219 31.5363 24.6741 33.0781 -1569.17 -867.198 -1801.11 -1175.24 -4.61967 -1078.45 
29.0237 5.97267 32.9611 29.0268 5.9743 34.0389 573.789 622.966 -1437.88 1493.85 1381.2 -1441.67 
14.509 31.194 33.8569 13.7409 30.9446 33.1431 536.328 922.503 -1000.61 1207.75 1368.79 -1878.95 
24.8699 6.41825 34.0383 24.8946 6.37472 32.9617 -186.202 2015.11 -1462.76 -275.892 827.128 -1416.79 
18.9884 32.5701 33.994 18.8808 32.9874 33.006 -978.184 -179.163 -1266.99 -1575.54 -1151.37 -1612.57 
26.9816 10.471 33.053 27.286 9.95171 33.947 -385.067 867.358 -1748.53 -464.002 1884.17 -1131.02 
21.015 7.03124 32.9621 20.9512 7.03119 34.0379 4.80386 954.434 -1415.04 -829.789 1804.41 -1464.52 
17.6175 11.6502 34.0388 17.5985 11.6415 32.9612 1901.2 -253.694 -1445 968.715 489.154 -1434.55 
16.0405 18.651 33.9959 16.0199 19.0725 33.0041 -1006.06 -709.75 -1220.85 -543.243 -1717.49 -1658.7 
