i = 0 8.1669 7.31727 33.0898 8.59414 6.76393 33.9102 849.909 500.794 -2149.89 270.451 1199.42 -1376.83 
i = 201 20.9356 3.60353 33.1606 20.3132 4.1635 33.8394 -870.169 -940.649 -984.006 -1560.57 -603.166 -1895.55 
i = 134 26.5772 5.77793 34.0377 26.5725 5.8487 32.9623 854.258 -122.077 -1725.54 614.988 -1287.62 -1801.19 
i = 67 29.0243 11.6343 33.9026 28.7854 12.3097 33.0974 -77.6767 1183.43 -1437.29 805.37 718.251 -2089.43 
i = 268 10.1833 20.2755 33.8514 9.36622 20.2731 33.1486 995.859 -425.754 -988.341 1772.31 -367.403 -1891.22 
i = 402 8.06577 5.63921 34.0003 8.45847 5.56055 32.9997 316.168 -481.863 -1344.63 -573.967 -1219.58 -1635.99 
i = 668 16.0172 28.1727 32.9794 15.9753 27.8976 34.0206 -260.746 -914.844 -1279.51 -805.957 115.489 -1029.27 
i = 335 18.4113 14.4584 34.0329 18.4283 14.2991 32.9671 50.6915 1987.16 -1519.58 -352.462 876.545 -1359.98 
i = 602 12.6401 12.8111 33.1532 11.8698 12.516 33.8468 777.141 613.526 -700.516 20.7797 454.251 -1608.27 
i = 469 7.03423 10.2112 33.8314 7.8228 10.5281 33.1686 77.4224 545.218 -1953.44 671.484 1004.14 -1027.19 
i = 734 30.0163 25.1878 33.8289 29.5361 24.4819 33.1711 568.886 -158.031 -1621.76 304.233 -849.187 -687.025 
i = 1 22.9163 8.14654 32.9654 22.9234 8.01098 34.0346 874.633 922.103 -1688.6 1046.75 -248.146 -1838.12 
i = 536 18.1999 3.91215 34.0196 18.479 3.84915 32.9804 -927.932 -743.695 -1646.86 219.62 -824.637 -1333.76 
i = 135 24.9918 1.83497 34.0275 24.8509 1.66523 32.9725 349.01 398.017 -1685.55 1530.98 384.015 -1841.17 
i = 202 9.07015 27.8981 32.9859 8.86613 27.6475 34.0141 635.872 629.453 -1596.38 1710.67 1039.56 -1283.18 
i = 68 2.29022 18.6288 34.009 2.55903 18.859 32.991 -1023.83 475.4 -1959.06 -151.309 1187.42 -1567.66 
i = 403 13.7857 19.1497 32.9848 13.9717 18.8944 34.0152 -295.934 -104.318 -1626.21 -1423.63 171.164 -1354.42 
i = 669 1.92652 1.2572 33.9887 2.15554 1.6497 33.0113 -862.14 617.584 -1285.37 300.678 591.376 -1023.41 
i = 336 13.6151 9.10906 33.0928 12.9868 9.43112 33.9072 -999.101 -361.918 -1051.12 -1849.91 -56.3576 -1828.43 
i = 603 29.064 4.56335 32.9826 28.8352 4.75939 34.0174 -508.494 -312.888 -1320.86 395.519 -1015.29 -987.922 
i = 2 24.0176 32.7862 34.0359 24.0792 32.8813 32.9641 -38.6432 1611.46 -1711.39 -15.1471 423.983 -1815.33 
i = 136 34.1072 30.2723 32.9705 34.1285 30.4715 34.0295 -518.621 984.688 -1745.66 671.539 1045.72 -1781.06 
i = 470 27.7663 22.9684 33.9843 27.4185 23.2887 33.0157 969.434 -999.161 -1751.68 152.687 -305.53 -1228.94 
i = 735 25.3703 28.8816 32.9674 25.4958 28.9876 34.0326 583.037 -99.3186 -1240.47 -24.1407 -1110.83 -1068.31 
i = 269 6.69882 4.83689 34.0042 6.59589 5.20339 32.9958 -1888.2 315.889 -1266.11 -990.463 -387.586 -1613.45 
i = 69 14.4271 10.4987 32.962 14.4836 10.4704 34.038 -28.7423 487.456 -1756.95 690.687 1438.1 -1769.77 
i = 203 24.7278 23.4892 34.0337 24.6704 23.6265 32.9663 -327.405 -1119.02 -1473.5 -1517.44 -1091.95 -1406.06 
i = 3 18.6104 2.29497 34.022 18.6158 2.02728 32.978 -187.226 -825.517 -1795.08 982.161 -1049.05 -1731.64 
i = 404 23.114 9.13744 33.0876 23.6868 8.7461 33.9124 -674.405 -132.317 -1799.26 -882.259 865.916 -1181.37 
i = 604 26.4587 22.9699 34.0287 26.6607 22.9174 32.9713 92.2646 -234.996 -1255.63 1229.3 60.9843 -1053.15 
i = 670 28.9205 30.8696 33.1385 29.692 31.0789 33.8615 296.706 673.004 -931.569 955.246 -215.357 -1377.21 
i = 337 24.9149 31.442 34.0294 24.7822 31.291 32.9706 553.757 694.52 -1341.96 807.668 1842.87 -1537.6 
i = 137 4.79681 10.1367 34.0384 4.83685 10.1103 32.9616 -1058.24 1202.09 -1787.53 -424.54 193.357 -1739.2 
i = 70 34.0497 25.7369 33.0826 33.4144 25.49 33.9174 530.287 167.8 -2140.16 1404.78 465.795 -1386.56 
i = 736 4.35657 24.2792 34.0347 4.28108 24.168 32.9653 -717.826 -870.283 -1085.7 -482.402 290.389 -1223.09 
i = 204 28.9817 9.92889 33.016 29.4149 9.73707 33.984 851.127 926.466 -1678.57 157.71 1770.59 -1200.98 
i = 4 21.2424 23.4205 33.9964 21.6225 23.5984 33.0036 -121.839 936.74 -1973.85 993.123 903.583 -1552.87 
i = 270 8.31591 6.91501 33.0411 8.12209 6.38441 33.9589 1224.46 -1299.36 -1322.03 55.8675 -1279.9 -1557.53 
i = 471 28.2017 16.5582 32.9638 28.1636 16.4578 34.0362 -187.829 238.2 -1485.19 -1334.7 563.854 -1495.44 
i = 405 33.4844 9.46212 33.0384 34.0349 9.38194 33.9616 161.271 -411.393 -1185.38 1139.71 -715.031 -1795.24 
i = 71 25.706 21.397 34.0387 25.7216 21.4172 32.9613 271.23 -770.462 -1775.1 1401.22 -390.937 -1751.62 
i = 671 10.8646 29.089 32.9616 10.9 29.058 34.0384 1042.27 198.892 -1155.81 210.233 -655.016 -1152.97 
i = 605 23.9258 9.3643 32.9797 23.9075 9.64445 34.0203 -845.901 855.369 -1296.19 -292.454 -161.847 -1012.59 
i = 138 10.5252 23.0784 34.0384 10.4926 23.0457 32.9616 119.731 1083.6 -1785.83 -1021.62 741.914 -1740.89 
i = 338 16.3266 17.5629 33.9971 16.4035 17.9717 33.0029 -1125.79 212.099 -1656.91 -1321.69 1305.03 -1222.65 
i = 5 22.1529 5.50963 33.0795 21.9356 6.14772 33.9205 769.083 204.651 -2132.44 1225.77 -612.683 -1394.29 
i = 737 23.2383 12.9865 33.0869 23.9147 12.8395 33.9131 -970.296 511.989 -827.196 -338.389 -258.679 -1481.59 
i = 472 28.0232 28.4376 34.0389 28.0155 28.4396 32.9611 -166.943 -261.554 -1488.76 -39.1182 -1446.93 -1491.87 
i = 537 1.81793 14.7663 34.0367 1.89713 14.8244 32.9633 -794.526 -1128.52 -1544.52 205.433 -488.373 -1436.11 
i = 205 16.9805 10.4976 34.0263 17.2109 10.5233 32.9737 178.221 848.377 -1433.86 -7.03597 2026.09 -1445.69 
i = 271 22.0811 2.04967 33.0218 21.7071 2.37703 33.9782 7.20706 -879.358 -1642.27 62.4377 -1999.36 -1237.29 
i = 406 22.6646 6.46898 32.9644 22.559 6.4127 34.0356 -449.621 -258.616 -1479.94 -59.7589 -1385.13 -1500.68 
i = 72 16.5818 33.9732 33.8132 15.784 33.6089 33.1868 1332.86 130.829 -2248.5 703.113 -158.056 -1278.23 
i = 139 20.1649 5.83339 34.0072 20.2787 5.4873 32.9928 -388.945 1398.29 -1930.92 -726.626 305.068 -1595.81 
i = 672 18.2396 17.2203 34.032 18.3251 17.3697 32.968 -32.1795 1147.25 -1102.58 517.361 94.2899 -1206.2 
i = 339 31.5981 26.1714 32.9612 31.5853 26.188 34.0388 -771.158 383.762 -1431.48 -1950.82 555.748 -1448.08 
i = 6 28.6354 28.7 33.0042 28.9161 29.0155 33.9958 -433.78 -143.118 -1962.9 -1519.64 -431.406 -1563.82 
i = 606 24.8 22.5428 34.0312 24.9742 22.4938 32.9688 1138.91 -457.396 -1054.93 -21.4963 -269.386 -1253.85 
i = 738 2.67371 21.6445 32.965 2.74503 21.5363 34.035 470.408 72.4552 -1224.77 19.6112 1167.18 -1084.02 
i = 206 25.249 16.9253 33.9532 25.8012 17.1127 33.0468 1707.86 843.799 -1151.07 1028.81 52.0013 -1728.48 
i = 73 22.6774 25.9061 33.8593 23.1909 26.5238 33.1407 -317.266 1297.58 -1331.7 -593.986 523.279 -2195.03 
i = 538 11.1839 15.4423 33.0289 10.7658 15.1278 33.9711 -536.186 244.997 -1211.68 -1144.22 -615.942 -1768.94 
i = 140 26.1021 4.92008 34.0133 25.8196 5.08786 32.9867 -107.571 452.701 -1931.03 -773.87 1382.78 -1595.69 
i = 272 19.7902 10.4566 33.0502 19.9121 11.0375 33.9498 -849.502 922.768 -1133.47 -238.757 1743.23 -1746.08 
i = 7 14.4621 11.5721 33.673 14.5018 12.5921 33.327 -880.866 255.937 -1211.81 -1149.89 -107.712 -2314.92 
i = 407 14.7946 28.1018 32.992 14.914 27.7626 34.008 -647.564 182.49 -1319.41 -901.978 -931.018 -1661.22 
i = 607 25.1759 1.78544 32.9626 25.0964 1.79141 34.0374 1194.32 369.026 -1116.04 118.779 -139.685 -1192.74 
i = 340 27.6384 25.2366 32.9786 27.7849 25.4658 34.0214 -874.017 1133.63 -1309.27 164.815 1657.23 -1570.29 
i = 673 10.5405 1.76535 33.3791 10.2645 2.77875 33.6209 445.593 -176.128 -1719.98 776.638 -355.827 -588.799 
i = 74 22.5621 13.5973 32.9893 22.718 13.2909 34.0107 1418.04 587.019 -1698.86 592.188 -263.147 -1827.86 
i = 539 32.5956 3.91933 33.9651 32.4947 4.45415 33.0349 223.933 1337.9 -1191.28 278.604 307.95 -1789.34 
i = 141 18.1213 4.18759 33.9781 17.8372 3.77932 33.0219 -1249.27 843.999 -1627.4 -99.9551 680.962 -1899.33 
i = 207 18.7884 1.84474 34.0189 18.5063 1.77496 32.9811 1677.6 -256.122 -1577.6 869.08 -1087.85 -1301.96 
i = 739 13.5234 10.9803 34.0283 13.3579 10.8465 32.9717 -299.339 100.695 -1254.13 -671.243 -1014.37 -1054.66 
i = 8 24.1878 32.8583 34.0038 24.5528 32.9723 32.9962 -491.857 1329.49 -1904.95 484.534 706.65 -1621.77 
