0.0000e+00 5.7593e-01 -0.0000e+00 0.0000e+00 3.3741e+00 3.3741e+00 -5.2802e+07
1.0000e-06 5.7593e-01 -5.2802e+01 6.4961e-03 3.3741e+00 3.3806e+00 -5.2700e+07
2.0000e-06 5.7587e-01 -1.0550e+02 2.5935e-02 3.3611e+00 3.3870e+00 -5.2497e+07
3.0000e-06 5.7577e-01 -1.5800e+02 5.8166e-02 3.3352e+00 3.3934e+00 -5.2193e+07
4.0000e-06 5.7561e-01 -2.1019e+02 1.0294e-01 3.2967e+00 3.3996e+00 -5.1788e+07
5.0000e-06 5.7540e-01 -2.6198e+02 1.5992e-01 3.2458e+00 3.4057e+00 -5.1284e+07
6.0000e-06 5.7514e-01 -3.1326e+02 2.2865e-01 3.1828e+00 3.4115e+00 -5.0681e+07
7.0000e-06 5.7482e-01 -3.6395e+02 3.0862e-01 3.1084e+00 3.4170e+00 -4.9980e+07
8.0000e-06 5.7446e-01 -4.1393e+02 3.9921e-01 3.0231e+00 3.4223e+00 -4.9183e+07
9.0000e-06 5.7405e-01 -4.6311e+02 4.9971e-01 2.9274e+00 3.4271e+00 -4.8291e+07
1.0000e-05 5.7358e-01 -5.1140e+02 6.0936e-01 2.8222e+00 3.4316e+00 -4.7307e+07
1.1000e-05 5.7307e-01 -5.5871e+02 7.2732e-01 2.7083e+00 3.4356e+00 -4.6231e+07
1.2000e-05 5.7251e-01 -6.0494e+02 8.5266e-01 2.5866e+00 3.4392e+00 -4.5066e+07
1.3000e-05 5.7191e-01 -6.5000e+02 9.8444e-01 2.4579e+00 3.4423e+00 -4.3815e+07
1.4000e-05 5.7126e-01 -6.9382e+02 1.1216e+00 2.3233e+00 3.4449e+00 -4.2479e+07
1.5000e-05 5.7056e-01 -7.3630e+02 1.2632e+00 2.1838e+00 3.4469e+00 -4.1062e+07
1.6000e-05 5.6983e-01 -7.7736e+02 1.4080e+00 2.0404e+00 3.4484e+00 -3.9565e+07
1.7000e-05 5.6905e-01 -8.1692e+02 1.5550e+00 1.8944e+00 3.4494e+00 -3.7992e+07
1.8000e-05 5.6823e-01 -8.5492e+02 1.7030e+00 1.7468e+00 3.4497e+00 -3.6346e+07
1.9000e-05 5.6738e-01 -8.9126e+02 1.8508e+00 1.5987e+00 3.4495e+00 -3.4630e+07
2.0000e-05 5.6649e-01 -9.2589e+02 1.9975e+00 1.4513e+00 3.4488e+00 -3.2847e+07
2.1000e-05 5.6556e-01 -9.5874e+02 2.1417e+00 1.3057e+00 3.4474e+00 -3.1002e+07
2.2000e-05 5.6460e-01 -9.8974e+02 2.2824e+00 1.1631e+00 3.4456e+00 -2.9096e+07
2.3000e-05 5.6361e-01 -1.0188e+03 2.4186e+00 1.0245e+00 3.4431e+00 -2.7134e+07
2.4000e-05 5.6259e-01 -1.0460e+03 2.5492e+00 8.9103e-01 3.4402e+00 -2.5121e+07
2.5000e-05 5.6155e-01 -1.0711e+03 2.6731e+00 7.6368e-01 3.4368e+00 -2.3058e+07
2.6000e-05 5.6048e-01 -1.0942e+03 2.7894e+00 6.4344e-01 3.4328e+00 -2.0952e+07
2.7000e-05 5.5938e-01 -1.1151e+03 2.8973e+00 5.3124e-01 3.4285e+00 -1.8805e+07
2.8000e-05 5.5827e-01 -1.1339e+03 2.9958e+00 4.2795e-01 3.4237e+00 -1.6622e+07
2.9000e-05 5.5713e-01 -1.1505e+03 3.0843e+00 3.3435e-01 3.4186e+00 -1.4407e+07
3.0000e-05 5.5598e-01 -1.1649e+03 3.1620e+00 2.5117e-01 3.4132e+00 -1.2164e+07
3.1000e-05 5.5482e-01 -1.1771e+03 3.2284e+00 1.7905e-01 3.4074e+00 -9.8974e+06
3.2000e-05 5.5364e-01 -1.1870e+03 3.2829e+00 1.1855e-01 3.4014e+00 -7.6120e+06
3.3000e-05 5.5245e-01 -1.1946e+03 3.3251e+00 7.0122e-02 3.3952e+00 -5.3120e+06
3.4000e-05 5.5126e-01 -1.1999e+03 3.3548e+00 3.4149e-02 3.3889e+00 -3.0018e+06
3.5000e-05 5.5006e-01 -1.2029e+03 3.3716e+00 1.0905e-02 3.3825e+00 -6.8578e+05
3.6000e-05 5.4886e-01 -1.2036e+03 3.3754e+00 5.6914e-04 3.3760e+00 1.6316e+06
3.7000e-05 5.4765e-01 -1.2020e+03 3.3663e+00 3.2215e-03 3.3695e+00 3.9458e+06
3.8000e-05 5.4645e-01 -1.1980e+03 3.3442e+00 1.8841e-02 3.3630e+00 6.2523e+06
3.9000e-05 5.4525e-01 -1.1918e+03 3.3094e+00 4.7308e-02 3.3567e+00 8.5469e+06
4.0000e-05 5.4406e-01 -1.1832e+03 3.2621e+00 8.8404e-02 3.3505e+00 1.0825e+07
4.1000e-05 5.4288e-01 -1.1724e+03 3.2027e+00 1.4181e-01 3.3445e+00 1.3082e+07
4.2000e-05 5.4171e-01 -1.1593e+03 3.1316e+00 2.0712e-01 3.3387e+00 1.5314e+07
4.3000e-05 5.4055e-01 -1.1440e+03 3.0494e+00 2.8382e-01 3.3332e+00 1.7517e+07
4.4000e-05 5.3940e-01 -1.1265e+03 2.9567e+00 3.7134e-01 3.3281e+00 1.9686e+07
4.5000e-05 5.3828e-01 -1.1068e+03 2.8543e+00 4.6898e-01 3.3233e+00 2.1817e+07
4.6000e-05 5.3717e-01 -1.0850e+03 2.7429e+00 5.7601e-01 3.3189e+00 2.3906e+07
4.7000e-05 5.3608e-01 -1.0611e+03 2.6234e+00 6.9160e-01 3.3150e+00 2.5949e+07
4.8000e-05 5.3502e-01 -1.0351e+03 2.4966e+00 8.1486e-01 3.3115e+00 2.7942e+07
4.9000e-05 5.3399e-01 -1.0072e+03 2.3637e+00 9.4483e-01 3.3085e+00 2.9881e+07
5.0000e-05 5.3298e-01 -9.7731e+02 2.2255e+00 1.0805e+00 3.3060e+00 3.1762e+07
5.1000e-05 5.3200e-01 -9.4555e+02 2.0832e+00 1.2209e+00 3.3041e+00 3.3583e+07
5.2000e-05 5.3106e-01 -9.1197e+02 1.9378e+00 1.3649e+00 3.3027e+00 3.5339e+07
5.3000e-05 5.3015e-01 -8.7663e+02 1.7906e+00 1.5113e+00 3.3019e+00 3.7027e+07
5.4000e-05 5.2927e-01 -8.3960e+02 1.6425e+00 1.6591e+00 3.3016e+00 3.8643e+07
5.5000e-05 5.2843e-01 -8.0096e+02 1.4948e+00 1.8072e+00 3.3019e+00 4.0185e+07
5.6000e-05 5.2763e-01 -7.6078e+02 1.3486e+00 1.9543e+00 3.3028e+00 4.1650e+07
5.7000e-05 5.2687e-01 -7.1913e+02 1.2049e+00 2.0993e+00 3.3043e+00 4.3034e+07
5.8000e-05 5.2615e-01 -6.7609e+02 1.0650e+00 2.2412e+00 3.3063e+00 4.4336e+07
5.9000e-05 5.2547e-01 -6.3176e+02 9.2994e-01 2.3789e+00 3.3088e+00 4.5552e+07
6.0000e-05 5.2484e-01 -5.8620e+02 8.0067e-01 2.5112e+00 3.3118e+00 4.6681e+07
6.1000e-05 5.2425e-01 -5.3952e+02 6.7822e-01 2.6372e+00 3.3154e+00 4.7720e+07
6.2000e-05 5.2371e-01 -4.9180e+02 5.6355e-01 2.7558e+00 3.3194e+00 4.8667e+07
6.3000e-05 5.2322e-01 -4.4313e+02 4.5754e-01 2.8663e+00 3.3238e+00 4.9520e+07
6.4000e-05 5.2278e-01 -3.9361e+02 3.6099e-01 2.9676e+00 3.3286e+00 5.0278e+07
6.5000e-05 5.2239e-01 -3.4334e+02 2.7466e-01 3.0592e+00 3.3338e+00 5.0939e+07
6.6000e-05 5.2204e-01 -2.9240e+02 1.9921e-01 3.1401e+00 3.3394e+00 5.1502e+07
6.7000e-05 5.2175e-01 -2.4090e+02 1.3521e-01 3.2099e+00 3.3452e+00 5.1966e+07
6.8000e-05 5.2151e-01 -1.8893e+02 8.3169e-02 3.2680e+00 3.3512e+00 5.2329e+07
6.9000e-05 5.2132e-01 -1.3660e+02 4.3478e-02 3.3139e+00 3.3574e+00 5.2592e+07
7.0000e-05 5.2118e-01 -8.4009e+01 1.6444e-02 3.3473e+00 3.3638e+00 5.2754e+07
7.1000e-05 5.2110e-01 -3.1255e+01 2.2762e-03 3.3679e+00 3.3702e+00 5.2814e+07
7.2000e-05 5.2107e-01 2.1559e+01 1.0830e-03 3.3756e+00 3.3767e+00 5.2773e+07
7.3000e-05 5.2109e-01 7.4332e+01 1.2874e-02 3.3703e+00 3.3832e+00 5.2630e+07
7.4000e-05 5.2116e-01 1.2696e+02 3.7558e-02 3.3521e+00 3.3896e+00 5.2385e+07
7.5000e-05 5.2129e-01 1.7935e+02 7.4945e-02 3.3210e+00 3.3959e+00 5.2040e+07
7.6000e-05 5.2147e-01 2.3139e+02 1.2475e-01 3.2774e+00 3.4021e+00 5.1594e+07
7.7000e-05 5.2170e-01 2.8298e+02 1.8658e-01 3.2215e+00 3.4081e+00 5.1050e+07
7.8000e-05 5.2199e-01 3.3403e+02 2.5997e-01 3.1538e+00 3.4138e+00 5.0406e+07
7.9000e-05 5.2232e-01 3.8444e+02 3.4435e-01 3.0749e+00 3.4192e+00 4.9666e+07
8.0000e-05 5.2270e-01 4.3410e+02 4.3908e-01 2.9852e+00 3.4243e+00 4.8830e+07
8.1000e-05 5.2314e-01 4.8293e+02 5.4341e-01 2.8856e+00 3.4290e+00 4.7901e+07
8.2000e-05 5.2362e-01 5.3083e+02 6.5656e-01 2.7767e+00 3.4333e+00 4.6879e+07
8.3000e-05 5.2415e-01 5.7771e+02 7.7764e-01 2.6595e+00 3.4372e+00 4.5766e+07
8.4000e-05 5.2473e-01 6.2348e+02 9.0573e-01 2.5348e+00 3.4405e+00 4.4566e+07
8.5000e-05 5.2535e-01 6.6805e+02 1.0398e+00 2.4036e+00 3.4434e+00 4.3280e+07
8.6000e-05 5.2602e-01 7.1132e+02 1.1789e+00 2.2668e+00 3.4458e+00 4.1910e+07
8.7000e-05 5.2673e-01 7.5324e+02 1.3220e+00 2.1257e+00 3.4476e+00 4.0460e+07
8.8000e-05 5.2749e-01 7.9370e+02 1.4678e+00 1.9811e+00 3.4489e+00 3.8932e+07
8.9000e-05 5.2828e-01 8.3263e+02 1.6153e+00 1.8343e+00 3.4496e+00 3.7329e+07
9.0000e-05 5.2911e-01 8.6996e+02 1.7634e+00 1.6863e+00 3.4497e+00 3.5654e+07
9.1000e-05 5.2998e-01 9.0561e+02 1.9109e+00 1.5384e+00 3.4493e+00 3.3910e+07
9.2000e-05 5.3089e-01 9.3952e+02 2.0567e+00 1.3916e+00 3.4483e+00 3.2101e+07
9.3000e-05 5.3183e-01 9.7162e+02 2.1996e+00 1.2471e+00 3.4467e+00 3.0231e+07
9.4000e-05 5.3280e-01 1.0019e+03 2.3386e+00 1.1060e+00 3.4446e+00 2.8302e+07
9.5000e-05 5.3380e-01 1.0302e+03 2.4726e+00 9.6935e-01 3.4420e+00 2.6318e+07
9.6000e-05 5.3483e-01 1.0565e+03 2.6006e+00 8.3825e-01 3.4388e+00 2.4284e+07
9.7000e-05 5.3589e-01 1.0808e+03 2.7215e+00 7.1369e-01 3.4352e+00 2.2204e+07
9.8000e-05 5.3697e-01 1.1030e+03 2.8345e+00 5.9662e-01 3.4311e+00 2.0080e+07
9.9000e-05 5.3807e-01 1.1230e+03 2.9386e+00 4.8796e-01 3.4266e+00 1.7918e+07
1.0000e-04 5.3919e-01 1.1410e+03 3.0332e+00 3.8853e-01 3.4217e+00 1.5721e+07
1.0100e-04 5.4033e-01 1.1567e+03 3.1173e+00 2.9910e-01 3.4164e+00 1.3494e+07
1.0200e-04 5.4149e-01 1.1702e+03 3.1905e+00 2.2037e-01 3.4108e+00 1.1241e+07
1.0300e-04 5.4266e-01 1.1814e+03 3.2521e+00 1.5292e-01 3.4050e+00 8.9666e+06
1.0400e-04 5.4384e-01 1.1904e+03 3.3016e+00 9.7299e-02 3.3989e+00 6.6747e+06
1.0500e-04 5.4503e-01 1.1971e+03 3.3388e+00 5.3916e-02 3.3927e+00 4.3700e+06
1.0600e-04 5.4623e-01 1.2014e+03 3.3632e+00 2.3111e-02 3.3863e+00 2.0569e+06
1.0700e-04 5.4743e-01 1.2035e+03 3.3747e+00 5.1199e-03 3.3798e+00 -2.6023e+05
1.0800e-04 5.4864e-01 1.2032e+03 3.3732e+00 8.1951e-05 3.3733e+00 -2.5768e+06
1.0900e-04 5.4984e-01 1.2006e+03 3.3588e+00 8.0356e-03 3.3668e+00 -4.8884e+06
1.1000e-04 5.5104e-01 1.1958e+03 3.3315e+00 2.8920e-02 3.3604e+00 -7.1907e+06
1.1100e-04 5.5223e-01 1.1886e+03 3.2916e+00 6.2574e-02 3.3541e+00 -9.4790e+06
1.1200e-04 5.5342e-01 1.1791e+03 3.2393e+00 1.0874e-01 3.3480e+00 -1.1749e+07
1.1300e-04 5.5460e-01 1.1673e+03 3.1750e+00 1.6706e-01 3.3421e+00 -1.3997e+07
1.1400e-04 5.5577e-01 1.1533e+03 3.0994e+00 2.3708e-01 3.3364e+00 -1.6217e+07
1.1500e-04 5.5692e-01 1.1371e+03 3.0128e+00 3.1828e-01 3.3311e+00 -1.8407e+07
1.1600e-04 5.5806e-01 1.1187e+03 2.9161e+00 4.1001e-01 3.3261e+00 -2.0560e+07
1.1700e-04 5.5918e-01 1.0982e+03 2.8099e+00 5.1158e-01 3.3214e+00 -2.2675e+07
1.1800e-04 5.6028e-01 1.0755e+03 2.6950e+00 6.2221e-01 3.3172e+00 -2.4745e+07
1.1900e-04 5.6135e-01 1.0507e+03 2.5724e+00 7.4104e-01 3.3135e+00 -2.6768e+07
1.2000e-04 5.6240e-01 1.0240e+03 2.4430e+00 8.6716e-01 3.3102e+00 -2.8740e+07
1.2100e-04 5.6343e-01 9.9523e+02 2.3078e+00 9.9959e-01 3.3074e+00 -3.0656e+07
1.2200e-04 5.6442e-01 9.6457e+02 2.1678e+00 1.1373e+00 3.3052e+00 -3.2513e+07
1.2300e-04 5.6539e-01 9.3206e+02 2.0242e+00 1.2793e+00 3.3034e+00 -3.4308e+07
1.2400e-04 5.6632e-01 8.9775e+02 1.8779e+00 1.4244e+00 3.3023e+00 -3.6036e+07
1.2500e-04 5.6722e-01 8.6172e+02 1.7302e+00 1.5716e+00 3.3017e+00 -3.7695e+07
1.2600e-04 5.6808e-01 8.2402e+02 1.5821e+00 1.7196e+00 3.3017e+00 -3.9282e+07
1.2700e-04 5.6890e-01 7.8474e+02 1.4349e+00 1.8674e+00 3.3022e+00 -4.0793e+07
1.2800e-04 5.6969e-01 7.4395e+02 1.2896e+00 2.0138e+00 3.3033e+00 -4.2225e+07
1.2900e-04 5.7043e-01 7.0172e+02 1.1473e+00 2.1577e+00 3.3050e+00 -4.3576e+07
1.3000e-04 5.7113e-01 6.5815e+02 1.0093e+00 2.2980e+00 3.3072e+00 -4.4843e+07
1.3100e-04 5.7179e-01 6.1330e+02 8.7641e-01 2.4336e+00 3.3100e+00 -4.6024e+07
1.3200e-04 5.7240e-01 5.6728e+02 7.4981e-01 2.5634e+00 3.3132e+00 -4.7116e+07
1.3300e-04 5.7297e-01 5.2016e+02 6.3043e-01 2.6865e+00 3.3170e+00 -4.8118e+07
1.3400e-04 5.7349e-01 4.7205e+02 5.1919e-01 2.8019e+00 3.3211e+00 -4.9026e+07
1.3500e-04 5.7396e-01 4.2302e+02 4.1694e-01 2.9088e+00 3.3257e+00 -4.9841e+07
1.3600e-04 5.7439e-01 3.7318e+02 3.2448e-01 3.0062e+00 3.3307e+00 -5.0559e+07
1.3700e-04 5.7476e-01 3.2262e+02 2.4251e-01 3.0935e+00 3.3361e+00 -5.1181e+07
1.3800e-04 5.7508e-01 2.7144e+02 1.7167e-01 3.1700e+00 3.3417e+00 -5.1703e+07
1.3900e-04 5.7535e-01 2.1974e+02 1.1250e-01 3.2351e+00 3.3476e+00 -5.2126e+07
1.4000e-04 5.7557e-01 1.6761e+02 6.5456e-02 3.2882e+00 3.3537e+00 -5.2449e+07
1.4100e-04 5.7574e-01 1.1516e+02 3.0900e-02 3.3291e+00 3.3600e+00 -5.2671e+07
1.4200e-04 5.7586e-01 6.2490e+01 9.0985e-03 3.3573e+00 3.3664e+00 -5.2791e+07
1.4300e-04 5.7592e-01 9.6987e+00 2.1917e-04 3.3726e+00 3.3729e+00 -5.2810e+07
1.4400e-04 5.7593e-01 -4.3111e+01 4.3304e-03 3.3750e+00 3.3794e+00 -5.2727e+07
1.4500e-04 5.7589e-01 -9.5837e+01 2.1401e-02 3.3644e+00 3.3858e+00 -5.2542e+07
1.4600e-04 5.7579e-01 -1.4838e+02 5.1298e-02 3.3409e+00 3.3922e+00 -5.2256e+07
1.4700e-04 5.7564e-01 -2.0064e+02 9.3794e-02 3.3047e+00 3.3985e+00 -5.1870e+07
1.4800e-04 5.7544e-01 -2.5251e+02 1.4856e-01 3.2560e+00 3.4046e+00 -5.1384e+07
1.4900e-04 5.7519e-01 -3.0389e+02 2.1517e-01 3.1953e+00 3.4104e+00 -5.0799e+07
1.5000e-04 5.7488e-01 -3.5469e+02 2.9312e-01 3.1229e+00 3.4160e+00 -5.0116e+07
1.5100e-04 5.7453e-01 -4.0480e+02 3.8181e-01 3.0395e+00 3.4213e+00 -4.9337e+07
1.5200e-04 5.7413e-01 -4.5414e+02 4.8055e-01 2.9457e+00 3.4263e+00 -4.8462e+07
1.5300e-04 5.7367e-01 -5.0260e+02 5.8858e-01 2.8422e+00 3.4308e+00 -4.7495e+07
1.5400e-04 5.7317e-01 -5.5010e+02 7.0508e-01 2.7299e+00 3.4349e+00 -4.6435e+07
1.5500e-04 5.7262e-01 -5.9653e+02 8.2914e-01 2.6095e+00 3.4386e+00 -4.5287e+07
1.5600e-04 5.7202e-01 -6.4182e+02 9.5980e-01 2.4820e+00 3.4418e+00 -4.4051e+07
1.5700e-04 5.7138e-01 -6.8587e+02 1.0961e+00 2.3484e+00 3.4445e+00 -4.2731e+07
1.5800e-04 5.7069e-01 -7.2860e+02 1.2369e+00 2.2097e+00 3.4466e+00 -4.1328e+07
1.5900e-04 5.6997e-01 -7.6993e+02 1.3812e+00 2.0670e+00 3.4482e+00 -3.9846e+07
1.6000e-04 5.6920e-01 -8.0978e+02 1.5279e+00 1.9214e+00 3.4492e+00 -3.8286e+07
1.6100e-04 5.6839e-01 -8.4806e+02 1.6758e+00 1.7740e+00 3.4497e+00 -3.6654e+07
1.6200e-04 5.6754e-01 -8.8472e+02 1.8237e+00 1.6259e+00 3.4496e+00 -3.4950e+07
1.6300e-04 5.6665e-01 -9.1967e+02 1.9707e+00 1.4783e+00 3.4490e+00 -3.3180e+07
1.6400e-04 5.6573e-01 -9.5285e+02 2.1154e+00 1.3323e+00 3.4477e+00 -3.1345e+07
1.6500e-04 5.6478e-01 -9.8419e+02 2.2569e+00 1.1890e+00 3.4459e+00 -2.9450e+07
1.6600e-04 5.6380e-01 -1.0136e+03 2.3940e+00 1.0496e+00 3.4436e+00 -2.7499e+07
1.6700e-04 5.6278e-01 -1.0411e+03 2.5257e+00 9.1511e-01 3.4408e+00 -2.5494e+07
1.6800e-04 5.6174e-01 -1.0666e+03 2.6509e+00 7.8656e-01 3.4374e+00 -2.3440e+07
1.6900e-04 5.6067e-01 -1.0901e+03 2.7686e+00 6.6494e-01 3.4336e+00 -2.1342e+07
1.7000e-04 5.5958e-01 -1.1114e+03 2.8781e+00 5.5120e-01 3.4293e+00 -1.9202e+07
1.7100e-04 5.5847e-01 -1.1306e+03 2.9784e+00 4.4621e-01 3.4246e+00 -1.7025e+07
1.7200e-04 5.5734e-01 -1.1476e+03 3.0688e+00 3.5078e-01 3.4196e+00 -1.4816e+07
1.7300e-04 5.5620e-01 -1.1625e+03 3.1486e+00 2.6564e-01 3.4142e+00 -1.2577e+07
1.7400e-04 5.5503e-01 -1.1750e+03 3.2171e+00 1.9144e-01 3.4085e+00 -1.0315e+07
1.7500e-04 5.5386e-01 -1.1854e+03 3.2738e+00 1.2877e-01 3.4025e+00 -8.0329e+06
1.7600e-04 5.5267e-01 -1.1934e+03 3.3183e+00 7.8090e-02 3.3964e+00 -5.7353e+06
1.7700e-04 5.5148e-01 -1.1991e+03 3.3503e+00 3.9807e-02 3.3901e+00 -3.4266e+06
1.7800e-04 5.5028e-01 -1.2025e+03 3.3694e+00 1.4209e-02 3.3837e+00 -1.1113e+06
1.7900e-04 5.4908e-01 -1.2037e+03 3.3757e+00 1.4945e-03 3.3772e+00 1.2061e+06
1.8000e-04 5.4787e-01 -1.2025e+03 3.3689e+00 1.7606e-03 3.3707e+00 3.5213e+06
1.8100e-04 5.4667e-01 -1.1989e+03 3.3492e+00 1.5005e-02 3.3642e+00 5.8296e+06
1.8200e-04 5.4547e-01 -1.1931e+03 3.3167e+00 4.1127e-02 3.3579e+00 8.1267e+06
1.8300e-04 5.4428e-01 -1.1850e+03 3.2717e+00 7.9924e-02 3.3516e+00 1.0408e+07
1.8400e-04 5.4309e-01 -1.1746e+03 3.2145e+00 1.3110e-01 3.3456e+00 1.2670e+07
1.8500e-04 5.4192e-01 -1.1619e+03 3.1455e+00 1.9426e-01 3.3398e+00 1.4907e+07
1.8600e-04 5.4076e-01 -1.1470e+03 3.0653e+00 2.6891e-01 3.3342e+00 1.7115e+07
1.8700e-04 5.3961e-01 -1.1299e+03 2.9745e+00 3.5449e-01 3.3290e+00 1.9290e+07
1.8800e-04 5.3848e-01 -1.1106e+03 2.8738e+00 4.5033e-01 3.3241e+00 2.1428e+07
1.8900e-04 5.3737e-01 -1.0892e+03 2.7640e+00 5.5569e-01 3.3197e+00 2.3525e+07
1.9000e-04 5.3628e-01 -1.0656e+03 2.6459e+00 6.6978e-01 3.3156e+00 2.5577e+07
1.9100e-04 5.3522e-01 -1.0401e+03 2.5204e+00 7.9169e-01 3.3121e+00 2.7580e+07
1.9200e-04 5.3418e-01 -1.0125e+03 2.3885e+00 9.2051e-01 3.3090e+00 2.9529e+07
1.9300e-04 5.3316e-01 -9.8294e+02 2.2512e+00 1.0552e+00 3.3064e+00 3.1421e+07
1.9400e-04 5.3218e-01 -9.5152e+02 2.1096e+00 1.1948e+00 3.3044e+00 3.3253e+07
1.9500e-04 5.3123e-01 -9.1827e+02 1.9647e+00 1.3382e+00 3.3029e+00 3.5021e+07
1.9600e-04 5.3031e-01 -8.8325e+02 1.8177e+00 1.4843e+00 3.3020e+00 3.6722e+07
1.9700e-04 5.2943e-01 -8.4653e+02 1.6697e+00 1.6319e+00 3.3016e+00 3.8352e+07
1.9800e-04 5.2858e-01 -8.0817e+02 1.5218e+00 1.7800e+00 3.3018e+00 3.9908e+07
1.9900e-04 5.2777e-01 -7.6827e+02 1.3752e+00 1.9274e+00 3.3026e+00 4.1387e+07
2.0000e-04 5.2700e-01 -7.2688e+02 1.2311e+00 2.0729e+00 3.3040e+00 4.2786e+07
2.0100e-04 5.2628e-01 -6.8409e+02 1.0904e+00 2.2155e+00 3.3059e+00 4.4103e+07
2.0200e-04 5.2559e-01 -6.3999e+02 9.5434e-01 2.3540e+00 3.3083e+00 4.5336e+07
2.0300e-04 5.2495e-01 -5.9465e+02 8.2392e-01 2.4873e+00 3.3112e+00 4.6481e+07
2.0400e-04 5.2436e-01 -5.4817e+02 7.0015e-01 2.6145e+00 3.3147e+00 4.7536e+07
2.0500e-04 5.2381e-01 -5.0064e+02 5.8399e-01 2.7346e+00 3.3186e+00 4.8500e+07
2.0600e-04 5.2331e-01 -4.5214e+02 4.7632e-01 2.8466e+00 3.3230e+00 4.9370e+07
2.0700e-04 5.2286e-01 -4.0277e+02 3.7798e-01 2.9497e+00 3.3277e+00 5.0146e+07
2.0800e-04 5.2245e-01 -3.5262e+02 2.8972e-01 3.0431e+00 3.3329e+00 5.0825e+07
2.0900e-04 5.2210e-01 -3.0180e+02 2.1222e-01 3.1261e+00 3.3383e+00 5.1406e+07
2.1000e-04 5.2180e-01 -2.5039e+02 1.4608e-01 3.1980e+00 3.3441e+00 5.1888e+07
2.1100e-04 5.2155e-01 -1.9850e+02 9.1810e-02 3.2582e+00 3.3501e+00 5.2270e+07
2.1200e-04 5.2135e-01 -1.4623e+02 4.9825e-02 3.3064e+00 3.3562e+00 5.2552e+07
2.1300e-04 5.2121e-01 -9.3682e+01 2.0449e-02 3.3421e+00 3.3626e+00 5.2732e+07
2.1400e-04 5.2111e-01 -4.0950e+01 3.9071e-03 3.3651e+00 3.3690e+00 5.2811e+07
2.1500e-04 5.2107e-01 1.1861e+01 3.2780e-04 3.3752e+00 3.3755e+00 5.2788e+07
2.1600e-04 5.2108e-01 6.4649e+01 9.7382e-03 3.3723e+00 3.3820e+00 5.2664e+07
2.1700e-04 5.2115e-01 1.1731e+02 3.2066e-02 3.3564e+00 3.3885e+00 5.2438e+07
2.1800e-04 5.2126e-01 1.6975e+02 6.7139e-02 3.3277e+00 3.3948e+00 5.2111e+07
2.1900e-04 5.2143e-01 2.2186e+02 1.1469e-01 3.2863e+00 3.4010e+00 5.1684e+07
2.2000e-04 5.2166e-01 2.7354e+02 1.7435e-01 3.2327e+00 3.4070e+00 5.1157e+07
2.2100e-04 5.2193e-01 3.2470e+02 2.4565e-01 3.1671e+00 3.4128e+00 5.0532e+07
2.2200e-04 5.2225e-01 3.7523e+02 3.2806e-01 3.0902e+00 3.4182e+00 4.9809e+07
2.2300e-04 5.2263e-01 4.2504e+02 4.2094e-01 3.0024e+00 3.4234e+00 4.8991e+07
2.2400e-04 5.2305e-01 4.7403e+02 5.2357e-01 2.9046e+00 3.4282e+00 4.8078e+07
2.2500e-04 5.2353e-01 5.2211e+02 6.3516e-01 2.7974e+00 3.4325e+00 4.7073e+07
2.2600e-04 5.2405e-01 5.6919e+02 7.5486e-01 2.6816e+00 3.4365e+00 4.5977e+07
2.2700e-04 5.2462e-01 6.1516e+02 8.8173e-01 2.5582e+00 3.4400e+00 4.4793e+07
2.2800e-04 5.2523e-01 6.5996e+02 1.0148e+00 2.4281e+00 3.4429e+00 4.3522e+07
2.2900e-04 5.2589e-01 7.0348e+02 1.1531e+00 2.2923e+00 3.4454e+00 4.2168e+07
2.3000e-04 5.2660e-01 7.4565e+02 1.2955e+00 2.1519e+00 3.4473e+00 4.0732e+07
2.3100e-04 5.2734e-01 7.8638e+02 1.4408e+00 2.0078e+00 3.4487e+00 3.9218e+07
2.3200e-04 5.2813e-01 8.2560e+02 1.5881e+00 1.8614e+00 3.4495e+00 3.7629e+07
2.3300e-04 5.2896e-01 8.6322e+02 1.7362e+00 1.7135e+00 3.4497e+00 3.5967e+07
2.3400e-04 5.2982e-01 8.9919e+02 1.8839e+00 1.5655e+00 3.4494e+00 3.4235e+07
2.3500e-04 5.3072e-01 9.3343e+02 2.0301e+00 1.4184e+00 3.4485e+00 3.2438e+07
2.3600e-04 5.3165e-01 9.6587e+02 2.1736e+00 1.2734e+00 3.4471e+00 3.0579e+07
2.3700e-04 5.3262e-01 9.9644e+02 2.3135e+00 1.1316e+00 3.4451e+00 2.8660e+07
2.3800e-04 5.3361e-01 1.0251e+03 2.4485e+00 9.9406e-01 3.4425e+00 2.6687e+07
2.3900e-04 5.3464e-01 1.0518e+03 2.5776e+00 8.6186e-01 3.4395e+00 2.4662e+07
2.4000e-04 5.3569e-01 1.0765e+03 2.6999e+00 7.3603e-01 3.4359e+00 2.2589e+07
2.4100e-04 5.3677e-01 1.0990e+03 2.8144e+00 6.1751e-01 3.4319e+00 2.0473e+07
2.4200e-04 5.3787e-01 1.1195e+03 2.9202e+00 5.0724e-01 3.4275e+00 1.8318e+07
2.4300e-04 5.3899e-01 1.1378e+03 3.0166e+00 4.0606e-01 3.4226e+00 1.6127e+07
2.4400e-04 5.4012e-01 1.1540e+03 3.1027e+00 3.1474e-01 3.4174e+00 1.3905e+07
2.4500e-04 5.4128e-01 1.1679e+03 3.1779e+00 2.3399e-01 3.4119e+00 1.1657e+07
2.4600e-04 5.4245e-01 1.1795e+03 3.2417e+00 1.6444e-01 3.4061e+00 9.3857e+06
2.4700e-04 5.4363e-01 1.1889e+03 3.2935e+00 1.0661e-01 3.4001e+00 7.0967e+06
2.4800e-04 5.4481e-01 1.1960e+03 3.3329e+00 6.0948e-02 3.3938e+00 4.7940e+06
2.4900e-04 5.4601e-01 1.2008e+03 3.3597e+00 2.7813e-02 3.3875e+00 2.4820e+06
2.5000e-04 5.4721e-01 1.2033e+03 3.3736e+00 7.4554e-03 3.3810e+00 1.6534e+05
2.5100e-04 5.4841e-01 1.2034e+03 3.3745e+00 3.3083e-05 3.3745e+00 -2.1517e+06
2.5200e-04 5.4962e-01 1.2013e+03 3.3624e+00 5.6028e-03 3.3680e+00 -4.4646e+06
2.5300e-04 5.5082e-01 1.1968e+03 3.3375e+00 2.4122e-02 3.3616e+00 -6.7688e+06
2.5400e-04 5.5202e-01 1.1901e+03 3.2998e+00 5.5447e-02 3.3553e+00 -9.0601e+06
2.5500e-04 5.5321e-01 1.1810e+03 3.2498e+00 9.9338e-02 3.3491e+00 -1.1334e+07
2.5600e-04 5.5439e-01 1.1697e+03 3.1877e+00 1.5546e-01 3.3432e+00 -1.3586e+07
2.5700e-04 5.5556e-01 1.1561e+03 3.1141e+00 2.2337e-01 3.3375e+00 -1.5812e+07
2.5800e-04 5.5671e-01 1.1403e+03 3.0295e+00 3.0256e-01 3.3320e+00 -1.8007e+07
2.5900e-04 5.5785e-01 1.1223e+03 2.9346e+00 3.9241e-01 3.3270e+00 -2.0168e+07
2.6000e-04 5.5898e-01 1.1021e+03 2.8300e+00 4.9223e-01 3.3223e+00 -2.2290e+07
2.6100e-04 5.6008e-01 1.0798e+03 2.7167e+00 6.0126e-01 3.3180e+00 -2.4369e+07
2.6200e-04 5.6116e-01 1.0554e+03 2.5955e+00 7.1865e-01 3.3141e+00 -2.6401e+07
2.6300e-04 5.6221e-01 1.0290e+03 2.4673e+00 8.4350e-01 3.3108e+00 -2.8382e+07
2.6400e-04 5.6324e-01 1.0007e+03 2.3330e+00 9.7485e-01 3.3079e+00 -3.0308e+07
2.6500e-04 5.6424e-01 9.7034e+02 2.1939e+00 1.1117e+00 3.3055e+00 -3.2177e+07
2.6600e-04 5.6521e-01 9.3817e+02 2.0508e+00 1.2530e+00 3.3037e+00 -3.3983e+07
2.6700e-04 5.6615e-01 9.0418e+02 1.9049e+00 1.3976e+00 3.3025e+00 -3.5724e+07
2.6800e-04 5.6705e-01 8.6846e+02 1.7573e+00 1.5444e+00 3.3018e+00 -3.7396e+07
2.6900e-04 5.6792e-01 8.3106e+02 1.6093e+00 1.6924e+00 3.3016e+00 -3.8996e+07
2.7000e-04 5.6875e-01 7.9207e+02 1.4618e+00 1.8403e+00 3.3021e+00 -4.0521e+07
2.7100e-04 5.6955e-01 7.5155e+02 1.3160e+00 1.9871e+00 3.3031e+00 -4.1968e+07
2.7200e-04 5.7030e-01 7.0958e+02 1.1732e+00 2.1315e+00 3.3047e+00 -4.3334e+07
2.7300e-04 5.7101e-01 6.6625e+02 1.0342e+00 2.2725e+00 3.3068e+00 -4.4617e+07
2.7400e-04 5.7167e-01 6.2163e+02 9.0036e-01 2.4091e+00 3.3094e+00 -4.5814e+07
2.7500e-04 5.7230e-01 5.7581e+02 7.7254e-01 2.5401e+00 3.3126e+00 -4.6922e+07
2.7600e-04 5.7287e-01 5.2889e+02 6.5176e-01 2.6645e+00 3.3162e+00 -4.7941e+07
2.7700e-04 5.7340e-01 4.8095e+02 5.3896e-01 2.7814e+00 3.3203e+00 -4.8867e+07
2.7800e-04 5.7388e-01 4.3209e+02 4.3501e-01 2.8899e+00 3.3249e+00 -4.9698e+07
2.7900e-04 5.7431e-01 3.8239e+02 3.4069e-01 2.9891e+00 3.3298e+00 -5.0435e+07
2.8000e-04 5.7470e-01 3.3195e+02 2.5675e-01 3.0783e+00 3.3350e+00 -5.1074e+07
2.8100e-04 5.7503e-01 2.8088e+02 1.8382e-01 3.1568e+00 3.3406e+00 -5.1615e+07
2.8200e-04 5.7531e-01 2.2926e+02 1.2247e-01 3.2240e+00 3.3465e+00 -5.2056e+07
2.8300e-04 5.7554e-01 1.7721e+02 7.3168e-02 3.2794e+00 3.3526e+00 -5.2397e+07
2.8400e-04 5.7571e-01 1.2481e+02 3.6296e-02 3.3225e+00 3.3588e+00 -5.2637e+07
2.8500e-04 5.7584e-01 7.2173e+01 1.2137e-02 3.3531e+00 3.3652e+00 -5.2776e+07
2.8600e-04 5.7591e-01 1.9397e+01 8.7662e-04 3.3708e+00 3.3717e+00 -5.2814e+07
2.8700e-04 5.7593e-01 -3.3417e+01 2.6019e-03 3.3756e+00 3.3782e+00 -5.2749e+07
2.8800e-04 5.7590e-01 -8.6166e+01 1.7299e-02 3.3673e+00 3.3846e+00 -5.2584e+07
2.8900e-04 5.7581e-01 -1.3875e+02 4.4856e-02 3.3462e+00 3.3911e+00 -5.2316e+07
2.9000e-04 5.7567e-01 -1.9107e+02 8.5060e-02 3.3123e+00 3.3973e+00 -5.1949e+07
2.9100e-04 5.7548e-01 -2.4301e+02 1.3760e-01 3.2659e+00 3.4035e+00 -5.1481e+07
2.9200e-04 5.7524e-01 -2.9450e+02 2.0208e-01 3.2073e+00 3.4094e+00 -5.0914e+07
2.9300e-04 5.7494e-01 -3.4541e+02 2.7799e-01 3.1370e+00 3.4150e+00 -5.0249e+07
2.9400e-04 5.7460e-01 -3.9566e+02 3.6475e-01 3.0556e+00 3.4204e+00 -4.9487e+07
2.9500e-04 5.7420e-01 -4.4514e+02 4.6170e-01 2.9637e+00 3.4254e+00 -4.8630e+07
2.9600e-04 5.7376e-01 -4.9377e+02 5.6808e-01 2.8619e+00 3.4300e+00 -4.7679e+07
2.9700e-04 5.7326e-01 -5.4145e+02 6.8309e-01 2.7511e+00 3.4342e+00 -4.6637e+07
2.9800e-04 5.7272e-01 -5.8809e+02 8.0583e-01 2.6321e+00 3.4380e+00 -4.5504e+07
2.9900e-04 5.7213e-01 -6.3359e+02 9.3536e-01 2.5059e+00 3.4412e+00 -4.4285e+07
3.0000e-04 5.7150e-01 -6.7788e+02 1.0707e+00 2.3733e+00 3.4440e+00 -4.2979e+07
3.0100e-04 5.7082e-01 -7.2086e+02 1.2108e+00 2.2355e+00 3.4462e+00 -4.1592e+07
3.0200e-04 5.7010e-01 -7.6245e+02 1.3545e+00 2.0934e+00 3.4479e+00 -4.0124e+07
3.0300e-04 5.6934e-01 -8.0257e+02 1.5008e+00 1.9483e+00 3.4491e+00 -3.8578e+07
3.0400e-04 5.6854e-01 -8.4115e+02 1.6486e+00 1.8011e+00 3.4497e+00 -3.6959e+07
3.0500e-04 5.6770e-01 -8.7811e+02 1.7966e+00 1.6531e+00 3.4497e+00 -3.5268e+07
3.0600e-04 5.6682e-01 -9.1338e+02 1.9438e+00 1.5053e+00 3.4491e+00 -3.3510e+07
3.0700e-04 5.6590e-01 -9.4689e+02 2.0891e+00 1.3589e+00 3.4480e+00 -3.1687e+07
3.0800e-04 5.6496e-01 -9.7858e+02 2.2312e+00 1.2151e+00 3.4463e+00 -2.9803e+07
3.0900e-04 5.6398e-01 -1.0084e+03 2.3692e+00 1.0749e+00 3.4441e+00 -2.7861e+07
3.1000e-04 5.6297e-01 -1.0362e+03 2.5019e+00 9.3939e-01 3.4413e+00 -2.5866e+07
3.1100e-04 5.6193e-01 -1.0621e+03 2.6284e+00 8.0967e-01 3.4381e+00 -2.3821e+07
3.1200e-04 5.6087e-01 -1.0859e+03 2.7476e+00 6.8671e-01 3.4343e+00 -2.1730e+07
3.1300e-04 5.5979e-01 -1.1077e+03 2.8587e+00 5.7146e-01 3.4301e+00 -1.9598e+07
3.1400e-04 5.5868e-01 -1.1273e+03 2.9607e+00 4.6480e-01 3.4255e+00 -1.7427e+07
3.1500e-04 5.5755e-01 -1.1447e+03 3.0530e+00 3.6755e-01 3.4205e+00 -1.5224e+07
3.1600e-04 5.5641e-01 -1.1599e+03 3.1347e+00 2.8047e-01 3.4152e+00 -1.2990e+07
3.1700e-04 5.5525e-01 -1.1729e+03 3.2053e+00 2.0422e-01 3.4096e+00 -1.0732e+07
3.1800e-04 5.5407e-01 -1.1836e+03 3.2643e+00 1.3939e-01 3.4037e+00 -8.4533e+06
3.1900e-04 5.5289e-01 -1.1921e+03 3.3111e+00 8.6477e-02 3.3975e+00 -6.1581e+06
3.2000e-04 5.5170e-01 -1.1982e+03 3.3454e+00 4.5893e-02 3.3913e+00 -3.8511e+06
3.2100e-04 5.5050e-01 -1.2021e+03 3.3669e+00 1.7948e-02 3.3848e+00 -1.5367e+06
3.2200e-04 5.4930e-01 -1.2036e+03 3.3755e+00 2.8578e-03 3.3784e+00 7.8065e+05
3.2300e-04 5.4809e-01 -1.2028e+03 3.3711e+00 7.3751e-04 3.3719e+00 3.0965e+06
3.2400e-04 5.4689e-01 -1.1997e+03 3.3538e+00 1.1604e-02 3.3654e+00 5.4064e+06
3.2500e-04 5.4569e-01 -1.1943e+03 3.3236e+00 3.5373e-02 3.3590e+00 7.7059e+06
3.2600e-04 5.4450e-01 -1.1866e+03 3.2809e+00 7.1862e-02 3.3528e+00 9.9906e+06
3.2700e-04 5.4331e-01 -1.1766e+03 3.2259e+00 1.2079e-01 3.3467e+00 1.2256e+07
3.2800e-04 5.4213e-01 -1.1644e+03 3.1590e+00 1.8178e-01 3.3408e+00 1.4498e+07
3.2900e-04 5.4097e-01 -1.1499e+03 3.0808e+00 2.5437e-01 3.3352e+00 1.6712e+07
3.3000e-04 5.3982e-01 -1.1332e+03 2.9920e+00 3.3798e-01 3.3299e+00 1.8893e+07
3.3100e-04 5.3869e-01 -1.1143e+03 2.8930e+00 4.3199e-01 3.3250e+00 2.1039e+07
3.3200e-04 5.3757e-01 -1.0932e+03 2.7848e+00 5.3567e-01 3.3205e+00 2.3144e+07
3.3300e-04 5.3648e-01 -1.0701e+03 2.6681e+00 6.4821e-01 3.3164e+00 2.5204e+07
3.3400e-04 5.3541e-01 -1.0449e+03 2.5439e+00 7.6876e-01 3.3127e+00 2.7216e+07
3.3500e-04 5.3436e-01 -1.0177e+03 2.4131e+00 8.9638e-01 3.3095e+00 2.9175e+07
3.3600e-04 5.3335e-01 -9.8851e+02 2.2768e+00 1.0301e+00 3.3069e+00 3.1078e+07
3.3700e-04 5.3236e-01 -9.5743e+02 2.1359e+00 1.1689e+00 3.3047e+00 3.2922e+07
3.3800e-04 5.3140e-01 -9.2451e+02 1.9915e+00 1.3116e+00 3.3031e+00 3.4702e+07
3.3900e-04 5.3048e-01 -8.8981e+02 1.8448e+00 1.4573e+00 3.3021e+00 3.6415e+07
3.4000e-04 5.2959e-01 -8.5339e+02 1.6969e+00 1.6048e+00 3.3017e+00 3.8058e+07
3.4100e-04 5.2873e-01 -8.1534e+02 1.5489e+00 1.7528e+00 3.3018e+00 3.9628e+07
3.4200e-04 5.2792e-01 -7.7571e+02 1.4020e+00 1.9004e+00 3.3024e+00 4.1121e+07
3.4300e-04 5.2714e-01 -7.3459e+02 1.2573e+00 2.0464e+00 3.3037e+00 4.2535e+07
3.4400e-04 5.2641e-01 -6.9205e+02 1.1159e+00 2.1896e+00 3.3055e+00 4.3868e+07
3.4500e-04 5.2572e-01 -6.4818e+02 9.7893e-01 2.3289e+00 3.3078e+00 4.5116e+07
3.4600e-04 5.2507e-01 -6.0307e+02 8.4740e-01 2.4633e+00 3.3107e+00 4.6277e+07
3.4700e-04 5.2446e-01 -5.5679e+02 7.2234e-01 2.5917e+00 3.3140e+00 4.7349e+07
3.4800e-04 5.2391e-01 -5.0944e+02 6.0471e-01 2.7131e+00 3.3179e+00 4.8330e+07
3.4900e-04 5.2340e-01 -4.6111e+02 4.9541e-01 2.8267e+00 3.3221e+00 4.9218e+07
3.5000e-04 5.2294e-01 -4.1189e+02 3.9530e-01 2.9315e+00 3.3268e+00 5.0011e+07
3.5100e-04 5.2252e-01 -3.6188e+02 3.0514e-01 3.0268e+00 3.3319e+00 5.0707e+07
3.5200e-04 5.2216e-01 -3.1118e+02 2.2562e-01 3.1117e+00 3.3373e+00 5.1306e+07
3.5300e-04 5.2185e-01 -2.5987e+02 1.5735e-01 3.1856e+00 3.3430e+00 5.1807e+07
3.5400e-04 5.2159e-01 -2.0806e+02 1.0087e-01 3.2481e+00 3.3489e+00 5.2207e+07
3.5500e-04 5.2138e-01 -1.5586e+02 5.6598e-02 3.2985e+00 3.3551e+00 5.2507e+07
3.5600e-04 5.2123e-01 -1.0335e+02 2.4886e-02 3.3365e+00 3.3614e+00 5.2706e+07
3.5700e-04 5.2112e-01 -5.0641e+01 5.9754e-03 3.3619e+00 3.3678e+00 5.2804e+07
3.5800e-04 5.2107e-01 2.1625e+00 1.0896e-05 3.3743e+00 3.3743e+00 5.2800e+07
3.5900e-04 5.2108e-01 5.4962e+01 7.0386e-03 3.3738e+00 3.3808e+00 5.2694e+07
3.6000e-04 5.2113e-01 1.0766e+02 2.7004e-02 3.3603e+00 3.3873e+00 5.2487e+07
3.6100e-04 5.2124e-01 1.6014e+02 5.9755e-02 3.3339e+00 3.3936e+00 5.2178e+07
3.6200e-04 5.2140e-01 2.1232e+02 1.0504e-01 3.2948e+00 3.3999e+00 5.1770e+07
3.6300e-04 5.2161e-01 2.6409e+02 1.6250e-01 3.2434e+00 3.4059e+00 5.1261e+07
3.6400e-04 5.2188e-01 3.1535e+02 2.3171e-01 3.1800e+00 3.4117e+00 5.0654e+07
3.6500e-04 5.2219e-01 3.6601e+02 3.1213e-01 3.1051e+00 3.4173e+00 4.9949e+07
3.6600e-04 5.2256e-01 4.1596e+02 4.0313e-01 3.0193e+00 3.4225e+00 4.9148e+07
3.6700e-04 5.2297e-01 4.6510e+02 5.0403e-01 2.9233e+00 3.4273e+00 4.8253e+07
3.6800e-04 5.2344e-01 5.1336e+02 6.1404e-01 2.8177e+00 3.4318e+00 4.7265e+07
3.6900e-04 5.2395e-01 5.6062e+02 7.3231e-01 2.7035e+00 3.4358e+00 4.6185e+07
3.7000e-04 5.2451e-01 6.0681e+02 8.5794e-01 2.5814e+00 3.4394e+00 4.5017e+07
3.7100e-04 5.2512e-01 6.5182e+02 9.8996e-01 2.4525e+00 3.4424e+00 4.3762e+07
3.7200e-04 5.2577e-01 6.9559e+02 1.1273e+00 2.3176e+00 3.4450e+00 4.2423e+07
3.7300e-04 5.2647e-01 7.3801e+02 1.2690e+00 2.1780e+00 3.4470e+00 4.1002e+07
3.7400e-04 5.2720e-01 7.7901e+02 1.4140e+00 2.0345e+00 3.4485e+00 3.9502e+07
3.7500e-04 5.2798e-01 8.1851e+02 1.5610e+00 1.8884e+00 3.4494e+00 3.7926e+07
3.7600e-04 5.2880e-01 8.5644e+02 1.7090e+00 1.7407e+00 3.4497e+00 3.6277e+07
3.7700e-04 5.2966e-01 8.9272e+02 1.8569e+00 1.5926e+00 3.4495e+00 3.4558e+07
3.7800e-04 5.3055e-01 9.2727e+02 2.0034e+00 1.4453e+00 3.4487e+00 3.2773e+07
3.7900e-04 5.3148e-01 9.6005e+02 2.1475e+00 1.2998e+00 3.4474e+00 3.0925e+07
3.8000e-04 5.3244e-01 9.9097e+02 2.2881e+00 1.1573e+00 3.4455e+00 2.9017e+07
3.8100e-04 5.3343e-01 1.0200e+03 2.4241e+00 1.0189e+00 3.4430e+00 2.7053e+07
3.8200e-04 5.3445e-01 1.0470e+03 2.5544e+00 8.8569e-01 3.4401e+00 2.5037e+07
3.8300e-04 5.3550e-01 1.0721e+03 2.6780e+00 7.5861e-01 3.4366e+00 2.2973e+07
3.8400e-04 5.3657e-01 1.0951e+03 2.7940e+00 6.3868e-01 3.4327e+00 2.0865e+07
3.8500e-04 5.3766e-01 1.1159e+03 2.9015e+00 5.2683e-01 3.4283e+00 1.8716e+07
3.8600e-04 5.3878e-01 1.1346e+03 2.9996e+00 4.2392e-01 3.4235e+00 1.6532e+07
3.8700e-04 5.3991e-01 1.1512e+03 3.0877e+00 3.3074e-01 3.4184e+00 1.4315e+07
3.8800e-04 5.4106e-01 1.1655e+03 3.1649e+00 2.4800e-01 3.4129e+00 1.2071e+07
3.8900e-04 5.4223e-01 1.1775e+03 3.2308e+00 1.7634e-01 3.4072e+00 9.8042e+06
3.9000e-04 5.4341e-01 1.1874e+03 3.2849e+00 1.1633e-01 3.4012e+00 7.5181e+06
3.9100e-04 5.4460e-01 1.1949e+03 3.3266e+00 6.8402e-02 3.3950e+00 5.2176e+06
3.9200e-04 5.4579e-01 1.2001e+03 3.3557e+00 3.2945e-02 3.3886e+00 2.9071e+06
3.9300e-04 5.4699e-01 1.2030e+03 3.3720e+00 1.0227e-02 3.3822e+00 5.9090e+05
3.9400e-04 5.4819e-01 1.2036e+03 3.3753e+00 4.2255e-04 3.3757e+00 -1.7264e+06
3.9500e-04 5.4940e-01 1.2019e+03 3.3656e+00 3.6069e-03 3.3692e+00 -4.0404e+06
3.9600e-04 5.5060e-01 1.1978e+03 3.3430e+00 1.9756e-02 3.3628e+00 -6.3466e+06
3.9700e-04 5.5180e-01 1.1915e+03 3.3077e+00 4.8745e-02 3.3564e+00 -8.6405e+06
3.9800e-04 5.5299e-01 1.1828e+03 3.2599e+00 9.0351e-02 3.3502e+00 -1.0918e+07
3.9900e-04 5.5417e-01 1.1719e+03 3.2000e+00 1.4425e-01 3.3442e+00 -1.3174e+07
4.0000e-04 5.5534e-01 1.1587e+03 3.1285e+00 2.1004e-01 3.3385e+00 -1.5405e+07
4.0100e-04 5.5650e-01 1.1433e+03 3.0458e+00 2.8720e-01 3.3330e+00 -1.7606e+07
4.0200e-04 5.5764e-01 1.1257e+03 2.9527e+00 3.7514e-01 3.3279e+00 -1.9774e+07
4.0300e-04 5.5877e-01 1.1060e+03 2.8499e+00 4.7319e-01 3.3231e+00 -2.1903e+07
4.0400e-04 5.5988e-01 1.0841e+03 2.7381e+00 5.8058e-01 3.3187e+00 -2.3990e+07
4.0500e-04 5.6096e-01 1.0601e+03 2.6183e+00 6.9650e-01 3.3148e+00 -2.6031e+07
4.0600e-04 5.6202e-01 1.0340e+03 2.4913e+00 8.2005e-01 3.3113e+00 -2.8022e+07
4.0700e-04 5.6305e-01 1.0060e+03 2.3581e+00 9.5028e-01 3.3084e+00 -2.9959e+07
4.0800e-04 5.6406e-01 9.7605e+02 2.2197e+00 1.0862e+00 3.3059e+00 -3.1838e+07
4.0900e-04 5.6504e-01 9.4421e+02 2.0773e+00 1.2267e+00 3.3040e+00 -3.3656e+07
4.1000e-04 5.6598e-01 9.1056e+02 1.9318e+00 1.3708e+00 3.3027e+00 -3.5409e+07
4.1100e-04 5.6689e-01 8.7515e+02 1.7845e+00 1.5173e+00 3.3019e+00 -3.7094e+07
4.1200e-04 5.6777e-01 8.3805e+02 1.6364e+00 1.6652e+00 3.3016e+00 -3.8708e+07
4.1300e-04 5.6860e-01 7.9935e+02 1.4888e+00 1.8132e+00 3.3020e+00 -4.0247e+07
4.1400e-04 5.6940e-01 7.5910e+02 1.3426e+00 1.9603e+00 3.3029e+00 -4.1708e+07
4.1500e-04 5.7016e-01 7.1739e+02 1.1991e+00 2.1052e+00 3.3043e+00 -4.3089e+07
4.1600e-04 5.7088e-01 6.7430e+02 1.0594e+00 2.2470e+00 3.3064e+00 -4.4388e+07
4.1700e-04 5.7155e-01 6.2991e+02 9.2452e-01 2.3844e+00 3.3089e+00 -4.5600e+07
4.1800e-04 5.7218e-01 5.8431e+02 7.9551e-01 2.5165e+00 3.3120e+00 -4.6725e+07
4.1900e-04 5.7277e-01 5.3759e+02 6.7337e-01 2.6422e+00 3.3155e+00 -4.7760e+07
4.2000e-04 5.7331e-01 4.8983e+02 5.5904e-01 2.7605e+00 3.3195e+00 -4.8704e+07
4.2100e-04 5.7380e-01 4.4112e+02 4.5339e-01 2.8706e+00 3.3240e+00 -4.9553e+07
4.2200e-04 5.7424e-01 3.9157e+02 3.5725e-01 2.9716e+00 3.3288e+00 -5.0307e+07
4.2300e-04 5.7463e-01 3.4126e+02 2.7135e-01 3.0627e+00 3.3341e+00 -5.0964e+07
4.2400e-04 5.7497e-01 2.9030e+02 1.9636e-01 3.1432e+00 3.3396e+00 -5.1523e+07
4.2500e-04 5.7526e-01 2.3878e+02 1.3284e-01 3.2125e+00 3.3454e+00 -5.1982e+07
4.2600e-04 5.7550e-01 1.8680e+02 8.1299e-02 3.2701e+00 3.3514e+00 -5.2342e+07
4.2700e-04 5.7569e-01 1.3445e+02 4.2121e-02 3.3155e+00 3.3577e+00 -5.2601e+07
4.2800e-04 5.7582e-01 8.1852e+01 1.5610e-02 3.3484e+00 3.3640e+00 -5.2759e+07
4.2900e-04 5.7590e-01 2.9094e+01 1.9722e-03 3.3685e+00 3.3705e+00 -5.2815e+07
4.3000e-04 5.7593e-01 -2.3721e+01 1.3111e-03 3.3757e+00 3.3770e+00 -5.2769e+07
4.3100e-04 5.7591e-01 -7.6490e+01 1.3632e-02 3.3698e+00 3.3835e+00 -5.2622e+07
4.3200e-04 5.7583e-01 -1.2911e+02 3.8841e-02 3.3510e+00 3.3899e+00 -5.2373e+07
4.3300e-04 5.7570e-01 -1.8148e+02 7.6742e-02 3.3195e+00 3.3962e+00 -5.2024e+07
4.3400e-04 5.7552e-01 -2.3351e+02 1.2705e-01 3.2753e+00 3.4024e+00 -5.1574e+07
4.3500e-04 5.7529e-01 -2.8508e+02 1.8936e-01 3.2190e+00 3.4083e+00 -5.1025e+07
4.3600e-04 5.7500e-01 -3.3611e+02 2.6322e-01 3.1508e+00 3.4140e+00 -5.0378e+07
4.3700e-04 5.7467e-01 -3.8649e+02 3.4803e-01 3.0714e+00 3.4194e+00 -4.9634e+07
4.3800e-04 5.7428e-01 -4.3612e+02 4.4317e-01 2.9813e+00 3.4245e+00 -4.8794e+07
4.3900e-04 5.7384e-01 -4.8491e+02 5.4788e-01 2.8813e+00 3.4292e+00 -4.7861e+07
4.4000e-04 5.7336e-01 -5.3277e+02 6.6137e-01 2.7721e+00 3.4335e+00 -4.6835e+07
4.4100e-04 5.7283e-01 -5.7961e+02 7.8276e-01 2.6546e+00 3.4373e+00 -4.5719e+07
4.4200e-04 5.7225e-01 -6.2533e+02 9.1111e-01 2.5296e+00 3.4407e+00 -4.4515e+07
4.4300e-04 5.7162e-01 -6.6984e+02 1.0454e+00 2.3981e+00 3.4435e+00 -4.3225e+07
4.4400e-04 5.7095e-01 -7.1307e+02 1.1847e+00 2.2611e+00 3.4459e+00 -4.1852e+07
4.4500e-04 5.7024e-01 -7.5492e+02 1.3279e+00 2.1198e+00 3.4477e+00 -4.0399e+07
4.4600e-04 5.6948e-01 -7.9532e+02 1.4738e+00 1.9751e+00 3.4489e+00 -3.8868e+07
4.4700e-04 5.6869e-01 -8.3419e+02 1.6214e+00 1.8282e+00 3.4496e+00 -3.7262e+07
4.4800e-04 5.6785e-01 -8.7145e+02 1.7695e+00 1.6803e+00 3.4497e+00 -3.5584e+07
4.4900e-04 5.6698e-01 -9.0703e+02 1.9169e+00 1.5323e+00 3.4493e+00 -3.3837e+07
4.5000e-04 5.6607e-01 -9.4087e+02 2.0626e+00 1.3856e+00 3.4482e+00 -3.2026e+07
4.5100e-04 5.6513e-01 -9.7290e+02 2.2054e+00 1.2412e+00 3.4467e+00 -3.0153e+07
4.5200e-04 5.6416e-01 -1.0030e+03 2.3442e+00 1.1003e+00 3.4445e+00 -2.8222e+07
4.5300e-04 5.6316e-01 -1.0313e+03 2.4780e+00 9.6387e-01 3.4419e+00 -2.6236e+07
4.5400e-04 5.6213e-01 -1.0575e+03 2.6057e+00 8.3302e-01 3.4387e+00 -2.4200e+07
4.5500e-04 5.6107e-01 -1.0817e+03 2.7263e+00 7.0874e-01 3.4351e+00 -2.2117e+07
4.5600e-04 5.5999e-01 -1.1038e+03 2.8389e+00 5.9200e-01 3.4309e+00 -1.9992e+07
4.5700e-04 5.5888e-01 -1.1238e+03 2.9427e+00 4.8370e-01 3.4264e+00 -1.7829e+07
4.5800e-04 5.5776e-01 -1.1416e+03 3.0368e+00 3.8467e-01 3.4215e+00 -1.5631e+07
4.5900e-04 5.5662e-01 -1.1573e+03 3.1205e+00 2.9566e-01 3.4162e+00 -1.3402e+07
4.6000e-04 5.5546e-01 -1.1707e+03 3.1932e+00 2.1738e-01 3.4106e+00 -1.1148e+07
4.6100e-04 5.5429e-01 -1.1818e+03 3.2543e+00 1.5041e-01 3.4048e+00 -8.8731e+06
4.6200e-04 5.5311e-01 -1.1907e+03 3.3034e+00 9.5279e-02 3.3987e+00 -6.5806e+06
4.6300e-04 5.5192e-01 -1.1973e+03 3.3400e+00 5.2406e-02 3.3924e+00 -4.2754e+06
4.6400e-04 5.5072e-01 -1.2016e+03 3.3639e+00 2.2121e-02 3.3860e+00 -1.9620e+06
4.6500e-04 5.4952e-01 -1.2035e+03 3.3749e+00 4.6588e-03 3.3796e+00 3.5511e+05
4.6600e-04 5.4832e-01 -1.2032e+03 3.3729e+00 1.5261e-04 3.3731e+00 2.6716e+06
4.6700e-04 5.4711e-01 -1.2005e+03 3.3579e+00 8.6376e-03 3.3666e+00 4.9829e+06
4.6800e-04 5.4591e-01 -1.1955e+03 3.3301e+00 3.0048e-02 3.3602e+00 7.2847e+06
4.6900e-04 5.4472e-01 -1.1882e+03 3.2897e+00 6.4220e-02 3.3539e+00 9.5724e+06
4.7000e-04 5.4353e-01 -1.1787e+03 3.2369e+00 1.1089e-01 3.3478e+00 1.1842e+07
4.7100e-04 5.4235e-01 -1.1668e+03 3.1722e+00 1.6970e-01 3.3419e+00 1.4088e+07
4.7200e-04 5.4118e-01 -1.1527e+03 3.0960e+00 2.4019e-01 3.3362e+00 1.6307e+07
4.7300e-04 5.4003e-01 -1.1364e+03 3.0090e+00 3.2183e-01 3.3309e+00 1.8495e+07
4.7400e-04 5.3889e-01 -1.1179e+03 2.9119e+00 4.1398e-01 3.3259e+00 2.0648e+07
4.7500e-04 5.3778e-01 -1.0973e+03 2.8053e+00 5.1594e-01 3.3213e+00 2.2760e+07
4.7600e-04 5.3668e-01 -1.0745e+03 2.6902e+00 6.2692e-01 3.3171e+00 2.4829e+07
4.7700e-04 5.3560e-01 -1.0497e+03 2.5673e+00 7.4607e-01 3.3133e+00 2.6850e+07
4.7800e-04 5.3455e-01 -1.0228e+03 2.4376e+00 8.7246e-01 3.3101e+00 2.8819e+07
4.7900e-04 5.3353e-01 -9.9401e+02 2.3022e+00 1.0051e+00 3.3073e+00 3.0733e+07
4.8000e-04 5.3254e-01 -9.6328e+02 2.1620e+00 1.1431e+00 3.3051e+00 3.2588e+07
4.8100e-04 5.3157e-01 -9.3069e+02 2.0182e+00 1.2852e+00 3.3034e+00 3.4380e+07
4.8200e-04 5.3064e-01 -8.9631e+02 1.8719e+00 1.4304e+00 3.3023e+00 3.6105e+07
4.8300e-04 5.2975e-01 -8.6021e+02 1.7241e+00 1.5776e+00 3.3017e+00 3.7762e+07
4.8400e-04 5.2889e-01 -8.2244e+02 1.5760e+00 1.7257e+00 3.3017e+00 3.9345e+07
4.8500e-04 5.2806e-01 -7.8310e+02 1.4289e+00 1.8734e+00 3.3023e+00 4.0853e+07
4.8600e-04 5.2728e-01 -7.4225e+02 1.2837e+00 2.0197e+00 3.3034e+00 4.2282e+07
4.8700e-04 5.2654e-01 -6.9996e+02 1.1416e+00 2.1635e+00 3.3051e+00 4.3629e+07
4.8800e-04 5.2584e-01 -6.5633e+02 1.0037e+00 2.3036e+00 3.3073e+00 4.4893e+07
4.8900e-04 5.2518e-01 -6.1144e+02 8.7109e-01 2.4390e+00 3.3101e+00 4.6070e+07
4.9000e-04 5.2457e-01 -5.6537e+02 7.4477e-01 2.5686e+00 3.3134e+00 4.7159e+07
4.9100e-04 5.2401e-01 -5.1821e+02 6.2571e-01 2.6914e+00 3.3171e+00 4.8157e+07
4.9200e-04 5.2349e-01 -4.7006e+02 5.1482e-01 2.8065e+00 3.3213e+00 4.9062e+07
4.9300e-04 5.2302e-01 -4.2099e+02 4.1296e-01 2.9130e+00 3.3259e+00 4.9872e+07
4.9400e-04 5.2260e-01 -3.7112e+02 3.2091e-01 3.0100e+00 3.3309e+00 5.0587e+07
4.9500e-04 5.2223e-01 -3.2053e+02 2.3939e-01 3.0969e+00 3.3363e+00 5.1204e+07
4.9600e-04 5.2191e-01 -2.6933e+02 1.6902e-01 3.1729e+00 3.3419e+00 5.1722e+07
4.9700e-04 5.2164e-01 -2.1761e+02 1.1033e-01 3.2375e+00 3.3478e+00 5.2141e+07
4.9800e-04 5.2142e-01 -1.6547e+02 6.3794e-02 3.2902e+00 3.3540e+00 5.2460e+07
4.9900e-04 5.2125e-01 -1.1301e+02 2.9756e-02 3.3305e+00 3.3602e+00 5.2678e+07
5.0000e-04 5.2114e-01 -6.0330e+01 8.4805e-03 3.3582e+00 3.3667e+00 5.2794e+07
5.0100e-04 5.2108e-01 -7.5362e+00 1.3233e-04 3.3730e+00 3.3731e+00 5.2808e+07
5.0200e-04 5.2107e-01 4.5272e+01 4.7754e-03 3.3749e+00 3.3796e+00 5.2721e+07
5.0300e-04 5.2112e-01 9.7993e+01 2.2374e-02 3.3637e+00 3.3861e+00 5.2532e+07
5.0400e-04 5.2122e-01 1.5053e+02 5.2793e-02 3.3397e+00 3.3925e+00 5.2243e+07
5.0500e-04 5.2137e-01 2.0277e+02 9.5797e-02 3.3029e+00 3.3987e+00 5.1852e+07
5.0600e-04 5.2157e-01 2.5462e+02 1.5106e-01 3.2538e+00 3.4048e+00 5.1362e+07
5.0700e-04 5.2182e-01 3.0598e+02 2.1815e-01 3.1925e+00 3.4107e+00 5.0773e+07
5.0800e-04 5.2213e-01 3.5675e+02 2.9655e-01 3.1197e+00 3.4163e+00 5.0086e+07
5.0900e-04 5.2249e-01 4.0684e+02 3.8566e-01 3.0359e+00 3.4215e+00 4.9303e+07
5.1000e-04 5.2289e-01 4.5614e+02 4.8480e-01 2.9417e+00 3.4265e+00 4.8424e+07
5.1100e-04 5.2335e-01 5.0457e+02 5.9319e-01 2.8378e+00 3.4310e+00 4.7453e+07
5.1200e-04 5.2385e-01 5.5202e+02 7.1001e-01 2.7251e+00 3.4351e+00 4.6390e+07
5.1300e-04 5.2441e-01 5.9841e+02 8.3436e-01 2.6044e+00 3.4387e+00 4.5238e+07
5.1400e-04 5.2500e-01 6.4365e+02 9.6528e-01 2.4766e+00 3.4419e+00 4.3999e+07
5.1500e-04 5.2565e-01 6.8765e+02 1.1018e+00 2.3428e+00 3.4446e+00 4.2675e+07
5.1600e-04 5.2633e-01 7.3032e+02 1.2428e+00 2.2039e+00 3.4467e+00 4.1269e+07
5.1700e-04 5.2707e-01 7.7159e+02 1.3872e+00 2.0611e+00 3.4483e+00 3.9783e+07
5.1800e-04 5.2784e-01 8.1137e+02 1.5339e+00 1.9154e+00 3.4493e+00 3.8221e+07
5.1900e-04 5.2865e-01 8.4960e+02 1.6818e+00 1.7679e+00 3.4497e+00 3.6585e+07
5.2000e-04 5.2950e-01 8.8618e+02 1.8298e+00 1.6198e+00 3.4496e+00 3.4879e+07
5.2100e-04 5.3038e-01 9.2106e+02 1.9767e+00 1.4723e+00 3.4489e+00 3.3106e+07
5.2200e-04 5.3131e-01 9.5417e+02 2.1213e+00 1.3264e+00 3.4477e+00 3.1269e+07
5.2300e-04 5.3226e-01 9.8543e+02 2.2626e+00 1.1832e+00 3.4459e+00 2.9371e+07
5.2400e-04 5.3324e-01 1.0148e+03 2.3995e+00 1.0440e+00 3.4435e+00 2.7418e+07
5.2500e-04 5.3426e-01 1.0422e+03 2.5309e+00 9.0973e-01 3.4406e+00 2.5411e+07
5.2600e-04 5.3530e-01 1.0676e+03 2.6558e+00 7.8144e-01 3.4373e+00 2.3355e+07
5.2700e-04 5.3637e-01 1.0910e+03 2.7733e+00 6.6013e-01 3.4334e+00 2.1255e+07
5.2800e-04 5.3746e-01 1.1122e+03 2.8824e+00 5.4673e-01 3.4291e+00 1.9113e+07
5.2900e-04 5.3857e-01 1.1314e+03 2.9823e+00 4.4211e-01 3.4244e+00 1.6935e+07
5.3000e-04 5.3970e-01 1.1483e+03 3.0723e+00 3.4708e-01 3.4194e+00 1.4724e+07
5.3100e-04 5.4085e-01 1.1630e+03 3.1516e+00 2.6238e-01 3.4140e+00 1.2485e+07
5.3200e-04 5.4202e-01 1.1755e+03 3.2196e+00 1.8865e-01 3.4083e+00 1.0222e+07
5.3300e-04 5.4319e-01 1.1857e+03 3.2758e+00 1.2645e-01 3.4023e+00 7.9391e+06
5.3400e-04 5.4438e-01 1.1937e+03 3.3199e+00 7.6277e-02 3.3961e+00 5.6409e+06
5.3500e-04 5.4557e-01 1.1993e+03 3.3513e+00 3.8508e-02 3.3898e+00 3.3319e+06
5.3600e-04 5.4677e-01 1.2026e+03 3.3700e+00 1.3435e-02 3.3834e+00 1.0164e+06
5.3700e-04 5.4797e-01 1.2037e+03 3.3757e+00 1.2502e-03 3.3769e+00 -1.3010e+06
5.3800e-04 5.4918e-01 1.2024e+03 3.3684e+00 2.0484e-03 3.3704e+00 -3.6159e+06
5.3900e-04 5.5038e-01 1.1987e+03 3.3481e+00 1.5823e-02 3.3640e+00 -5.9239e+06
5.4000e-04 5.5158e-01 1.1928e+03 3.3151e+00 4.2468e-02 3.3576e+00 -8.2204e+06
5.4100e-04 5.5277e-01 1.1846e+03 3.2696e+00 8.1779e-02 3.3514e+00 -1.0501e+07
5.4200e-04 5.5395e-01 1.1741e+03 3.2119e+00 1.3345e-01 3.3453e+00 -1.2762e+07
5.4300e-04 5.5513e-01 1.1613e+03 3.1424e+00 1.9709e-01 3.3395e+00 -1.4998e+07
5.4400e-04 5.5629e-01 1.1463e+03 3.0618e+00 2.7220e-01 3.3340e+00 -1.7205e+07
5.4500e-04 5.5744e-01 1.1291e+03 2.9706e+00 3.5821e-01 3.3288e+00 -1.9379e+07
5.4600e-04 5.5857e-01 1.1097e+03 2.8695e+00 4.5446e-01 3.3240e+00 -2.1515e+07
5.4700e-04 5.5967e-01 1.0882e+03 2.7593e+00 5.6020e-01 3.3195e+00 -2.3610e+07
5.4800e-04 5.6076e-01 1.0646e+03 2.6409e+00 6.7462e-01 3.3155e+00 -2.5660e+07
5.4900e-04 5.6183e-01 1.0390e+03 2.5151e+00 7.9684e-01 3.3119e+00 -2.7660e+07
5.5000e-04 5.6287e-01 1.0113e+03 2.3830e+00 9.2592e-01 3.3089e+00 -2.9608e+07
5.5100e-04 5.6388e-01 9.8169e+02 2.2455e+00 1.0609e+00 3.3063e+00 -3.1498e+07
5.5200e-04 5.6486e-01 9.5020e+02 2.1037e+00 1.2006e+00 3.3043e+00 -3.3327e+07
5.5300e-04 5.6581e-01 9.1687e+02 1.9587e+00 1.3441e+00 3.3029e+00 -3.5092e+07
5.5400e-04 5.6673e-01 8.8178e+02 1.8116e+00 1.4903e+00 3.3020e+00 -3.6790e+07
5.5500e-04 5.6761e-01 8.4499e+02 1.6636e+00 1.6380e+00 3.3016e+00 -3.8417e+07
5.5600e-04 5.6845e-01 8.0657e+02 1.5158e+00 1.7861e+00 3.3019e+00 -3.9970e+07
5.5700e-04 5.6926e-01 7.6660e+02 1.3693e+00 1.9334e+00 3.3027e+00 -4.1446e+07
5.5800e-04 5.7003e-01 7.2515e+02 1.2252e+00 2.0788e+00 3.3040e+00 -4.2842e+07
5.5900e-04 5.7075e-01 6.8231e+02 1.0847e+00 2.2212e+00 3.3059e+00 -4.4156e+07
5.6000e-04 5.7143e-01 6.3816e+02 9.4888e-01 2.3595e+00 3.3084e+00 -4.5384e+07
5.6100e-04 5.7207e-01 5.9277e+02 8.1872e-01 2.4927e+00 3.3114e+00 -4.6526e+07
5.6200e-04 5.7267e-01 5.4625e+02 6.9524e-01 2.6196e+00 3.3148e+00 -4.7577e+07
5.6300e-04 5.7321e-01 4.9867e+02 5.7941e-01 2.7394e+00 3.3188e+00 -4.8537e+07
5.6400e-04 5.7371e-01 4.5013e+02 4.7210e-01 2.8510e+00 3.3232e+00 -4.9404e+07
5.6500e-04 5.7416e-01 4.0073e+02 3.7416e-01 2.9538e+00 3.3279e+00 -5.0176e+07
5.6600e-04 5.7456e-01 3.5055e+02 2.8633e-01 3.0467e+00 3.3331e+00 -5.0850e+07
5.6700e-04 5.7491e-01 2.9970e+02 2.0929e-01 3.1293e+00 3.3385e+00 -5.1427e+07
5.6800e-04 5.7521e-01 2.4828e+02 1.4362e-01 3.2007e+00 3.3443e+00 -5.1905e+07
5.6900e-04 5.7546e-01 1.9637e+02 8.9848e-02 3.2605e+00 3.3503e+00 -5.2284e+07
5.7000e-04 5.7566e-01 1.4409e+02 4.8373e-02 3.3081e+00 3.3565e+00 -5.2561e+07
5.7100e-04 5.7580e-01 9.1526e+01 1.9518e-02 3.3433e+00 3.3628e+00 -5.2737e+07
5.7200e-04 5.7589e-01 3.8788e+01 3.5056e-03 3.3658e+00 3.3693e+00 -5.2775e+07
