1.0000e-06 5.7590e-01 -5.2777e+01 6.4899e-03 3.3676e+00 3.3741e+00 -5.2751e+07
2.0000e-06 5.7582e-01 -1.0545e+02 2.5910e-02 3.3481e+00 3.3740e+00 -5.2599e+07
3.0000e-06 5.7569e-01 -1.5792e+02 5.8110e-02 3.3159e+00 3.3740e+00 -5.2345e+07
4.0000e-06 5.7550e-01 -2.1009e+02 1.0284e-01 3.2712e+00 3.3740e+00 -5.1991e+07
5.0000e-06 5.7527e-01 -2.6185e+02 1.5976e-01 3.2142e+00 3.3740e+00 -5.1536e+07
6.0000e-06 5.7498e-01 -3.1311e+02 2.2843e-01 3.1455e+00 3.3739e+00 -5.0982e+07
7.0000e-06 5.7464e-01 -3.6377e+02 3.0833e-01 3.0656e+00 3.3739e+00 -5.0330e+07
8.0000e-06 5.7425e-01 -4.1373e+02 3.9882e-01 2.9750e+00 3.3739e+00 -4.9582e+07
9.0000e-06 5.7381e-01 -4.6289e+02 4.9923e-01 2.8746e+00 3.3738e+00 -4.8737e+07
1.0000e-05 5.7333e-01 -5.1115e+02 6.0878e-01 2.7650e+00 3.3738e+00 -4.7799e+07
1.1000e-05 5.7279e-01 -5.5844e+02 7.2662e-01 2.6471e+00 3.3737e+00 -4.6769e+07
1.2000e-05 5.7221e-01 -6.0465e+02 8.5184e-01 2.5218e+00 3.3736e+00 -4.5649e+07
1.3000e-05 5.7158e-01 -6.4969e+02 9.8349e-01 2.3901e+00 3.3736e+00 -4.4441e+07
1.4000e-05 5.7091e-01 -6.9349e+02 1.1205e+00 2.2530e+00 3.3735e+00 -4.3147e+07
1.5000e-05 5.7020e-01 -7.3594e+02 1.2620e+00 2.1115e+00 3.3735e+00 -4.1770e+07
1.6000e-05 5.6944e-01 -7.7699e+02 1.4066e+00 1.9667e+00 3.3734e+00 -4.0313e+07
1.7000e-05 5.6864e-01 -8.1653e+02 1.5535e+00 1.8198e+00 3.3733e+00 -3.8778e+07
1.8000e-05 5.6781e-01 -8.5451e+02 1.7013e+00 1.6719e+00 3.3732e+00 -3.7169e+07
1.9000e-05 5.6693e-01 -8.9083e+02 1.8491e+00 1.5241e+00 3.3732e+00 -3.5488e+07
2.0000e-05 5.6602e-01 -9.2545e+02 1.9955e+00 1.3776e+00 3.3731e+00 -3.3739e+07
2.1000e-05 5.6508e-01 -9.5828e+02 2.1396e+00 1.2334e+00 3.3730e+00 -3.1925e+07
2.2000e-05 5.6411e-01 -9.8927e+02 2.2802e+00 1.0927e+00 3.3730e+00 -3.0049e+07
2.3000e-05 5.6310e-01 -1.0183e+03 2.4163e+00 9.5661e-01 3.3729e+00 -2.8115e+07
2.4000e-05 5.6207e-01 -1.0455e+03 2.5467e+00 8.2613e-01 3.3728e+00 -2.6127e+07
2.5000e-05 5.6101e-01 -1.0706e+03 2.6705e+00 7.0227e-01 3.3728e+00 -2.4089e+07
2.6000e-05 5.5993e-01 -1.0936e+03 2.7867e+00 5.8600e-01 3.3727e+00 -2.2005e+07
2.7000e-05 5.5882e-01 -1.1146e+03 2.8945e+00 4.7820e-01 3.3727e+00 -1.9878e+07
2.8000e-05 5.5770e-01 -1.1334e+03 2.9929e+00 3.7971e-01 3.3726e+00 -1.7713e+07
2.9000e-05 5.5656e-01 -1.1500e+03 3.0813e+00 2.9128e-01 3.3726e+00 -1.5514e+07
3.0000e-05 5.5540e-01 -1.1644e+03 3.1589e+00 2.1359e-01 3.3725e+00 -1.3285e+07
3.1000e-05 5.5423e-01 -1.1765e+03 3.2253e+00 1.4725e-01 3.3725e+00 -1.1031e+07
3.2000e-05 5.5305e-01 -1.1864e+03 3.2797e+00 9.2755e-02 3.3725e+00 -8.7547e+06
3.3000e-05 5.5186e-01 -1.1940e+03 3.3219e+00 5.0535e-02 3.3725e+00 -6.4620e+06
3.4000e-05 5.5066e-01 -1.1993e+03 3.3515e+00 2.0912e-02 3.3724e+00 -4.1569e+06
3.5000e-05 5.4946e-01 -1.2023e+03 3.3683e+00 4.1141e-03 3.3724e+00 -1.8438e+06
3.6000e-05 5.4825e-01 -1.2030e+03 3.3722e+00 2.7063e-04 3.3724e+00 4.7289e+05
3.7000e-05 5.4705e-01 -1.2014e+03 3.3630e+00 9.4111e-03 3.3724e+00 2.7887e+06
3.8000e-05 5.4585e-01 -1.1975e+03 3.3410e+00 3.1465e-02 3.3724e+00 5.0991e+06
3.9000e-05 5.4466e-01 -1.1912e+03 3.3062e+00 6.6263e-02 3.3725e+00 7.3996e+06
4.0000e-05 5.4347e-01 -1.1827e+03 3.2590e+00 1.1354e-01 3.3725e+00 9.6860e+06
4.1000e-05 5.4229e-01 -1.1718e+03 3.1996e+00 1.7292e-01 3.3725e+00 1.1954e+07
4.2000e-05 5.4113e-01 -1.1588e+03 3.1286e+00 2.4396e-01 3.3726e+00 1.4198e+07
4.3000e-05 5.3997e-01 -1.1435e+03 3.0465e+00 3.2611e-01 3.3726e+00 1.6416e+07
4.4000e-05 5.3884e-01 -1.1260e+03 2.9539e+00 4.1874e-01 3.3726e+00 1.8601e+07
4.5000e-05 5.3772e-01 -1.1063e+03 2.8516e+00 5.2113e-01 3.3727e+00 2.0751e+07
4.6000e-05 5.3663e-01 -1.0845e+03 2.7403e+00 6.3249e-01 3.3727e+00 2.2861e+07
4.7000e-05 5.3555e-01 -1.0606e+03 2.6208e+00 7.5197e-01 3.3728e+00 2.4927e+07
4.8000e-05 5.3450e-01 -1.0346e+03 2.4942e+00 8.7864e-01 3.3729e+00 2.6945e+07
4.9000e-05 5.3348e-01 -1.0067e+03 2.3614e+00 1.0115e+00 3.3729e+00 2.8911e+07
5.0000e-05 5.3249e-01 -9.7684e+02 2.2233e+00 1.1496e+00 3.3730e+00 3.0822e+07
5.1000e-05 5.3153e-01 -9.4510e+02 2.0812e+00 1.2919e+00 3.3731e+00 3.2673e+07
5.2000e-05 5.3060e-01 -9.1153e+02 1.9360e+00 1.4372e+00 3.3731e+00 3.4461e+07
5.3000e-05 5.2971e-01 -8.7621e+02 1.7888e+00 1.5844e+00 3.3732e+00 3.6183e+07
5.4000e-05 5.2885e-01 -8.3920e+02 1.6409e+00 1.7324e+00 3.3733e+00 3.7835e+07
5.5000e-05 5.2803e-01 -8.0058e+02 1.4933e+00 1.8800e+00 3.3733e+00 3.9414e+07
5.6000e-05 5.2725e-01 -7.6041e+02 1.3473e+00 2.0262e+00 3.3734e+00 4.0918e+07
5.7000e-05 5.2651e-01 -7.1878e+02 1.2038e+00 2.1697e+00 3.3735e+00 4.2342e+07
5.8000e-05 5.2581e-01 -6.7577e+02 1.0640e+00 2.3095e+00 3.3735e+00 4.3685e+07
5.9000e-05 5.2516e-01 -6.3145e+02 9.2904e-01 2.4446e+00 3.3736e+00 4.4944e+07
6.0000e-05 5.2455e-01 -5.8592e+02 7.9990e-01 2.5738e+00 3.3737e+00 4.6117e+07
6.1000e-05 5.2398e-01 -5.3926e+02 6.7757e-01 2.6962e+00 3.3737e+00 4.7200e+07
6.2000e-05 5.2347e-01 -4.9156e+02 5.6301e-01 2.8108e+00 3.3738e+00 4.8193e+07
6.3000e-05 5.2300e-01 -4.4292e+02 4.5710e-01 2.9167e+00 3.3738e+00 4.9093e+07
6.4000e-05 5.2258e-01 -3.9343e+02 3.6065e-01 3.0132e+00 3.3739e+00 4.9899e+07
6.5000e-05 5.2221e-01 -3.4317e+02 2.7440e-01 3.0995e+00 3.3739e+00 5.0608e+07
6.6000e-05 5.2190e-01 -2.9226e+02 1.9902e-01 3.1749e+00 3.3740e+00 5.1220e+07
6.7000e-05 5.2163e-01 -2.4078e+02 1.3508e-01 3.2389e+00 3.3740e+00 5.1734e+07
6.8000e-05 5.2141e-01 -1.8884e+02 8.3089e-02 3.2909e+00 3.3740e+00 5.2147e+07
6.9000e-05 5.2125e-01 -1.3654e+02 4.3436e-02 3.3306e+00 3.3740e+00 5.2461e+07
7.0000e-05 5.2114e-01 -8.3969e+01 1.6428e-02 3.3576e+00 3.3741e+00 5.2673e+07
7.1000e-05 5.2108e-01 -3.1240e+01 2.2740e-03 3.3718e+00 3.3741e+00 5.2784e+07
7.2000e-05 5.2108e-01 2.1549e+01 1.0819e-03 3.3730e+00 3.3741e+00 5.2793e+07
7.3000e-05 5.2113e-01 7.4296e+01 1.2861e-02 3.3612e+00 3.3741e+00 5.2701e+07
7.4000e-05 5.2123e-01 1.2690e+02 3.7521e-02 3.3365e+00 3.3740e+00 5.2507e+07
7.5000e-05 5.2138e-01 1.7926e+02 7.4873e-02 3.2991e+00 3.3740e+00 5.2213e+07
7.6000e-05 5.2159e-01 2.3127e+02 1.2463e-01 3.2494e+00 3.3740e+00 5.1817e+07
7.7000e-05 5.2184e-01 2.8284e+02 1.8640e-01 3.1876e+00 3.3740e+00 5.1322e+07
7.8000e-05 5.2215e-01 3.3387e+02 2.5972e-01 3.1142e+00 3.3739e+00 5.0728e+07
7.9000e-05 5.2251e-01 3.8425e+02 3.4402e-01 3.0299e+00 3.3739e+00 5.0036e+07
8.0000e-05 5.2292e-01 4.3389e+02 4.3866e-01 2.9352e+00 3.3738e+00 4.9248e+07
8.1000e-05 5.2338e-01 4.8270e+02 5.4289e-01 2.8309e+00 3.3738e+00 4.8366e+07
8.2000e-05 5.2389e-01 5.3058e+02 6.5593e-01 2.7178e+00 3.3737e+00 4.7390e+07
8.3000e-05 5.2444e-01 5.7743e+02 7.7689e-01 2.5968e+00 3.3737e+00 4.6323e+07
8.4000e-05 5.2504e-01 6.2318e+02 9.0486e-01 2.4688e+00 3.3736e+00 4.5166e+07
8.5000e-05 5.2569e-01 6.6772e+02 1.0388e+00 2.3347e+00 3.3736e+00 4.3923e+07
8.6000e-05 5.2638e-01 7.1098e+02 1.1778e+00 2.1957e+00 3.3735e+00 4.2595e+07
8.7000e-05 5.2711e-01 7.5287e+02 1.3207e+00 2.0527e+00 3.3734e+00 4.1185e+07
8.8000e-05 5.2788e-01 7.9331e+02 1.4664e+00 1.9070e+00 3.3734e+00 3.9696e+07
8.9000e-05 5.2870e-01 8.3223e+02 1.6138e+00 1.7595e+00 3.3733e+00 3.8130e+07
9.0000e-05 5.2955e-01 8.6954e+02 1.7617e+00 1.6115e+00 3.3732e+00 3.6491e+07
9.1000e-05 5.3043e-01 9.0517e+02 1.9091e+00 1.4641e+00 3.3731e+00 3.4782e+07
9.2000e-05 5.3136e-01 9.3907e+02 2.0547e+00 1.3184e+00 3.3731e+00 3.3006e+07
9.3000e-05 5.3231e-01 9.7115e+02 2.1975e+00 1.1755e+00 3.3730e+00 3.1166e+07
9.4000e-05 5.3330e-01 1.0014e+03 2.3364e+00 1.0365e+00 3.3729e+00 2.9266e+07
9.5000e-05 5.3432e-01 1.0297e+03 2.4703e+00 9.0261e-01 3.3729e+00 2.7310e+07
9.6000e-05 5.3536e-01 1.0560e+03 2.5981e+00 7.7472e-01 3.3728e+00 2.5301e+07
9.7000e-05 5.3643e-01 1.0802e+03 2.7189e+00 6.5385e-01 3.3727e+00 2.3244e+07
9.8000e-05 5.3752e-01 1.1024e+03 2.8318e+00 5.4093e-01 3.3727e+00 2.1142e+07
9.9000e-05 5.3863e-01 1.1225e+03 2.9358e+00 4.3683e-01 3.3726e+00 1.8999e+07
1.0000e-04 5.3976e-01 1.1404e+03 3.0302e+00 3.4236e-01 3.3726e+00 1.6819e+07
1.0100e-04 5.4091e-01 1.1561e+03 3.1143e+00 2.5823e-01 3.3726e+00 1.4608e+07
1.0200e-04 5.4208e-01 1.1696e+03 3.1874e+00 1.8511e-01 3.3725e+00 1.2368e+07
1.0300e-04 5.4325e-01 1.1808e+03 3.2489e+00 1.2355e-01 3.3725e+00 1.0104e+07
1.0400e-04 5.4444e-01 1.1898e+03 3.2985e+00 7.4018e-02 3.3725e+00 7.8207e+06
1.0500e-04 5.4563e-01 1.1965e+03 3.3355e+00 3.6906e-02 3.3725e+00 5.5224e+06
1.0600e-04 5.4683e-01 1.2008e+03 3.3599e+00 1.2497e-02 3.3724e+00 3.2134e+06
1.0700e-04 5.4803e-01 1.2029e+03 3.3715e+00 9.7659e-04 3.3724e+00 8.9832e+05
1.0800e-04 5.4924e-01 1.2026e+03 3.3700e+00 2.4351e-03 3.3724e+00 -1.4185e+06
1.0900e-04 5.5044e-01 1.2001e+03 3.3556e+00 1.6861e-02 3.3724e+00 -3.7326e+06
1.1000e-04 5.5164e-01 1.1952e+03 3.3283e+00 4.4143e-02 3.3725e+00 -6.0396e+06
1.1100e-04 5.5283e-01 1.1880e+03 3.2884e+00 8.4071e-02 3.3725e+00 -8.3349e+06
1.1200e-04 5.5401e-01 1.1785e+03 3.2362e+00 1.3634e-01 3.3725e+00 -1.0614e+07
1.1300e-04 5.5519e-01 1.1668e+03 3.1720e+00 2.0054e-01 3.3725e+00 -1.2873e+07
1.1400e-04 5.5635e-01 1.1528e+03 3.0964e+00 2.7619e-01 3.3726e+00 -1.5107e+07
1.1500e-04 5.5749e-01 1.1366e+03 3.0099e+00 3.6269e-01 3.3726e+00 -1.7312e+07
1.1600e-04 5.5862e-01 1.1182e+03 2.9133e+00 4.5940e-01 3.3727e+00 -1.9483e+07
1.1700e-04 5.5973e-01 1.0976e+03 2.8072e+00 5.6555e-01 3.3727e+00 -2.1618e+07
1.1800e-04 5.6081e-01 1.0750e+03 2.6924e+00 6.8033e-01 3.3728e+00 -2.3710e+07
1.1900e-04 5.6188e-01 1.0502e+03 2.5700e+00 8.0286e-01 3.3728e+00 -2.5757e+07
1.2000e-04 5.6292e-01 1.0235e+03 2.4407e+00 9.3220e-01 3.3729e+00 -2.7754e+07
1.2100e-04 5.6392e-01 9.9475e+02 2.3056e+00 1.0673e+00 3.3729e+00 -2.9698e+07
1.2200e-04 5.6490e-01 9.6411e+02 2.1657e+00 1.2073e+00 3.3730e+00 -3.1585e+07
1.2300e-04 5.6585e-01 9.3161e+02 2.0222e+00 1.3509e+00 3.3731e+00 -3.3410e+07
1.2400e-04 5.6677e-01 8.9732e+02 1.8761e+00 1.4971e+00 3.3732e+00 -3.5172e+07
1.2500e-04 5.6765e-01 8.6130e+02 1.7285e+00 1.6447e+00 3.3732e+00 -3.6866e+07
1.2600e-04 5.6849e-01 8.2362e+02 1.5806e+00 1.7927e+00 3.3733e+00 -3.8488e+07
1.2700e-04 5.6930e-01 7.8436e+02 1.4335e+00 1.9399e+00 3.3734e+00 -4.0037e+07
1.2800e-04 5.7006e-01 7.4359e+02 1.2883e+00 2.0851e+00 3.3734e+00 -4.1509e+07
1.2900e-04 5.7078e-01 7.0138e+02 1.1462e+00 2.2273e+00 3.3735e+00 -4.2900e+07
1.3000e-04 5.7146e-01 6.5783e+02 1.0083e+00 2.3653e+00 3.3736e+00 -4.4210e+07
1.3100e-04 5.7210e-01 6.1301e+02 8.7556e-01 2.4981e+00 3.3736e+00 -4.5434e+07
1.3200e-04 5.7269e-01 5.6701e+02 7.4909e-01 2.6246e+00 3.3737e+00 -4.6570e+07
1.3300e-04 5.7323e-01 5.1991e+02 6.2982e-01 2.7439e+00 3.3738e+00 -4.7617e+07
1.3400e-04 5.7373e-01 4.7182e+02 5.1869e-01 2.8551e+00 3.3738e+00 -4.8572e+07
1.3500e-04 5.7418e-01 4.2282e+02 4.1654e-01 2.9573e+00 3.3739e+00 -4.9434e+07
1.3600e-04 5.7457e-01 3.7300e+02 3.2417e-01 3.0497e+00 3.3739e+00 -5.0200e+07
1.3700e-04 5.7492e-01 3.2246e+02 2.4228e-01 3.1317e+00 3.3739e+00 -5.0870e+07
1.3800e-04 5.7522e-01 2.7131e+02 1.7151e-01 3.2025e+00 3.3740e+00 -5.1442e+07
1.3900e-04 5.7546e-01 2.1963e+02 1.1239e-01 3.2616e+00 3.3740e+00 -5.1915e+07
1.4000e-04 5.7566e-01 1.6753e+02 6.5393e-02 3.3086e+00 3.3740e+00 -5.2288e+07
1.4100e-04 5.7580e-01 1.1510e+02 3.0870e-02 3.3432e+00 3.3740e+00 -5.2560e+07
1.4200e-04 5.7589e-01 6.2460e+01 9.0898e-03 3.3650e+00 3.3741e+00 -5.2731e+07
1.4300e-04 5.7592e-01 9.6940e+00 2.1896e-04 3.3738e+00 3.3741e+00 -5.2800e+07
1.4400e-04 5.7591e-01 -4.3090e+01 4.3263e-03 3.3697e+00 3.3741e+00 -5.2768e+07
1.4500e-04 5.7584e-01 -9.5791e+01 2.1380e-02 3.3527e+00 3.3740e+00 -5.2634e+07
1.4600e-04 5.7572e-01 -1.4831e+02 5.1249e-02 3.3228e+00 3.3740e+00 -5.2399e+07
1.4700e-04 5.7554e-01 -2.0054e+02 9.3703e-02 3.2803e+00 3.3740e+00 -5.2063e+07
1.4800e-04 5.7531e-01 -2.5238e+02 1.4842e-01 3.2256e+00 3.3740e+00 -5.1627e+07
1.4900e-04 5.7504e-01 -3.0374e+02 2.1497e-01 3.1590e+00 3.3740e+00 -5.1091e+07
1.5000e-04 5.7471e-01 -3.5452e+02 2.9284e-01 3.0811e+00 3.3739e+00 -5.0457e+07
1.5100e-04 5.7433e-01 -4.0461e+02 3.8144e-01 2.9924e+00 3.3739e+00 -4.9726e+07
1.5200e-04 5.7390e-01 -4.5392e+02 4.8009e-01 2.8937e+00 3.3738e+00 -4.8899e+07
1.5300e-04 5.7342e-01 -5.0236e+02 5.8802e-01 2.7858e+00 3.3738e+00 -4.7978e+07
1.5400e-04 5.7289e-01 -5.4983e+02 7.0440e-01 2.6693e+00 3.3737e+00 -4.6965e+07
1.5500e-04 5.7232e-01 -5.9625e+02 8.2834e-01 2.5453e+00 3.3737e+00 -4.5861e+07
1.5600e-04 5.7170e-01 -6.4151e+02 9.5888e-01 2.4147e+00 3.3736e+00 -4.4669e+07
1.5700e-04 5.7104e-01 -6.8554e+02 1.0950e+00 2.2785e+00 3.3735e+00 -4.3391e+07
1.5800e-04 5.7033e-01 -7.2825e+02 1.2357e+00 2.1377e+00 3.3735e+00 -4.2029e+07
1.5900e-04 5.6958e-01 -7.6956e+02 1.3799e+00 1.9935e+00 3.3734e+00 -4.0587e+07
1.6000e-04 5.6879e-01 -8.0939e+02 1.5264e+00 1.8469e+00 3.3733e+00 -3.9066e+07
1.6100e-04 5.6796e-01 -8.4765e+02 1.6741e+00 1.6991e+00 3.3733e+00 -3.7470e+07
1.6200e-04 5.6710e-01 -8.8429e+02 1.8220e+00 1.5512e+00 3.3732e+00 -3.5802e+07
1.6300e-04 5.6619e-01 -9.1922e+02 1.9688e+00 1.4043e+00 3.3731e+00 -3.4065e+07
1.6400e-04 5.6526e-01 -9.5239e+02 2.1134e+00 1.2596e+00 3.3730e+00 -3.2262e+07
1.6500e-04 5.6429e-01 -9.8372e+02 2.2547e+00 1.1182e+00 3.3730e+00 -3.0398e+07
1.6600e-04 5.6329e-01 -1.0132e+03 2.3917e+00 9.8121e-01 3.3729e+00 -2.8474e+07
1.6700e-04 5.6226e-01 -1.0406e+03 2.5232e+00 8.4962e-01 3.3728e+00 -2.6496e+07
1.6800e-04 5.6121e-01 -1.0661e+03 2.6483e+00 7.2448e-01 3.3728e+00 -2.4467e+07
1.6900e-04 5.6013e-01 -1.0895e+03 2.7660e+00 6.0674e-01 3.3727e+00 -2.2391e+07
1.7000e-04 5.5903e-01 -1.1109e+03 2.8754e+00 4.9732e-01 3.3727e+00 -2.0272e+07
1.7100e-04 5.5791e-01 -1.1301e+03 2.9756e+00 3.9706e-01 3.3726e+00 -1.8113e+07
1.7200e-04 5.5677e-01 -1.1471e+03 3.0659e+00 3.0673e-01 3.3726e+00 -1.5920e+07
1.7300e-04 5.5561e-01 -1.1619e+03 3.1455e+00 2.2702e-01 3.3725e+00 -1.3696e+07
1.7400e-04 5.5445e-01 -1.1745e+03 3.2140e+00 1.5855e-01 3.3725e+00 -1.1446e+07
1.7500e-04 5.5326e-01 -1.1848e+03 3.2706e+00 1.0185e-01 3.3725e+00 -9.1740e+06
1.7600e-04 5.5208e-01 -1.1928e+03 3.3151e+00 5.7351e-02 3.3725e+00 -6.8841e+06
1.7700e-04 5.5088e-01 -1.1985e+03 3.3471e+00 2.5395e-02 3.3724e+00 -4.5809e+06
1.7800e-04 5.4968e-01 -1.2020e+03 3.3662e+00 6.2301e-03 3.3724e+00 -2.2689e+06
1.7900e-04 5.4848e-01 -1.2031e+03 3.3724e+00 2.7227e-06 3.3724e+00 4.7432e+04
1.8000e-04 5.4727e-01 -1.2019e+03 3.3657e+00 6.7614e-03 3.3724e+00 2.3637e+06
1.8100e-04 5.4607e-01 -1.1984e+03 3.3460e+00 2.6454e-02 3.3724e+00 4.6754e+06
1.8200e-04 5.4488e-01 -1.1925e+03 3.3135e+00 5.8929e-02 3.3725e+00 6.9781e+06
1.8300e-04 5.4369e-01 -1.1844e+03 3.2685e+00 1.0394e-01 3.3725e+00 9.2674e+06
1.8400e-04 5.4251e-01 -1.1740e+03 3.2114e+00 1.6113e-01 3.3725e+00 1.1539e+07
1.8500e-04 5.4134e-01 -1.1613e+03 3.1425e+00 2.3007e-01 3.3725e+00 1.3788e+07
1.8600e-04 5.4018e-01 -1.1464e+03 3.0624e+00 3.1022e-01 3.3726e+00 1.6011e+07
1.8700e-04 5.3905e-01 -1.1293e+03 2.9717e+00 4.0098e-01 3.3726e+00 1.8203e+07
1.8800e-04 5.3793e-01 -1.1100e+03 2.8710e+00 5.0163e-01 3.3727e+00 2.0359e+07
1.8900e-04 5.3683e-01 -1.0886e+03 2.7613e+00 6.1140e-01 3.3727e+00 2.2477e+07
1.9000e-04 5.3575e-01 -1.0651e+03 2.6433e+00 7.2946e-01 3.3728e+00 2.4551e+07
1.9100e-04 5.3470e-01 -1.0396e+03 2.5180e+00 8.5489e-01 3.3728e+00 2.6578e+07
1.9200e-04 5.3367e-01 -1.0120e+03 2.3862e+00 9.8672e-01 3.3729e+00 2.8554e+07
1.9300e-04 5.3267e-01 -9.8247e+02 2.2490e+00 1.1239e+00 3.3730e+00 3.0475e+07
1.9400e-04 5.3170e-01 -9.5106e+02 2.1075e+00 1.2655e+00 3.3730e+00 3.2337e+07
1.9500e-04 5.3077e-01 -9.1783e+02 1.9628e+00 1.4103e+00 3.3731e+00 3.4137e+07
1.9600e-04 5.2987e-01 -8.8282e+02 1.8159e+00 1.5572e+00 3.3732e+00 3.5872e+07
1.9700e-04 5.2900e-01 -8.4612e+02 1.6681e+00 1.7052e+00 3.3733e+00 3.7537e+07
1.9800e-04 5.2818e-01 -8.0779e+02 1.5204e+00 1.8530e+00 3.3733e+00 3.9130e+07
1.9900e-04 5.2739e-01 -7.6790e+02 1.3739e+00 1.9995e+00 3.3734e+00 4.0647e+07
2.0000e-04 5.2664e-01 -7.2653e+02 1.2299e+00 2.1436e+00 3.3735e+00 4.2087e+07
2.0100e-04 5.2593e-01 -6.8376e+02 1.0894e+00 2.2842e+00 3.3735e+00 4.3445e+07
2.0200e-04 5.2527e-01 -6.3968e+02 9.5342e-01 2.4202e+00 3.3736e+00 4.4720e+07
2.0300e-04 5.2466e-01 -5.9437e+02 8.2313e-01 2.5505e+00 3.3737e+00 4.5908e+07
2.0400e-04 5.2408e-01 -5.4791e+02 6.9948e-01 2.6742e+00 3.3737e+00 4.7008e+07
2.0500e-04 5.2356e-01 -5.0040e+02 5.8342e-01 2.7904e+00 3.3738e+00 4.8018e+07
2.0600e-04 5.2308e-01 -4.5192e+02 4.7586e-01 2.8980e+00 3.3738e+00 4.8935e+07
2.0700e-04 5.2266e-01 -4.0257e+02 3.7761e-01 2.9963e+00 3.3739e+00 4.9758e+07
2.0800e-04 5.2228e-01 -3.5245e+02 2.8944e-01 3.0845e+00 3.3739e+00 5.0485e+07
2.0900e-04 5.2195e-01 -3.0165e+02 2.1202e-01 3.1619e+00 3.3740e+00 5.1115e+07
2.1000e-04 5.2167e-01 -2.5027e+02 1.4594e-01 3.2280e+00 3.3740e+00 5.1647e+07
2.1100e-04 5.2145e-01 -1.9841e+02 9.1722e-02 3.2823e+00 3.3740e+00 5.2079e+07
2.1200e-04 5.2128e-01 -1.4616e+02 4.9777e-02 3.3243e+00 3.3740e+00 5.2411e+07
2.1300e-04 5.2116e-01 -9.3637e+01 2.0429e-02 3.3536e+00 3.3740e+00 5.2642e+07
2.1400e-04 5.2109e-01 -4.0930e+01 3.9034e-03 3.3702e+00 3.3741e+00 5.2771e+07
2.1500e-04 5.2108e-01 1.1855e+01 3.2748e-04 3.3737e+00 3.3741e+00 5.2799e+07
2.1600e-04 5.2111e-01 6.4618e+01 9.7289e-03 3.3643e+00 3.3741e+00 5.2726e+07
2.1700e-04 5.2121e-01 1.1726e+02 3.2035e-02 3.3420e+00 3.3740e+00 5.2551e+07
2.1800e-04 5.2135e-01 1.6967e+02 6.7075e-02 3.3070e+00 3.3740e+00 5.2274e+07
2.1900e-04 5.2154e-01 2.2175e+02 1.1458e-01 3.2594e+00 3.3740e+00 5.1897e+07
2.2000e-04 5.2179e-01 2.7341e+02 1.7418e-01 3.1998e+00 3.3740e+00 5.1420e+07
2.2100e-04 5.2209e-01 3.2455e+02 2.4542e-01 3.1285e+00 3.3739e+00 5.0844e+07
2.2200e-04 5.2244e-01 3.7505e+02 3.2775e-01 3.0462e+00 3.3739e+00 5.0171e+07
2.2300e-04 5.2284e-01 4.2484e+02 4.2054e-01 2.9533e+00 3.3739e+00 4.9400e+07
2.2400e-04 5.2329e-01 4.7381e+02 5.2307e-01 2.8507e+00 3.3738e+00 4.8535e+07
2.2500e-04 5.2379e-01 5.2186e+02 6.3455e-01 2.7392e+00 3.3738e+00 4.7576e+07
2.2600e-04 5.2434e-01 5.6891e+02 7.5413e-01 2.6196e+00 3.3737e+00 4.6525e+07
2.2700e-04 5.2493e-01 6.1487e+02 8.8088e-01 2.4928e+00 3.3736e+00 4.5385e+07
2.2800e-04 5.2556e-01 6.5964e+02 1.0138e+00 2.3597e+00 3.3736e+00 4.4158e+07
2.2900e-04 5.2625e-01 7.0314e+02 1.1520e+00 2.2215e+00 3.3735e+00 4.2845e+07
2.3000e-04 5.2697e-01 7.4529e+02 1.2942e+00 2.0792e+00 3.3734e+00 4.1450e+07
2.3100e-04 5.2774e-01 7.8600e+02 1.4395e+00 1.9339e+00 3.3734e+00 3.9975e+07
2.3200e-04 5.2854e-01 8.2520e+02 1.5866e+00 1.7867e+00 3.3733e+00 3.8423e+07
2.3300e-04 5.2939e-01 8.6281e+02 1.7345e+00 1.6387e+00 3.3732e+00 3.6798e+07
2.3400e-04 5.3027e-01 8.9876e+02 1.8821e+00 1.4911e+00 3.3732e+00 3.5101e+07
2.3500e-04 5.3119e-01 9.3298e+02 2.0281e+00 1.3449e+00 3.3731e+00 3.3337e+07
2.3600e-04 5.3213e-01 9.6540e+02 2.1716e+00 1.2015e+00 3.3730e+00 3.1509e+07
2.3700e-04 5.3312e-01 9.9596e+02 2.3112e+00 1.0617e+00 3.3729e+00 2.9619e+07
2.3800e-04 5.3413e-01 1.0246e+03 2.4461e+00 9.2678e-01 3.3729e+00 2.7673e+07
2.3900e-04 5.3517e-01 1.0513e+03 2.5751e+00 7.9770e-01 3.3728e+00 2.5674e+07
2.4000e-04 5.3623e-01 1.0759e+03 2.6973e+00 6.7547e-01 3.3728e+00 2.3625e+07
2.4100e-04 5.3732e-01 1.0985e+03 2.8117e+00 5.6102e-01 3.3727e+00 2.1531e+07
2.4200e-04 5.3843e-01 1.1190e+03 2.9174e+00 4.5525e-01 3.3727e+00 1.9395e+07
2.4300e-04 5.3955e-01 1.1373e+03 3.0137e+00 3.5895e-01 3.3726e+00 1.7222e+07
2.4400e-04 5.4070e-01 1.1534e+03 3.0997e+00 2.7287e-01 3.3726e+00 1.5016e+07
2.4500e-04 5.4186e-01 1.1673e+03 3.1748e+00 1.9769e-01 3.3725e+00 1.2781e+07
2.4600e-04 5.4304e-01 1.1790e+03 3.2385e+00 1.3396e-01 3.3725e+00 1.0521e+07
2.4700e-04 5.4422e-01 1.1883e+03 3.2903e+00 8.2192e-02 3.3725e+00 8.2412e+06
2.4800e-04 5.4541e-01 1.1954e+03 3.3297e+00 4.2776e-02 3.3725e+00 5.9453e+06
2.4900e-04 5.4661e-01 1.2002e+03 3.3564e+00 1.6017e-02 3.3724e+00 3.6380e+06
2.5000e-04 5.4781e-01 1.2027e+03 3.3703e+00 2.1204e-03 3.3724e+00 1.3237e+06
2.5100e-04 5.4902e-01 1.2029e+03 3.3712e+00 1.1937e-03 3.3724e+00 -9.9317e+05
2.5200e-04 5.5022e-01 1.2007e+03 3.3592e+00 1.3244e-02 3.3724e+00 -3.3081e+06
2.5300e-04 5.5142e-01 1.1963e+03 3.3343e+00 3.8178e-02 3.3725e+00 -5.6167e+06
2.5400e-04 5.5261e-01 1.1895e+03 3.2967e+00 7.5804e-02 3.3725e+00 -7.9145e+06
2.5500e-04 5.5380e-01 1.1804e+03 3.2467e+00 1.2583e-01 3.3725e+00 -1.0197e+07
2.5600e-04 5.5497e-01 1.1691e+03 3.1846e+00 1.8788e-01 3.3725e+00 -1.2460e+07
2.5700e-04 5.5613e-01 1.1555e+03 3.1111e+00 2.6147e-01 3.3726e+00 -1.4699e+07
2.5800e-04 5.5728e-01 1.1397e+03 3.0266e+00 3.4603e-01 3.3726e+00 -1.6909e+07
2.5900e-04 5.5841e-01 1.1217e+03 2.9317e+00 4.4091e-01 3.3726e+00 -1.9087e+07
2.6000e-04 5.5953e-01 1.1016e+03 2.8273e+00 5.4538e-01 3.3727e+00 -2.1229e+07
2.6100e-04 5.6062e-01 1.0793e+03 2.7141e+00 6.5864e-01 3.3728e+00 -2.3329e+07
2.6200e-04 5.6168e-01 1.0549e+03 2.5930e+00 7.7982e-01 3.3728e+00 -2.5385e+07
2.6300e-04 5.6273e-01 1.0285e+03 2.4649e+00 9.0798e-01 3.3729e+00 -2.7391e+07
2.6400e-04 5.6374e-01 1.0002e+03 2.3308e+00 1.0421e+00 3.3729e+00 -2.9345e+07
2.6500e-04 5.6473e-01 9.6988e+02 2.1917e+00 1.1813e+00 3.3730e+00 -3.1243e+07
2.6600e-04 5.6568e-01 9.3772e+02 2.0488e+00 1.3243e+00 3.3731e+00 -3.3080e+07
2.6700e-04 5.6660e-01 9.0375e+02 1.9031e+00 1.4701e+00 3.3731e+00 -3.4853e+07
2.6800e-04 5.6749e-01 8.6804e+02 1.7556e+00 1.6176e+00 3.3732e+00 -3.6560e+07
2.6900e-04 5.6834e-01 8.3066e+02 1.6077e+00 1.7656e+00 3.3733e+00 -3.8196e+07
2.7000e-04 5.6915e-01 7.9169e+02 1.4604e+00 1.9130e+00 3.3734e+00 -3.9758e+07
2.7100e-04 5.6992e-01 7.5119e+02 1.3148e+00 2.0587e+00 3.3734e+00 -4.1244e+07
2.7200e-04 5.7065e-01 7.0924e+02 1.1720e+00 2.2015e+00 3.3735e+00 -4.2651e+07
2.7300e-04 5.7134e-01 6.6592e+02 1.0333e+00 2.3403e+00 3.3736e+00 -4.3975e+07
2.7400e-04 5.7198e-01 6.2133e+02 8.9950e-01 2.4741e+00 3.3736e+00 -4.5215e+07
2.7500e-04 5.7258e-01 5.7554e+02 7.7180e-01 2.6019e+00 3.3737e+00 -4.6368e+07
2.7600e-04 5.7314e-01 5.2864e+02 6.5114e-01 2.7226e+00 3.3737e+00 -4.7431e+07
2.7700e-04 5.7364e-01 4.8072e+02 5.3844e-01 2.8354e+00 3.3738e+00 -4.8404e+07
2.7800e-04 5.7410e-01 4.3188e+02 4.3459e-01 2.9393e+00 3.3738e+00 -4.9283e+07
2.7900e-04 5.7450e-01 3.8220e+02 3.4036e-01 3.0335e+00 3.3739e+00 -5.0067e+07
2.8000e-04 5.7486e-01 3.3179e+02 2.5650e-01 3.1174e+00 3.3739e+00 -5.0754e+07
2.8100e-04 5.7517e-01 2.8074e+02 1.8364e-01 3.1903e+00 3.3740e+00 -5.1344e+07
2.8200e-04 5.7542e-01 2.2915e+02 1.2235e-01 3.2516e+00 3.3740e+00 -5.1835e+07
2.8300e-04 5.7563e-01 1.7712e+02 7.3098e-02 3.3009e+00 3.3740e+00 -5.2227e+07
2.8400e-04 5.7578e-01 1.2475e+02 3.6261e-02 3.3378e+00 3.3740e+00 -5.2517e+07
2.8500e-04 5.7588e-01 7.2138e+01 1.2125e-02 3.3619e+00 3.3741e+00 -5.2707e+07
2.8600e-04 5.7592e-01 1.9387e+01 8.7578e-04 3.3732e+00 3.3741e+00 -5.2795e+07
2.8700e-04 5.7591e-01 -3.3401e+01 2.5994e-03 3.3715e+00 3.3741e+00 -5.2782e+07
2.8800e-04 5.7585e-01 -8.6125e+01 1.7283e-02 3.3568e+00 3.3740e+00 -5.2666e+07
2.8900e-04 5.7574e-01 -1.3868e+02 4.4813e-02 3.3292e+00 3.3740e+00 -5.2450e+07
2.9000e-04 5.7558e-01 -1.9097e+02 8.4978e-02 3.2890e+00 3.3740e+00 -5.2132e+07
2.9100e-04 5.7536e-01 -2.4290e+02 1.3747e-01 3.2365e+00 3.3740e+00 -5.1715e+07
2.9200e-04 5.7509e-01 -2.9435e+02 2.0188e-01 3.1721e+00 3.3740e+00 -5.1197e+07
2.9300e-04 5.7477e-01 -3.4524e+02 2.7772e-01 3.0962e+00 3.3739e+00 -5.0581e+07
2.9400e-04 5.7440e-01 -3.9547e+02 3.6440e-01 3.0095e+00 3.3739e+00 -4.9868e+07
2.9500e-04 5.7398e-01 -4.4493e+02 4.6125e-01 2.9126e+00 3.3738e+00 -4.9058e+07
2.9600e-04 5.7351e-01 -4.9354e+02 5.6754e-01 2.8062e+00 3.3738e+00 -4.8154e+07
2.9700e-04 5.7299e-01 -5.4119e+02 6.8243e-01 2.6913e+00 3.3737e+00 -4.7158e+07
2.9800e-04 5.7243e-01 -5.8781e+02 8.0506e-01 2.5686e+00 3.3737e+00 -4.6071e+07
2.9900e-04 5.7182e-01 -6.3329e+02 9.3446e-01 2.4391e+00 3.3736e+00 -4.4894e+07
3.0000e-04 5.7116e-01 -6.7755e+02 1.0697e+00 2.3039e+00 3.3735e+00 -4.3632e+07
3.0100e-04 5.7046e-01 -7.2051e+02 1.2096e+00 2.1639e+00 3.3735e+00 -4.2285e+07
3.0200e-04 5.6972e-01 -7.6208e+02 1.3532e+00 2.0202e+00 3.3734e+00 -4.0858e+07
3.0300e-04 5.6894e-01 -8.0219e+02 1.4994e+00 1.8740e+00 3.3733e+00 -3.9351e+07
3.0400e-04 5.6812e-01 -8.4075e+02 1.6470e+00 1.7263e+00 3.3733e+00 -3.7769e+07
3.0500e-04 5.6726e-01 -8.7769e+02 1.7949e+00 1.5783e+00 3.3732e+00 -3.6114e+07
3.0600e-04 5.6636e-01 -9.1294e+02 1.9420e+00 1.4312e+00 3.3731e+00 -3.4389e+07
3.0700e-04 5.6543e-01 -9.4643e+02 2.0871e+00 1.2860e+00 3.3731e+00 -3.2598e+07
3.0800e-04 5.6447e-01 -9.7810e+02 2.2291e+00 1.1439e+00 3.3730e+00 -3.0745e+07
3.0900e-04 5.6348e-01 -1.0079e+03 2.3669e+00 1.0060e+00 3.3729e+00 -2.8832e+07
3.1000e-04 5.6245e-01 -1.0357e+03 2.4995e+00 8.7333e-01 3.3729e+00 -2.6864e+07
3.1100e-04 5.6140e-01 -1.0616e+03 2.6259e+00 7.4693e-01 3.3728e+00 -2.4844e+07
3.1200e-04 5.6033e-01 -1.0854e+03 2.7450e+00 6.2776e-01 3.3727e+00 -2.2776e+07
3.1300e-04 5.5923e-01 -1.1071e+03 2.8559e+00 5.1675e-01 3.3727e+00 -2.0664e+07
3.1400e-04 5.5812e-01 -1.1267e+03 2.9579e+00 4.1475e-01 3.3726e+00 -1.8513e+07
3.1500e-04 5.5698e-01 -1.1441e+03 3.0500e+00 3.2254e-01 3.3726e+00 -1.6325e+07
3.1600e-04 5.5583e-01 -1.1593e+03 3.1317e+00 2.4083e-01 3.3725e+00 -1.4107e+07
3.1700e-04 5.5466e-01 -1.1723e+03 3.2023e+00 1.7026e-01 3.3725e+00 -1.1861e+07
3.1800e-04 5.5348e-01 -1.1831e+03 3.2611e+00 1.1136e-01 3.3725e+00 -9.5927e+06
3.1900e-04 5.5229e-01 -1.1915e+03 3.3079e+00 6.4591e-02 3.3725e+00 -7.3057e+06
3.2000e-04 5.5110e-01 -1.1977e+03 3.3421e+00 3.0311e-02 3.3724e+00 -5.0046e+06
3.2100e-04 5.4990e-01 -1.2015e+03 3.3637e+00 8.7826e-03 3.3724e+00 -2.6939e+06
3.2200e-04 5.4870e-01 -1.2030e+03 3.3723e+00 1.7294e-04 3.3724e+00 -3.7803e+05
3.2300e-04 5.4749e-01 -1.2023e+03 3.3679e+00 4.5480e-03 3.3724e+00 1.9386e+06
3.2400e-04 5.4629e-01 -1.1992e+03 3.3506e+00 2.1874e-02 3.3724e+00 4.2515e+06
3.2500e-04 5.4509e-01 -1.1938e+03 3.3204e+00 5.2018e-02 3.3725e+00 6.5562e+06
3.2600e-04 5.4390e-01 -1.1861e+03 3.2777e+00 9.4747e-02 3.3725e+00 8.8482e+06
3.2700e-04 5.4272e-01 -1.1761e+03 3.2228e+00 1.4973e-01 3.3725e+00 1.1123e+07
3.2800e-04 5.4155e-01 -1.1638e+03 3.1560e+00 2.1655e-01 3.3725e+00 1.3377e+07
3.2900e-04 5.4039e-01 -1.1493e+03 3.0779e+00 2.9469e-01 3.3726e+00 1.5605e+07
3.3000e-04 5.3925e-01 -1.1326e+03 2.9891e+00 3.8355e-01 3.3726e+00 1.7803e+07
3.3100e-04 5.3813e-01 -1.1138e+03 2.8902e+00 4.8244e-01 3.3727e+00 1.9966e+07
3.3200e-04 5.3703e-01 -1.0927e+03 2.7821e+00 5.9060e-01 3.3727e+00 2.2091e+07
3.3300e-04 5.3594e-01 -1.0696e+03 2.6656e+00 7.0720e-01 3.3728e+00 2.4174e+07
3.3400e-04 5.3489e-01 -1.0444e+03 2.5415e+00 8.3135e-01 3.3728e+00 2.6210e+07
3.3500e-04 5.3386e-01 -1.0172e+03 2.4108e+00 9.6208e-01 3.3729e+00 2.8195e+07
3.3600e-04 5.3285e-01 -9.8803e+02 2.2746e+00 1.0984e+00 3.3730e+00 3.0127e+07
3.3700e-04 5.3188e-01 -9.5697e+02 2.1338e+00 1.2392e+00 3.3730e+00 3.2000e+07
3.3800e-04 5.3094e-01 -9.2406e+02 1.9896e+00 1.3835e+00 3.3731e+00 3.3812e+07
3.3900e-04 5.3003e-01 -8.8938e+02 1.8430e+00 1.5301e+00 3.3732e+00 3.5558e+07
3.4000e-04 5.2916e-01 -8.5298e+02 1.6953e+00 1.6780e+00 3.3732e+00 3.7236e+07
3.4100e-04 5.2833e-01 -8.1494e+02 1.5474e+00 1.8259e+00 3.3733e+00 3.8843e+07
3.4200e-04 5.2753e-01 -7.7533e+02 1.4007e+00 1.9727e+00 3.3734e+00 4.0374e+07
3.4300e-04 5.2677e-01 -7.3423e+02 1.2561e+00 2.1174e+00 3.3735e+00 4.1828e+07
3.4400e-04 5.2606e-01 -6.9172e+02 1.1148e+00 2.2587e+00 3.3735e+00 4.3202e+07
3.4500e-04 5.2539e-01 -6.4787e+02 9.7799e-01 2.3956e+00 3.3736e+00 4.4492e+07
3.4600e-04 5.2477e-01 -6.0278e+02 8.4658e-01 2.5271e+00 3.3737e+00 4.5696e+07
3.4700e-04 5.2419e-01 -5.5652e+02 7.2164e-01 2.6521e+00 3.3737e+00 4.6813e+07
3.4800e-04 5.2365e-01 -5.0920e+02 6.0412e-01 2.7696e+00 3.3738e+00 4.7839e+07
3.4900e-04 5.2317e-01 -4.6089e+02 4.9494e-01 2.8789e+00 3.3738e+00 4.8774e+07
3.5000e-04 5.2273e-01 -4.1170e+02 3.9492e-01 2.9789e+00 3.3739e+00 4.9614e+07
3.5100e-04 5.2234e-01 -3.6171e+02 3.0484e-01 3.0691e+00 3.3739e+00 5.0359e+07
3.5200e-04 5.2201e-01 -3.1103e+02 2.2540e-01 3.1486e+00 3.3739e+00 5.1007e+07
3.5300e-04 5.2172e-01 -2.5974e+02 1.5720e-01 3.2168e+00 3.3740e+00 5.1557e+07
3.5400e-04 5.2149e-01 -2.0796e+02 1.0077e-01 3.2732e+00 3.3740e+00 5.2007e+07
3.5500e-04 5.2131e-01 -1.5578e+02 5.6543e-02 3.3175e+00 3.3740e+00 5.2357e+07
3.5600e-04 5.2118e-01 -1.0330e+02 2.4862e-02 3.3492e+00 3.3740e+00 5.2607e+07
3.5700e-04 5.2110e-01 -5.0617e+01 5.9697e-03 3.3681e+00 3.3741e+00 5.2755e+07
3.5800e-04 5.2108e-01 2.1615e+00 1.0885e-05 3.3740e+00 3.3741e+00 5.2802e+07
3.5900e-04 5.2110e-01 5.4936e+01 7.0318e-03 3.3670e+00 3.3741e+00 5.2747e+07
3.6000e-04 5.2118e-01 1.0760e+02 2.6978e-02 3.3471e+00 3.3740e+00 5.2590e+07
3.6100e-04 5.2132e-01 1.6007e+02 5.9697e-02 3.3143e+00 3.3740e+00 5.2333e+07
3.6200e-04 5.2151e-01 2.1222e+02 1.0494e-01 3.2691e+00 3.3740e+00 5.1974e+07
3.6300e-04 5.2174e-01 2.6396e+02 1.6235e-01 3.2116e+00 3.3740e+00 5.1515e+07
3.6400e-04 5.2203e-01 3.1520e+02 2.3149e-01 3.1425e+00 3.3739e+00 5.0958e+07
3.6500e-04 5.2237e-01 3.6583e+02 3.1183e-01 3.0621e+00 3.3739e+00 5.0302e+07
3.6600e-04 5.2276e-01 4.1576e+02 4.0275e-01 2.9711e+00 3.3739e+00 4.9549e+07
3.6700e-04 5.2321e-01 4.6488e+02 5.0354e-01 2.8703e+00 3.3738e+00 4.8701e+07
3.6800e-04 5.2369e-01 5.1311e+02 6.1345e-01 2.7603e+00 3.3738e+00 4.7759e+07
3.6900e-04 5.2423e-01 5.6035e+02 7.3161e-01 2.6421e+00 3.3737e+00 4.6725e+07
3.7000e-04 5.2482e-01 6.0651e+02 8.5711e-01 2.5165e+00 3.3736e+00 4.5601e+07
3.7100e-04 5.2544e-01 6.5151e+02 9.8900e-01 2.3846e+00 3.3736e+00 4.4389e+07
3.7200e-04 5.2612e-01 6.9525e+02 1.1263e+00 2.2473e+00 3.3735e+00 4.3092e+07
3.7300e-04 5.2683e-01 7.3765e+02 1.2678e+00 2.1056e+00 3.3734e+00 4.1712e+07
3.7400e-04 5.2759e-01 7.7863e+02 1.4126e+00 1.9608e+00 3.3734e+00 4.0252e+07
3.7500e-04 5.2839e-01 8.1812e+02 1.5595e+00 1.8138e+00 3.3733e+00 3.8714e+07
3.7600e-04 5.2923e-01 8.5603e+02 1.7074e+00 1.6659e+00 3.3732e+00 3.7102e+07
3.7700e-04 5.3010e-01 8.9229e+02 1.8551e+00 1.5181e+00 3.3732e+00 3.5418e+07
3.7800e-04 5.3101e-01 9.2683e+02 2.0015e+00 1.3716e+00 3.3731e+00 3.3666e+07
3.7900e-04 5.3196e-01 9.5958e+02 2.1455e+00 1.2276e+00 3.3730e+00 3.1849e+07
3.8000e-04 5.3293e-01 9.9049e+02 2.2859e+00 1.0870e+00 3.3730e+00 2.9971e+07
3.8100e-04 5.3394e-01 1.0195e+03 2.4217e+00 9.5115e-01 3.3729e+00 2.8035e+07
3.8200e-04 5.3497e-01 1.0465e+03 2.5519e+00 8.2092e-01 3.3728e+00 2.6045e+07
3.8300e-04 5.3603e-01 1.0716e+03 2.6754e+00 6.9736e-01 3.3728e+00 2.4005e+07
3.8400e-04 5.3712e-01 1.0945e+03 2.7913e+00 5.8141e-01 3.3727e+00 2.1919e+07
3.8500e-04 5.3822e-01 1.1154e+03 2.8987e+00 4.7398e-01 3.3727e+00 1.9790e+07
3.8600e-04 5.3935e-01 1.1341e+03 2.9967e+00 3.7589e-01 3.3726e+00 1.7624e+07
3.8700e-04 5.4049e-01 1.1506e+03 3.0847e+00 2.8788e-01 3.3726e+00 1.5423e+07
3.8800e-04 5.4165e-01 1.1649e+03 3.1619e+00 2.1065e-01 3.3725e+00 1.3193e+07
3.8900e-04 5.4282e-01 1.1770e+03 3.2277e+00 1.4478e-01 3.3725e+00 1.0938e+07
3.9000e-04 5.4400e-01 1.1868e+03 3.2817e+00 9.0783e-02 3.3725e+00 8.6611e+06
3.9100e-04 5.4519e-01 1.1943e+03 3.3234e+00 4.9073e-02 3.3725e+00 6.3679e+06
3.9200e-04 5.4639e-01 1.1995e+03 3.3525e+00 1.9971e-02 3.3724e+00 4.0623e+06
3.9300e-04 5.4759e-01 1.2024e+03 3.3687e+00 3.7019e-03 3.3724e+00 1.7490e+06
3.9400e-04 5.4879e-01 1.2030e+03 3.3720e+00 3.9009e-04 3.3724e+00 -5.6775e+05
3.9500e-04 5.5000e-01 1.2013e+03 3.3624e+00 1.0061e-02 3.3724e+00 -2.8834e+06
3.9600e-04 5.5120e-01 1.1972e+03 3.3398e+00 3.2641e-02 3.3724e+00 -5.1935e+06
3.9700e-04 5.5239e-01 1.1909e+03 3.3045e+00 6.7956e-02 3.3725e+00 -7.4935e+06
3.9800e-04 5.5358e-01 1.1823e+03 3.2568e+00 1.1573e-01 3.3725e+00 -9.7792e+06
3.9900e-04 5.5476e-01 1.1714e+03 3.1969e+00 1.7561e-01 3.3725e+00 -1.2046e+07
4.0000e-04 5.5592e-01 1.1582e+03 3.1254e+00 2.4711e-01 3.3726e+00 -1.4290e+07
4.0100e-04 5.5707e-01 1.1428e+03 3.0429e+00 3.2970e-01 3.3726e+00 -1.6506e+07
4.0200e-04 5.5821e-01 1.1252e+03 2.9499e+00 4.2274e-01 3.3726e+00 -1.8690e+07
4.0300e-04 5.5932e-01 1.1054e+03 2.8472e+00 5.2551e-01 3.3727e+00 -2.0838e+07
4.0400e-04 5.6042e-01 1.0835e+03 2.7355e+00 6.3723e-01 3.3727e+00 -2.2947e+07
4.0500e-04 5.6149e-01 1.0596e+03 2.6158e+00 7.5702e-01 3.3728e+00 -2.5011e+07
4.0600e-04 5.6254e-01 1.0335e+03 2.4889e+00 8.8397e-01 3.3729e+00 -2.7027e+07
4.0700e-04 5.6356e-01 1.0055e+03 2.3558e+00 1.0171e+00 3.3729e+00 -2.8991e+07
4.0800e-04 5.6455e-01 9.7558e+02 2.2176e+00 1.1554e+00 3.3730e+00 -3.0899e+07
4.0900e-04 5.6551e-01 9.4376e+02 2.0753e+00 1.2978e+00 3.3731e+00 -3.2747e+07
4.1000e-04 5.6644e-01 9.1012e+02 1.9300e+00 1.4432e+00 3.3731e+00 -3.4533e+07
4.1100e-04 5.6733e-01 8.7473e+02 1.7828e+00 1.5904e+00 3.3732e+00 -3.6252e+07
4.1200e-04 5.6819e-01 8.3765e+02 1.6349e+00 1.7384e+00 3.3733e+00 -3.7901e+07
4.1300e-04 5.6900e-01 7.9896e+02 1.4873e+00 1.8860e+00 3.3733e+00 -3.9477e+07
4.1400e-04 5.6978e-01 7.5873e+02 1.3413e+00 2.0321e+00 3.3734e+00 -4.0977e+07
4.1500e-04 5.7052e-01 7.1705e+02 1.1980e+00 2.1755e+00 3.3735e+00 -4.2399e+07
4.1600e-04 5.7122e-01 6.7398e+02 1.0584e+00 2.3152e+00 3.3735e+00 -4.3739e+07
4.1700e-04 5.7187e-01 6.2961e+02 9.2363e-01 2.4500e+00 3.3736e+00 -4.4994e+07
4.1800e-04 5.7248e-01 5.8403e+02 7.9475e-01 2.5789e+00 3.3737e+00 -4.6163e+07
4.1900e-04 5.7304e-01 5.3733e+02 6.7272e-01 2.7010e+00 3.3737e+00 -4.7243e+07
4.2000e-04 5.7355e-01 4.8959e+02 5.5850e-01 2.8153e+00 3.3738e+00 -4.8232e+07
4.2100e-04 5.7402e-01 4.4091e+02 4.5296e-01 2.9209e+00 3.3738e+00 -4.9128e+07
4.2200e-04 5.7443e-01 3.9138e+02 3.5691e-01 3.0170e+00 3.3739e+00 -4.9930e+07
4.2300e-04 5.7480e-01 3.4110e+02 2.7109e-01 3.1028e+00 3.3739e+00 -5.0635e+07
4.2400e-04 5.7512e-01 2.9016e+02 1.9617e-01 3.1778e+00 3.3740e+00 -5.1243e+07
4.2500e-04 5.7538e-01 2.3866e+02 1.3272e-01 3.2413e+00 3.3740e+00 -5.1753e+07
4.2600e-04 5.7559e-01 1.8671e+02 8.1221e-02 3.2928e+00 3.3740e+00 -5.2162e+07
4.2700e-04 5.7575e-01 1.3439e+02 4.2080e-02 3.3320e+00 3.3740e+00 -5.2471e+07
4.2800e-04 5.7586e-01 8.1813e+01 1.5595e-02 3.3585e+00 3.3741e+00 -5.2680e+07
4.2900e-04 5.7592e-01 2.9080e+01 1.9703e-03 3.3721e+00 3.3741e+00 -5.2787e+07
4.3000e-04 5.7592e-01 -2.3710e+01 1.3098e-03 3.3727e+00 3.3741e+00 -5.2792e+07
4.3100e-04 5.7587e-01 -7.6453e+01 1.3619e-02 3.3604e+00 3.3741e+00 -5.2695e+07
4.3200e-04 5.7577e-01 -1.2905e+02 3.8803e-02 3.3352e+00 3.3740e+00 -5.2497e+07
4.3300e-04 5.7561e-01 -1.8140e+02 7.6668e-02 3.2974e+00 3.3740e+00 -5.2198e+07
4.3400e-04 5.7540e-01 -2.3340e+02 1.2692e-01 3.2471e+00 3.3740e+00 -5.1799e+07
4.3500e-04 5.7514e-01 -2.8494e+02 1.8918e-01 3.1848e+00 3.3740e+00 -5.1300e+07
4.3600e-04 5.7483e-01 -3.3595e+02 2.6296e-01 3.1110e+00 3.3739e+00 -5.0702e+07
4.3700e-04 5.7447e-01 -3.8630e+02 3.4770e-01 3.0262e+00 3.3739e+00 -5.0006e+07
4.3800e-04 5.7406e-01 -4.3591e+02 4.4274e-01 2.9311e+00 3.3738e+00 -4.9214e+07
4.3900e-04 5.7360e-01 -4.8468e+02 5.4735e-01 2.8264e+00 3.3738e+00 -4.8327e+07
4.4000e-04 5.7309e-01 -5.3252e+02 6.6073e-01 2.7130e+00 3.3737e+00 -4.7348e+07
4.4100e-04 5.7254e-01 -5.7933e+02 7.8200e-01 2.5917e+00 3.3737e+00 -4.6277e+07
4.4200e-04 5.7193e-01 -6.2503e+02 9.1023e-01 2.4634e+00 3.3736e+00 -4.5117e+07
4.4300e-04 5.7129e-01 -6.6952e+02 1.0444e+00 2.3291e+00 3.3736e+00 -4.3870e+07
4.4400e-04 5.7059e-01 -7.1272e+02 1.1836e+00 2.1899e+00 3.3735e+00 -4.2539e+07
4.4500e-04 5.6986e-01 -7.5456e+02 1.3266e+00 2.0468e+00 3.3734e+00 -4.1126e+07
4.4600e-04 5.6909e-01 -7.9494e+02 1.4724e+00 1.9010e+00 3.3733e+00 -3.9633e+07
4.4700e-04 5.6827e-01 -8.3379e+02 1.6198e+00 1.7535e+00 3.3733e+00 -3.8065e+07
4.4800e-04 5.6742e-01 -8.7103e+02 1.7678e+00 1.6055e+00 3.3732e+00 -3.6423e+07
4.4900e-04 5.6653e-01 -9.0660e+02 1.9151e+00 1.4581e+00 3.3731e+00 -3.4711e+07
4.5000e-04 5.6560e-01 -9.4042e+02 2.0606e+00 1.3124e+00 3.3731e+00 -3.2932e+07
4.5100e-04 5.6465e-01 -9.7243e+02 2.2033e+00 1.1697e+00 3.3730e+00 -3.1089e+07
4.5200e-04 5.6366e-01 -1.0026e+03 2.3420e+00 1.0310e+00 3.3729e+00 -2.9187e+07
4.5300e-04 5.6264e-01 -1.0308e+03 2.4756e+00 8.9725e-01 3.3729e+00 -2.7229e+07
4.5400e-04 5.6160e-01 -1.0570e+03 2.6032e+00 7.6962e-01 3.3728e+00 -2.5218e+07
4.5500e-04 5.6053e-01 -1.0812e+03 2.7237e+00 6.4906e-01 3.3727e+00 -2.3159e+07
4.5600e-04 5.5944e-01 -1.1033e+03 2.8362e+00 5.3649e-01 3.3727e+00 -2.1055e+07
4.5700e-04 5.5832e-01 -1.1233e+03 2.9399e+00 4.3277e-01 3.3726e+00 -1.8910e+07
4.5800e-04 5.5719e-01 -1.1411e+03 3.0339e+00 3.3870e-01 3.3726e+00 -1.6730e+07
4.5900e-04 5.5604e-01 -1.1567e+03 3.1175e+00 2.5502e-01 3.3726e+00 -1.4516e+07
4.6000e-04 5.5488e-01 -1.1701e+03 3.1902e+00 1.8236e-01 3.3725e+00 -1.2275e+07
4.6100e-04 5.5370e-01 -1.1813e+03 3.2512e+00 1.2128e-01 3.3725e+00 -1.0011e+07
4.6200e-04 5.5251e-01 -1.1901e+03 3.3002e+00 7.2253e-02 3.3725e+00 -7.7268e+06
4.6300e-04 5.5132e-01 -1.1967e+03 3.3368e+00 3.5656e-02 3.3725e+00 -5.4280e+06
4.6400e-04 5.5012e-01 -1.2010e+03 3.3607e+00 1.1771e-02 3.3724e+00 -3.1187e+06
4.6500e-04 5.4892e-01 -1.2029e+03 3.3717e+00 7.8125e-04 3.3724e+00 -8.0347e+05
4.6600e-04 5.4771e-01 -1.2026e+03 3.3697e+00 2.7716e-03 3.3724e+00 1.5133e+06
4.6700e-04 5.4651e-01 -1.1999e+03 3.3547e+00 1.7727e-02 3.3724e+00 3.8273e+06
4.6800e-04 5.4531e-01 -1.1949e+03 3.3269e+00 4.5531e-02 3.3725e+00 6.1338e+06
4.6900e-04 5.4412e-01 -1.1877e+03 3.2865e+00 8.5972e-02 3.3725e+00 8.4285e+06
4.7000e-04 5.4294e-01 -1.1781e+03 3.2338e+00 1.3874e-01 3.3725e+00 1.0707e+07
4.7100e-04 5.4177e-01 -1.1662e+03 3.1691e+00 2.0342e-01 3.3725e+00 1.2965e+07
4.7200e-04 5.4061e-01 -1.1522e+03 3.0930e+00 2.7952e-01 3.3726e+00 1.5198e+07
4.7300e-04 5.3946e-01 -1.1359e+03 3.0062e+00 3.6646e-01 3.3726e+00 1.7401e+07
4.7400e-04 5.3833e-01 -1.1174e+03 2.9091e+00 4.6356e-01 3.3727e+00 1.9572e+07
4.7500e-04 5.3723e-01 -1.0967e+03 2.8026e+00 5.7008e-01 3.3727e+00 2.1704e+07
4.7600e-04 5.3614e-01 -1.0740e+03 2.6876e+00 6.8520e-01 3.3728e+00 2.3795e+07
4.7700e-04 5.3508e-01 -1.0492e+03 2.5648e+00 8.0803e-01 3.3728e+00 2.5840e+07
4.7800e-04 5.3404e-01 -1.0223e+03 2.4353e+00 9.3762e-01 3.3729e+00 2.7835e+07
4.7900e-04 5.3303e-01 -9.9353e+02 2.3000e+00 1.0730e+00 3.3730e+00 2.9776e+07
4.8000e-04 5.3206e-01 -9.6281e+02 2.1599e+00 1.2131e+00 3.3730e+00 3.1661e+07
4.8100e-04 5.3111e-01 -9.3024e+02 2.0163e+00 1.3568e+00 3.3731e+00 3.3484e+07
4.8200e-04 5.3020e-01 -8.9588e+02 1.8701e+00 1.5031e+00 3.3732e+00 3.5243e+07
4.8300e-04 5.2932e-01 -8.5979e+02 1.7224e+00 1.6508e+00 3.3732e+00 3.6934e+07
4.8400e-04 5.2848e-01 -8.2205e+02 1.5745e+00 1.7988e+00 3.3733e+00 3.8553e+07
4.8500e-04 5.2767e-01 -7.8272e+02 1.4275e+00 1.9459e+00 3.3734e+00 4.0099e+07
4.8600e-04 5.2691e-01 -7.4189e+02 1.2824e+00 2.0910e+00 3.3734e+00 4.1567e+07
4.8700e-04 5.2619e-01 -6.9963e+02 1.1405e+00 2.2330e+00 3.3735e+00 4.2956e+07
4.8800e-04 5.2551e-01 -6.5602e+02 1.0027e+00 2.3708e+00 3.3736e+00 4.4261e+07
4.8900e-04 5.2488e-01 -6.1115e+02 8.7026e-01 2.5034e+00 3.3736e+00 4.5482e+07
4.9000e-04 5.2429e-01 -5.6510e+02 7.4405e-01 2.6296e+00 3.3737e+00 4.6615e+07
4.9100e-04 5.2375e-01 -5.1796e+02 6.2510e-01 2.7487e+00 3.3738e+00 4.7658e+07
4.9200e-04 5.2325e-01 -4.6983e+02 5.1432e-01 2.8595e+00 3.3738e+00 4.8609e+07
4.9300e-04 5.2281e-01 -4.2079e+02 4.1256e-01 2.9613e+00 3.3739e+00 4.9467e+07
4.9400e-04 5.2241e-01 -3.7094e+02 3.2060e-01 3.0533e+00 3.3739e+00 5.0229e+07
4.9500e-04 5.2207e-01 -3.2038e+02 2.3916e-01 3.1348e+00 3.3739e+00 5.0895e+07
4.9600e-04 5.2177e-01 -2.6920e+02 1.6885e-01 3.2051e+00 3.3740e+00 5.1463e+07
4.9700e-04 5.2153e-01 -2.1750e+02 1.1023e-01 3.2638e+00 3.3740e+00 5.1932e+07
4.9800e-04 5.2134e-01 -1.6539e+02 6.3733e-02 3.3103e+00 3.3740e+00 5.2301e+07
4.9900e-04 5.2120e-01 -1.1295e+02 2.9727e-02 3.3443e+00 3.3740e+00 5.2569e+07
5.0000e-04 5.2111e-01 -6.0301e+01 8.4723e-03 3.3656e+00 3.3741e+00 5.2736e+07
5.0100e-04 5.2108e-01 -7.5326e+00 1.3220e-04 3.3739e+00 3.3741e+00 5.2801e+07
5.0200e-04 5.2109e-01 4.5250e+01 4.7709e-03 3.3693e+00 3.3741e+00 5.2765e+07
5.0300e-04 5.2117e-01 9.7946e+01 2.2353e-02 3.3517e+00 3.3740e+00 5.2627e+07
5.0400e-04 5.2129e-01 1.5045e+02 5.2742e-02 3.3213e+00 3.3740e+00 5.2387e+07
5.0500e-04 5.2147e-01 2.0267e+02 9.5705e-02 3.2783e+00 3.3740e+00 5.2047e+07
5.0600e-04 5.2170e-01 2.5450e+02 1.5091e-01 3.2231e+00 3.3740e+00 5.1607e+07
5.0700e-04 5.2198e-01 3.0583e+02 2.1794e-01 3.1560e+00 3.3740e+00 5.1067e+07
5.0800e-04 5.2231e-01 3.5658e+02 2.9626e-01 3.0777e+00 3.3739e+00 5.0429e+07
5.0900e-04 5.2269e-01 4.0664e+02 3.8529e-01 2.9886e+00 3.3739e+00 4.9694e+07
5.1000e-04 5.2312e-01 4.5592e+02 4.8433e-01 2.8895e+00 3.3738e+00 4.8864e+07
5.1100e-04 5.2360e-01 5.0432e+02 5.9262e-01 2.7812e+00 3.3738e+00 4.7939e+07
5.1200e-04 5.2413e-01 5.5175e+02 7.0933e-01 2.6644e+00 3.3737e+00 4.6922e+07
5.1300e-04 5.2470e-01 5.9812e+02 8.3356e-01 2.5401e+00 3.3737e+00 4.5814e+07
5.1400e-04 5.2533e-01 6.4334e+02 9.6435e-01 2.4092e+00 3.3736e+00 4.4618e+07
5.1500e-04 5.2599e-01 6.8732e+02 1.1007e+00 2.2728e+00 3.3735e+00 4.3337e+07
5.1600e-04 5.2670e-01 7.2997e+02 1.2416e+00 2.1319e+00 3.3735e+00 4.1972e+07
5.1700e-04 5.2745e-01 7.7122e+02 1.3858e+00 1.9876e+00 3.3734e+00 4.0526e+07
5.1800e-04 5.2824e-01 8.1098e+02 1.5324e+00 1.8409e+00 3.3733e+00 3.9002e+07
5.1900e-04 5.2907e-01 8.4919e+02 1.6802e+00 1.6930e+00 3.3732e+00 3.7403e+07
5.2000e-04 5.2994e-01 8.8575e+02 1.8280e+00 1.5452e+00 3.3732e+00 3.5732e+07
5.2100e-04 5.3084e-01 9.2062e+02 1.9748e+00 1.3984e+00 3.3731e+00 3.3992e+07
5.2200e-04 5.3178e-01 9.5371e+02 2.1193e+00 1.2538e+00 3.3730e+00 3.2187e+07
5.2300e-04 5.3275e-01 9.8496e+02 2.2604e+00 1.1125e+00 3.3730e+00 3.0320e+07
5.2400e-04 5.3375e-01 1.0143e+03 2.3972e+00 9.7571e-01 3.3729e+00 2.8394e+07
5.2500e-04 5.3478e-01 1.0417e+03 2.5285e+00 8.4436e-01 3.3728e+00 2.6414e+07
5.2600e-04 5.3584e-01 1.0671e+03 2.6533e+00 7.1950e-01 3.3728e+00 2.4383e+07
5.2700e-04 5.3691e-01 1.0905e+03 2.7706e+00 6.0209e-01 3.3727e+00 2.2305e+07
5.2800e-04 5.3802e-01 1.1117e+03 2.8796e+00 4.9303e-01 3.3727e+00 2.0184e+07
5.2900e-04 5.3914e-01 1.1308e+03 2.9795e+00 3.9316e-01 3.3726e+00 1.8024e+07
5.3000e-04 5.4028e-01 1.1477e+03 3.0693e+00 3.0325e-01 3.3726e+00 1.5830e+07
5.3100e-04 5.4143e-01 1.1625e+03 3.1485e+00 2.2400e-01 3.3725e+00 1.3605e+07
5.3200e-04 5.4260e-01 1.1749e+03 3.2165e+00 1.5600e-01 3.3725e+00 1.1354e+07
5.3300e-04 5.4378e-01 1.1852e+03 3.2727e+00 9.9788e-02 3.3725e+00 9.0806e+06
5.3400e-04 5.4497e-01 1.1931e+03 3.3167e+00 5.5795e-02 3.3725e+00 6.7900e+06
5.3500e-04 5.4617e-01 1.1987e+03 3.3481e+00 2.4358e-02 3.3724e+00 4.4864e+06
5.3600e-04 5.4737e-01 1.2021e+03 3.3667e+00 5.7204e-03 3.3724e+00 2.1741e+06
5.3700e-04 5.4857e-01 1.2031e+03 3.3724e+00 2.4504e-05 3.3724e+00 -1.4230e+05
5.3800e-04 5.4978e-01 1.2018e+03 3.3651e+00 7.3144e-03 3.3724e+00 -2.4585e+06
5.3900e-04 5.5098e-01 1.1982e+03 3.3449e+00 2.7534e-02 3.3724e+00 -4.7699e+06
5.4000e-04 5.5217e-01 1.1922e+03 3.3119e+00 6.0528e-02 3.3725e+00 -7.0721e+06
5.4100e-04 5.5336e-01 1.1840e+03 3.2664e+00 1.0604e-01 3.3725e+00 -9.3608e+06
5.4200e-04 5.5454e-01 1.1735e+03 3.2088e+00 1.6373e-01 3.3725e+00 -1.1631e+07
5.4300e-04 5.5571e-01 1.1608e+03 3.1394e+00 2.3313e-01 3.3725e+00 -1.3880e+07
5.4400e-04 5.5686e-01 1.1458e+03 3.0588e+00 3.1374e-01 3.3726e+00 -1.6101e+07
5.4500e-04 5.5800e-01 1.1286e+03 2.9677e+00 4.0491e-01 3.3726e+00 -1.8292e+07
5.4600e-04 5.5912e-01 1.1092e+03 2.8667e+00 5.0595e-01 3.3727e+00 -2.0447e+07
5.4700e-04 5.6022e-01 1.0877e+03 2.7566e+00 6.1608e-01 3.3727e+00 -2.2563e+07
5.4800e-04 5.6130e-01 1.0641e+03 2.6383e+00 7.3446e-01 3.3728e+00 -2.4635e+07
5.4900e-04 5.6235e-01 1.0385e+03 2.5127e+00 8.6017e-01 3.3728e+00 -2.6660e+07
5.5000e-04 5.6337e-01 1.0108e+03 2.3807e+00 9.9224e-01 3.3729e+00 -2.8634e+07
5.5100e-04 5.6437e-01 9.8122e+02 2.2433e+00 1.1297e+00 3.3730e+00 -3.0553e+07
5.5200e-04 5.6533e-01 9.4974e+02 2.1017e+00 1.2714e+00 3.3730e+00 -3.2412e+07
5.5300e-04 5.6627e-01 9.1643e+02 1.9568e+00 1.4163e+00 3.3731e+00 -3.4210e+07
5.5400e-04 5.6717e-01 8.8135e+02 1.8099e+00 1.5633e+00 3.3732e+00 -3.5941e+07
5.5500e-04 5.6803e-01 8.4458e+02 1.6620e+00 1.7112e+00 3.3733e+00 -3.7603e+07
5.5600e-04 5.6886e-01 8.0618e+02 1.5143e+00 1.8590e+00 3.3733e+00 -3.9193e+07
5.5700e-04 5.6964e-01 7.6623e+02 1.3680e+00 2.0054e+00 3.3734e+00 -4.0708e+07
5.5800e-04 5.7039e-01 7.2481e+02 1.2241e+00 2.1494e+00 3.3735e+00 -4.2144e+07
5.5900e-04 5.7109e-01 6.8198e+02 1.0837e+00 2.2898e+00 3.3735e+00 -4.3499e+07
5.6000e-04 5.7175e-01 6.3785e+02 9.4797e-01 2.4256e+00 3.3736e+00 -4.4770e+07
5.6100e-04 5.7237e-01 5.9249e+02 8.1793e-01 2.5557e+00 3.3737e+00 -4.5955e+07
5.6200e-04 5.7294e-01 5.4598e+02 6.9457e-01 2.6792e+00 3.3737e+00 -4.7051e+07
5.6300e-04 5.7346e-01 4.9843e+02 5.7885e-01 2.7949e+00 3.3738e+00 -4.8057e+07
5.6400e-04 5.7394e-01 4.4992e+02 4.7165e-01 2.9022e+00 3.3738e+00 -4.8971e+07
5.6500e-04 5.7436e-01 4.0054e+02 3.7380e-01 3.0001e+00 3.3739e+00 -4.9790e+07
5.6600e-04 5.7474e-01 3.5038e+02 2.8605e-01 3.0879e+00 3.3739e+00 -5.0513e+07
5.6700e-04 5.7506e-01 2.9956e+02 2.0908e-01 3.1649e+00 3.3740e+00 -5.1139e+07
5.6800e-04 5.7534e-01 2.4816e+02 1.4348e-01 3.2305e+00 3.3740e+00 -5.1666e+07
5.6900e-04 5.7556e-01 1.9628e+02 8.9761e-02 3.2843e+00 3.3740e+00 -5.2095e+07
5.7000e-04 5.7573e-01 1.4402e+02 4.8326e-02 3.3257e+00 3.3740e+00 -5.2422e+07
5.7100e-04 5.7585e-01 9.1482e+01 1.9499e-02 3.3545e+00 3.3740e+00 -5.2649e+07
5.7200e-04 5.7591e-01 3.8770e+01 3.5022e-03 3.3706e+00 3.3741e+00 -5.2775e+07
